0.0070903102578283 0.0014169531068847 -0.0012384203830002 0.00099942499018936 -0.00083231288344293 0.00071608693042263 -0.00062992952734628 0.00056271914193464 -0.00050900118385489 0.00046445357243518
0.0014169531068847 0.0068244968928711 -6.0738684824447e-05 -0.00049314469260289 0.0004674700220026 -0.00041491096047933 0.00037186739277192 -0.00033890759094604 0.00030963368782847 -0.00029227964792545
-0.0012384203830002 -6.0738684824448e-05 0.0062808470211894 -0.00059438173248276 -0.0002625955092162 0.00030174511075078 -0.00029821880660071 0.00027910128690255 -0.00027187653621087 0.00021610973421364
0.00099942499018936 -0.00049314469260289 -0.00059438173248276 0.0057167997284722 -0.000911804359442 -0.00011875250538023 0.00017003765478305 -0.00021298821539575 0.00016994816114667 -0.00025822483096784
-0.00083231288344293 0.0004674700220026 -0.0002625955092162 -0.000911804359442 0.0052095219054453 -0.0010976082741985 -4.1182780997391e-05 2.3181297390049e-05 -0.00019498167765744 0.00030728201402455
0.00071608693042263 -0.00041491096047933 0.00030174511075078 -0.00011875250538023 -0.0010976082741985 0.0047972872475636 -0.0012262438631053 -7.9473205473694e-05 8.1444995516944e-05 0.0007417828140039
-0.00062992952734628 0.00037186739277192 -0.00029821880660071 0.00017003765478305 -4.1182780997391e-05 -0.0012262438631053 0.004442645597181 -0.001124170879362 0.00070217075952543 0.00055740863522672
0.00056271914193464 -0.00033890759094604 0.00027910128690255 -0.00021298821539575 2.3181297390048e-05 -7.9473205473693e-05 -0.001124170879362 0.0050759304851088 -0.00051707883105293 -0.0014389458855249
-0.00050900118385489 0.00030963368782848 -0.00027187653621087 0.00016994816114667 -0.00019498167765744 8.1444995516944e-05 0.00070217075952543 -0.00051707883105293 0.003100358514928 -0.0032698559344637
0.00046445357243517 -0.00029227964792545 0.00021610973421364 -0.00025822483096784 0.00030728201402455 0.0007417828140039 0.00055740863522672 -0.0014389458855249 -0.0032698559344637 0.0052006197299958
