-0.0061249851702889 -0.0015795945399243 0.0014417611596457 -0.0012699832657773 0.0011481976576893 -0.0010716314443394 0.0010213463852502 -0.00098789407593452 0.00096387511947811 -0.00095008374374075
-0.0015795945399243 -0.0063479266857632 -0.00026593083235171 0.00076829569353336 -0.00079370795084068 0.00076686525898575 -0.00075102817110259 0.00073911190344859 -0.00073873028086424 0.00072753103012207
0.0014417611596457 -0.00026593083235171 -0.005944222552124 0.00018420113858491 0.00061833579536629 -0.00071678213963362 0.00073148692113406 -0.00074699278011884 0.00074528826667608 -0.00078432727975975
-0.0012699832657773 0.00076829569353336 0.00018420113858491 -0.0053844717051206 0.00043958219575959 0.00054627358091357 -0.00067399765333672 0.00071767361433432 -0.00077180311759283 0.00069320823135844
0.0011481976576893 -0.00079370795084068 0.00061833579536629 0.00043958219575959 -0.0048247039457447 0.00056378894277548 0.00052801564855361 -0.00065507302787038 0.00065339216554262 -0.00093670949614799
-0.0010716314443394 0.00076686525898575 -0.00071678213963362 0.00054627358091357 0.00056378894277548 -0.0043406518376359 0.000586558885996 0.00050359651640985 -0.00078642480648794 0.00076807961385215
0.0010213463852502 -0.00075102817110259 0.00073148692113406 -0.00067399765333672 0.00052801564855361 0.000586558885996 -0.0040205942413617 0.00039798064216174 0.00064112973094115 0.00037872836533363
-0.00098789407593452 0.00073911190344859 -0.00074699278011884 0.00071767361433433 -0.00065507302787038 0.00050359651640985 0.00039798064216174 -0.0037357368144482 0.0013627139076361 0.0023218002218339
0.00096387511947811 -0.00073873028086424 0.00074528826667608 -0.00077180311759283 0.00065339216554262 -0.00078642480648794 0.00064112973094115 0.0013627139076361 -0.0021245122633137 -5.8669256641644e-05
-0.00095008374374075 0.00072753103012207 -0.00078432727975975 0.00069320823135844 -0.00093670949614799 0.00076807961385215 0.00037872836533363 0.0023218002218339 -5.8669256641644e-05 -0.0058595265799465
