0.0023653623044398 -0.00054242357025138 0.00089826619253143 -0.0012959572611273 0.0012834163767318 -0.0016754203933295 0.0014754785805164 -0.0019473005306611 0.0015672060981321 -0.0021949152000523
-0.00054242357025138 0.0068214348331305 -0.0017322573686457 0.0014744010340758 -0.0022387494421478 0.0018262825544266 -0.0028067098783177 0.0020317158188805 -0.0033084073845996 0.0020743397747771
0.00089826619253142 -0.0017322573686457 0.0084094235525074 -0.0031522740286547 0.0023241582101252 -0.0032447787696785 0.0025496292327512 -0.0038157632736239 0.0026940447333276 -0.004405414800633
-0.0012959572611273 0.0014744010340758 -0.0031522740286547 0.0090385274501205 -0.0042428391771384 0.0031961795384427 -0.0039479775982951 0.003370160370376 -0.0044433566725777 0.0035004057427407
0.0012834163767318 -0.0022387494421478 0.0023241582101252 -0.0042428391771384 0.0091499600081891 -0.0051123204221506 0.0037638030717315 -0.0046075478333672 0.0038194551980549 -0.005141257069712
-0.0016754203933295 0.0018262825544266 -0.0032447787696785 0.0031961795384427 -0.0051123204221506 0.0094034011919172 -0.0057641298703278 0.0045724667392045 -0.0051076131954507 0.0046005176961388
0.0014754785805164 -0.0028067098783178 0.0025496292327512 -0.0039479775982951 0.0037638030717315 -0.0057641298703278 0.0093541031154201 -0.006311172802371 0.0048809549985624 -0.0058036208992563
-0.0019473005306611 0.0020317158188805 -0.0038157632736239 0.003370160370376 -0.0046075478333672 0.0045724667392045 -0.006311172802371 0.0097772365651272 -0.0067988684610251 0.0053189560927267
0.0015672060981321 -0.0033084073845996 0.0026940447333276 -0.0044433566725777 0.0038194551980549 -0.0051076131954507 0.0048809549985624 -0.0067988684610251 0.009487939130885 -0.0074093004125021
-0.0021949152000523 0.0020743397747771 -0.004405414800633 0.0035004057427407 -0.005141257069712 0.0046005176961388 -0.0058036208992563 0.0053189560927267 -0.0074093004125021 0.011553519622938
