0.0061791961254572 0.00058416772141605 -9.3981236221068e-05 -0.00015954060644096 0.00033745062469804 -0.00047595224500738 0.00059026068458416 -0.00068876584631407 0.0007762475462027 -0.00085531227380033
0.00058416772141605 0.005838597701351 -0.00030079665106311 0.00036366410994513 -0.00043364841917857 0.0005036167710847 -0.00056861244943544 0.00062818050059434 -0.00068312381780063 0.00073470029568609
-9.3981236221068e-05 -0.00030079665106311 0.0053319112978507 -0.0007516636360129 0.00066430321330209 -0.00067134023640189 0.00070846706543504 -0.00075387674844079 0.00080080017401066 -0.00084716114305921
-0.00015954060644096 0.00036366410994513 -0.0007516636360129 0.0047827930416048 -0.0010792694519709 0.00091783670538221 -0.00088873853629043 0.00090472363649103 -0.00093738455278613 0.00097593840428361
0.00033745062469804 -0.00043364841917857 0.00066430321330209 -0.0010792694519709 0.0042922924805506 -0.0013270644520609 0.0011358968267688 -0.001087911912093 0.0010902575337867 -0.001114397201232
-0.00047595224500738 0.0005036167710847 -0.00067134023640189 0.00091783670538221 -0.0013270644520609 0.0038939809344795 -0.001519934329811 0.0013256131049593 -0.0012707756539062 0.0012650150308798
0.00059026068458416 -0.00056861244943544 0.00070846706543504 -0.00088873853629043 0.0011358968267688 -0.001519934329811 0.0035894479683123 -0.0016763166651999 0.0014931615194307 -0.0014397782194274
-0.00068876584631407 0.00062818050059434 -0.00075387674844079 0.00090472363649103 -0.001087911912093 0.0013256131049593 -0.0016763166651999 0.0033672223698592 -0.0018099350059087 0.0016440321260774
0.0007762475462027 -0.00068312381780063 0.00080080017401066 -0.00093738455278613 0.0010902575337867 -0.0012707756539062 0.0014931615194307 -0.0018099350059087 0.0032122950271212 -0.0019303923218642
-0.00085531227380033 0.00073470029568609 -0.00084716114305921 0.00097593840428361 -0.001114397201232 0.0012650150308798 -0.0014397782194274 0.0016440321260774 -0.0019303923218642 0.0031105574008288
