-0.0052234801512602 -0.0016644663891986 0.0012651093003262 -0.0010810231796439 0.00097928739704555 -0.00094788095905053 0.00088325767396468 -0.00043454130850787 0.0014653259834518 -0.0030507865128684
-0.0016644663891986 -0.0058119993552592 -0.00065561502700673 0.00071044087994109 -0.00069572516682482 0.00058608138433267 -0.0001283337764597 0.0025229811126732 -0.0014193406200002 -0.0068268069006811
0.0012651093003262 -0.00065561502700673 -0.0055260096024112 -0.0004290848869532 0.00058061132299384 -0.0001634024435526 0.0026482195305088 0.00010443686875219 -0.005151183452314 -0.004975014647229
-0.0010810231796439 0.00071044087994109 -0.0004290848869532 -0.0052681891426525 4.2981766571085e-05 0.0026364485050157 0.00077278659452347 -0.0034180850595775 -0.0046663258609138 0.0028570472646868
0.00097928739704555 -0.00069572516682482 0.00058061132299384 4.2981766571084e-05 -0.0032356104001348 0.0010378522881707 -0.0020948640607324 -0.0036959262810161 0.0021463842401388 -0.0015092026619142
-0.00094788095905053 0.00058608138433267 -0.0001634024435526 0.0026364485050157 0.0010378522881707 -0.0081201518002109 -0.0034646285290809 0.0028931934337382 -0.0010400021147354 0.00015965120480857
0.00088325767396468 -0.0001283337764597 0.0026482195305088 0.00077278659452347 -0.0020948640607324 -0.0034646285290809 -0.0047593579747563 -0.0016159794206875 0.0020729486679773 0.0015112880205489
-0.00043454130850787 0.0025229811126732 0.00010443686875219 -0.0034180850595775 -0.0036959262810161 0.0028931934337382 -0.0016159794206875 -0.007896846652094 0.00024924464843862 0.002552210625197
0.0014653259834518 -0.0014193406200002 -0.005151183452314 -0.0046663258609138 0.0021463842401388 -0.0010400021147354 0.0020729486679773 0.00024924464843862 -0.01116227116774 -0.0019778260464122
-0.0030507865128684 -0.0068268069006811 -0.004975014647229 0.0028570472646868 -0.0015092026619142 0.00015965120480857 0.0015112880205489 0.002552210625197 -0.0019778260464122 -0.01381646458539
