0.0023022670152237 -0.00051034387779474 0.00079782157351373 -0.0014865924710955 0.001096658595616 -0.0020107492677374 0.001049511668256 -0.0027002062637036 0.00013343047783009 -0.0050755105997427
-0.00051034387779474 0.0065522418363461 -0.0018202204864389 0.0010985317192068 -0.0028897640497641 0.0011460242358075 -0.0040636523261157 -1.2714026143574e-05 -0.007546006612578 -0.0031452177749351
0.00079782157351373 -0.0018202204864389 0.007869830192934 -0.0032227289671878 0.0016355384878816 -0.0042938409404147 0.00090604359887236 -0.0071128057354898 -0.0014066055646159 -0.0038960092221356
-0.0014865924710955 0.0010985317192068 -0.0032227289671878 0.0085698405320501 -0.0042443800385673 0.0021941824776659 -0.0061092489317475 0.0011368470358464 -0.0027843513311255 0.010872043533713
0.001096658595616 -0.0028897640497641 0.0016355384878816 -0.0042443800385673 0.0083690562690291 -0.0057845518356033 0.0017554032751408 -0.0032645165045003 0.0091553431046196 -0.0042190975001752
-0.0020107492677374 0.0011460242358075 -0.0042938409404147 0.0021941824776659 -0.0057845518356033 0.0089867314666422 -0.0025472814731326 0.010092643575921 -0.002841881123852 0.0044509803016563
0.001049511668256 -0.0040636523261157 0.00090604359887237 -0.0061092489317475 0.0017554032751408 -0.0025472814731326 0.016394290410967 -0.0017072962937197 0.004119509520636 -0.0037368765902175
-0.0027002062637036 -1.2714026143575e-05 -0.0071128057354898 0.0011368470358464 -0.0032645165045003 0.010092643575921 -0.0017072962937197 0.014898289494353 0.0010988119195883 0.0073325387860384
0.00013343047783009 -0.007546006612578 -0.0014066055646159 -0.0027843513311255 0.0091553431046195 -0.002841881123852 0.004119509520636 0.0010988119195883 0.019057009735963 -0.00077517585069361
-0.0050755105997427 -0.0031452177749351 -0.0038960092221356 0.010872043533713 -0.0042190975001752 0.0044509803016563 -0.0037368765902175 0.0073325387860385 -0.00077517585069361 0.027782516889927
