0.0055207217979246 0.0012925511858248 -0.00089736545996614 0.00071194416203493 -0.00059142347044242 0.00050820574439784 -0.00044728344034312 0.00040013853012767 -0.00036230467893621 0.0003310923245244
0.0012925511858248 0.0054758320297069 0.00023148306904559 -0.00028548254154358 0.00028537622947516 -0.00025943360170303 0.00023532995163987 -0.00021593666341343 0.00019874949350729 -0.00018365948924205
-0.00089736545996614 0.00023148306904559 0.0048828409461547 -0.00014187273754675 -7.5247164202313e-05 0.00015026847759397 -0.00016066668960154 0.00015626414356227 -0.0001510882263536 0.00014346831796716
0.00071194416203493 -0.00028548254154358 -0.00014187273754675 0.0042292771236094 -0.00036860958380654 6.792230102485e-05 5.035998532142e-05 -8.6354081284999e-05 9.5249047583177e-05 -0.000100927301318
-0.00059142347044242 0.00028537622947516 -7.5247164202312e-05 -0.00036860958380654 0.0036265869376645 -0.00050732797121388 0.00016941337753018 -2.8857476709132e-05 -2.6041077385421e-05 4.4371985911565e-05
0.00050820574439784 -0.00025943360170303 0.00015026847759397 6.7922301024851e-05 -0.00050732797121388 0.0031131834400284 -0.0005862238263689 0.00023917545518588 -9.1228059674088e-05 2.2479151069693e-05
-0.00044728344034312 0.00023532995163987 -0.00016066668960154 5.035998532142e-05 0.00016941337753018 -0.0005862238263689 0.0026926103101536 -0.00062384308779039 0.00028384192902125 -0.00014021588294966
0.00040013853012767 -0.00021593666341344 0.00015626414356227 -8.6354081284999e-05 -2.8857476709132e-05 0.00023917545518588 -0.00062384308779039 0.0023546628135954 -0.00063431990813532 0.00030880506845093
-0.00036230467893621 0.00019874949350729 -0.0001510882263536 9.5249047583177e-05 -2.604107738542e-05 -9.1228059674088e-05 0.00028384192902125 -0.00063431990813532 0.0020857528542651 -0.00062903566989554
0.0003310923245244 -0.00018365948924205 0.00014346831796716 -0.000100927301318 4.4371985911565e-05 2.2479151069693e-05 -0.00014021588294966 0.00030880506845093 -0.00062903566989554 0.0018713838297187
