-0.0049183326126361 -0.0015785793152682 0.001166468136623 -0.0010098030754074 0.00092787862933472 -0.00088120317722503 0.00085439153615607 -0.00083924860804661 0.00083118419919122 -0.00082795938198514
-0.0015785793152682 -0.0053355102028254 -0.00060396929046358 0.00060185692609446 -0.00060388914016965 0.00060537883459125 -0.00060885360767297 0.00061479955115794 -0.00062232811511623 0.00063045128606478
0.001166468136623 -0.00060396929046358 -0.0047809863511726 -0.00030715331845762 0.00046910222697118 -0.00054051038030969 0.0005797839232152 -0.0006058381967894 0.00062755914732121 -0.00064628659958793
-0.0010098030754074 0.00060185692609446 -0.00030715331845762 -0.0040528500955428 -0.00015103257792966 0.00040198160448802 -0.00051459956391292 0.00058023522910395 -0.00062196942016099 0.0006555093747102
0.00092787862933472 -0.00060388914016965 0.00046910222697118 -0.00015103257792966 -0.0033305686724352 -8.4058457876545e-05 0.00037538725042527 -0.00050993463894478 0.0005941150005672 -0.00064692854431895
-0.00088120317722503 0.00060537883459125 -0.00054051038030969 0.00040198160448802 -8.4058457876544e-05 -0.0026851800073329 -7.9514962311797e-05 0.00037972298173502 -0.0005221261575371 0.00061908645449033
0.00085439153615607 -0.00060885360767297 0.0005797839232152 -0.00051459956391292 0.00037538725042527 -7.9514962311797e-05 -0.002135505330827 -0.00011812781950221 0.00040863248705144 -0.00054819197016484
-0.00083924860804661 0.00061479955115794 -0.0006058381967894 0.00058023522910395 -0.00050993463894478 0.00037972298173502 -0.00011812781950221 -0.0016774509696877 -0.00018525870372814 0.00045622110739431
0.00083118419919122 -0.00062232811511624 0.00062755914732121 -0.00062196942016099 0.0005941150005672 -0.0005221261575371 0.00040863248705144 -0.00018525870372814 -0.0012994383244681 -0.00027080335362208
-0.00082795938198514 0.00063045128606478 -0.00064628659958793 0.0006555093747102 -0.00064692854431895 0.00061908645449032 -0.00054819197016484 0.00045622110739431 -0.00027080335362208 -0.00099056149532588
