0.0053451294863353 0.0013012038416392 -0.00086172982324091 0.00067171100253015 -0.00055675708977262 0.00047841865801119 -0.00042137149228592 0.00037742292484567 -0.0003420647302625 0.00031284461144391
0.0013012038416392 0.0053636620000346 0.00028958491182143 -0.00027670079115665 0.000256131962224 -0.00023378801045601 0.0002135607269901 -0.0001965159735333 0.00018182579185071 -0.00016878610812092
-0.00086172982324091 0.00028958491182143 0.0047617249439307 -6.4467320495409e-05 -7.7463359573337e-05 0.00012139499357405 -0.00013389653674752 0.00013424026416384 -0.00013123530504064 0.00012619917916698
0.00067171100253015 -0.00027670079115665 -6.4467320495409e-05 0.0040915029714989 -0.0002767446251516 5.7967769409399e-05 2.2550797219227e-05 -5.8888781508555e-05 7.3066852257784e-05 -8.0653880645993e-05
-0.00055675708977262 0.000256131962224 -7.7463359573337e-05 -0.0002767446251516 0.0034736338257163 -0.00040312787514774 0.000152827092951 -5.4602631033195e-05 1.2932799319545e-06 2.2114493835761e-05
0.00047841865801119 -0.00023378801045601 0.00012139499357405 5.7967769409398e-05 -0.00040312787514774 0.0029474197828225 -0.00047164675908645 0.00021660788768849 -0.00011442570522968 4.9017759133882e-05
-0.00042137149228592 0.0002135607269901 -0.00013389653674752 2.2550797219227e-05 0.000152827092951 -0.00047164675908645 0.0025167590724844 -0.00050129173645185 0.00025597659684684 -0.00016058322117862
0.00037742292484567 -0.0001965159735333 0.00013424026416384 -5.8888781508555e-05 -5.4602631033194e-05 0.00021660788768849 -0.00050129173645185 0.0021715781124113 -0.0005061725505476 0.0002762636628182
-0.0003420647302625 0.00018182579185071 -0.00013123530504064 7.3066852257784e-05 1.2932799319547e-06 -0.00011442570522968 0.00025597659684684 -0.0005061725505476 0.0018979939249207 -0.00049699599656353
0.00031284461144391 -0.00016878610812092 0.00012619917916698 -8.0653880645993e-05 2.2114493835761e-05 4.9017759133882e-05 -0.00016058322117862 0.0002762636628182 -0.00049699599656353 0.001681572268098
