-0.0026438008427357 -0.0026692157548513 0.0026825237577893 -0.002734570171156 0.0027768938093199 -0.0028393178972861 0.0029028985544256 -0.0029747643476281 0.0030411210491947 -0.0031108617513027
-0.0026692157548513 -0.004310087051137 -0.0021031108121902 0.0025119647215597 -0.002705355797915 0.0027781211605648 -0.0028735524942843 0.0029405025831232 -0.0030251170829426 0.0030885163288907
0.0026825237577893 -0.0021031108121902 -0.0040404590982468 -0.0021060150075716 0.0027923365524078 -0.003094912188192 0.0031984039140081 -0.0033323708288409 0.0034160565538707 -0.0035257779354941
-0.002734570171156 0.0025119647215597 -0.0021060150075716 -0.0032583589363361 -0.0021854235383368 0.0030662984995217 -0.0034423717860982 0.0035705650853593 -0.0037365056912638 0.0038298651863051
0.0027768938093199 -0.002705355797915 0.0027923365524078 -0.0021854235383368 -0.0023120186366177 -0.0023453542897403 0.0033429135362304 -0.0037639811977353 0.0039101207774299 -0.0041020470113331
-0.0028393178972861 0.0027781211605648 -0.003094912188192 0.0030662984995217 -0.0023453542897403 -0.0013597159197063 -0.0025743840162766 0.0036229772893755 -0.0040690495160949 0.0042263956135226
0.0029028985544256 -0.0028735524942843 0.0031984039140081 -0.0034423717860982 0.0033429135362304 -0.0025743840162766 -0.00046724832515106 -0.0028562557020162 0.003907420024191 -0.0043669434000188
-0.0029747643476281 0.0029405025831232 -0.0033323708288409 0.0035705650853593 -0.0037639811977353 0.0036229772893755 -0.0028562557020162 0.00034398739853917 -0.0031787240387616 0.0041972792699397
0.0030411210491947 -0.0030251170829426 0.0034160565538707 -0.0037365056912638 0.0039101207774299 -0.0040690495160949 0.003907420024191 -0.0031787240387616 0.0010778091980461 -0.0035246934843891
-0.0031108617513027 0.0030885163288907 -0.0035257779354941 0.0038298651863051 -0.0041020470113331 0.0042263956135226 -0.0043669434000188 0.0041972792699397 -0.0035246934843891 0.0017384746873597
