-0.0022975543426146 -0.0028290531374302 0.002604461046834 -0.0026167551065656 0.0026535114930058 -0.0027585979148392 0.0027792407984139 -0.0029616563025951 0.0028343511139454 -0.0034019311367605
-0.0028290531374302 -0.0040684606480315 -0.0024302765395919 0.0024456664662972 -0.0026113628596648 0.0025878548771064 -0.0028973806129355 0.0025840785517917 -0.0035366486462059 0.0016177892826091
0.002604461046834 -0.0024302765395919 -0.0036976336876959 -0.0026403982544033 0.0027079806362667 -0.0030753821243747 0.002834061131315 -0.0037475869931797 0.0020875752887443 -0.0050124135183026
-0.0026167551065656 0.0024456664662972 -0.0026403982544033 -0.0029220683840298 -0.0029736117734636 0.0028827828841239 -0.0037395709384571 0.0024617273474123 -0.0049564359554446 0.0045743427077874
0.0026535114930058 -0.0026113628596648 0.0027079806362667 -0.0029736117734636 -0.0021818032617208 -0.0036038551633154 0.0026103930295342 -0.0047045169952912 0.0044135595590841 0.00028062540902842
-0.0027585979148392 0.0025878548771064 -0.0030753821243747 0.0028827828841239 -0.0036038551633154 -0.0020520787605877 -0.0046674444901186 0.00424770425431 -0.0005043920771395 0.0071223965704742
0.0027792407984139 -0.0028973806129355 0.002834061131315 -0.0037395709384571 0.0026103930295342 -0.0046674444901186 -0.0004728984927428 -0.0013445123022313 0.0067357489056156 -0.0046893606095214
-0.0029616563025951 0.0025840785517917 -0.0037475869931797 0.0024617273474123 -0.0047045169952912 0.00424770425431 -0.0013445123022313 0.0013930456910884 -0.0057573893966889 0.0053558754758663
0.0028343511139454 -0.0035366486462059 0.0020875752887443 -0.0049564359554446 0.0044135595590841 -0.0005043920771395 0.0067357489056156 -0.0057573893966889 -0.0010757596452239 -0.0045987016636431
-0.0034019311367605 0.0016177892826091 -0.0050124135183026 0.0045743427077874 0.00028062540902842 0.0071223965704742 -0.0046893606095214 0.0053558754758663 -0.0045987016636431 -0.0035554378610501
