0.0022876362366414 -0.00047621189210755 0.00086192695541176 -0.0014231560709498 0.0012276980117995 -0.0018509350710992 0.0013288635450105 -0.0022305224575209 0.0012230896530317 -0.0028170712475271
-0.00047621189210755 0.0065318302608568 -0.0016737955645059 0.0013216748675211 -0.002625502990905 0.0016032591329887 -0.0033479150056249 0.0014958934546944 -0.0043479607495039 0.00042865978332257
0.00086192695541176 -0.0016737955645059 0.0078256220166875 -0.0030000628830351 0.0020439330889246 -0.0037658331960589 0.0021269429973449 -0.0046926906139785 0.0014176955341786 -0.0071274273898411
-0.0014231560709498 0.0013216748675211 -0.0030000628830351 0.0083375429111803 -0.0039435407621505 0.0029440887166136 -0.0045540399076562 0.0027388869627994 -0.0061690007305859 0.0013034510852874
0.0012276980117995 -0.002625502990905 0.0020439330889246 -0.0039435407621505 0.0082886711423494 -0.0047120138784045 0.0031288181280403 -0.005951314234399 0.0021348014546146 -0.005264194558883
-0.0018509350710992 0.0016032591329887 -0.0037658331960589 0.0029440887166136 -0.0047120138784045 0.0085693348840538 -0.0056548106640944 0.0034983393202198 -0.0048619792508416 0.0088253599503301
0.0013288635450105 -0.0033479150056249 0.0021269429973449 -0.0045540399076562 0.0031288181280403 -0.0056548106640944 0.0080516537064623 -0.004589044442589 0.0082216987231211 -0.0024706741445289
-0.0022305224575209 0.0014958934546944 -0.0046926906139785 0.0027388869627994 -0.005951314234399 0.0034983393202198 -0.004589044442589 0.013776190732076 -0.0015247766854588 0.0064755149682765
0.0012230896530317 -0.0043479607495039 0.0014176955341786 -0.0061690007305859 0.0021348014546146 -0.0048619792508416 0.0082216987231211 -0.0015247766854588 0.011788528980389 -0.0025286688824996
-0.0028170712475271 0.00042865978332257 -0.0071274273898411 0.0013034510852874 -0.005264194558883 0.0088253599503301 -0.0024706741445289 0.0064755149682765 -0.0025286688824996 0.017826421515233
