0.0054116534063227 0.0013592229987443 -0.00089000236711281 0.00068110486504192 -0.00056276437532951 0.00047997181584383 -0.00042820500861245 0.00037932316183488 -0.00023041490705104 0.00045115343690623
0.0013592229987443 0.0055557460100636 0.00035954786342321 -0.00032940006481494 0.00025764390344705 -0.00025339131320131 0.00019930178000871 -3.2348203178557e-05 0.00072465357192665 -0.00067236014784975
-0.00089000236711281 0.00035954786342321 0.0050629934095101 2.5259756928389e-05 -0.0001932764670919 8.5012464651636e-05 -7.5832962636173e-06 0.00079090949568363 -5.5064882419212e-05 -0.0028707060020064
0.00068110486504192 -0.00032940006481494 2.5259756928389e-05 0.0045272410177496 -0.00018524179613185 -1.6229163337868e-05 0.00061266853533334 0.00027933480044175 -0.0022322697436446 -0.002851671287083
-0.00056276437532951 0.00025764390344705 -0.0001932764670919 -0.00018524179613185 0.0042401795561168 0.00035193012992522 0.00027858861988356 -0.0019415686864173 -0.0026236536598845 0.0015548119632978
0.00047997181584383 -0.00025339131320131 8.5012464651636e-05 -1.6229163337869e-05 0.00035193012992522 0.0044016774426358 -0.0017960264743874 -0.0027063858422334 0.00068403729441394 0.0017583550121993
-0.00042820500861245 0.00019930178000871 -7.5832962636172e-06 0.00061266853533334 0.00027858861988356 -0.0017960264743874 0.0017012464960208 0.00058449384425356 0.00071905232325516 -0.00093589503243863
0.00037932316183488 -3.2348203178557e-05 0.00079090949568363 0.00027933480044175 -0.0019415686864173 -0.0027063858422334 0.00058449384425356 0.005632426702469 -0.00055369368933549 -9.6753093980573e-05
-0.00023041490705104 0.00072465357192665 -5.5064882419213e-05 -0.0022322697436446 -0.0026236536598845 0.00068403729441394 0.00071905232325516 -0.00055369368933549 0.0061892878121678 0.00063006516166947
0.00045115343690623 -0.00067236014784975 -0.0028707060020064 -0.002851671287083 0.0015548119632978 0.0017583550121993 -0.00093589503243863 -9.6753093980573e-05 0.00063006516166947 0.0061958384477873
