0.0029872314779909 -0.0010088336618247 -0.00015373445921051 -0.0016755198852924 -0.00099443010375126 -0.005983308905918 0.0032550315552428 0.012150202518511 -0.0023120300809587 -0.011067304330627
-0.0010088336618247 0.0088938929011173 -0.0038197689846536 -0.0024867715913381 -0.0087229290035339 -0.003410523084971 0.0086507871898036 0.011037209118206 0.00089286628607351 -0.0016614712685185
-0.00015373445921051 -0.0038197689846536 0.012305093819111 -0.010919872114459 -0.0034025696320004 0.0097378781312713 0.00066648083138464 -0.014532009796625 0.016622781139068 -0.00062427631801943
-0.0016755198852924 -0.0024867715913381 -0.010919872114459 0.017803070797808 0.0088292022605174 0.0022539358751926 -0.015957678570907 -0.0009435503351113 -0.019391241647935 0.013006538152565
-0.00099443010375126 -0.0087229290035339 -0.0034025696320004 0.0088292022605174 0.027397818545718 -0.013441294347604 -0.0010561282546427 -0.024435940574196 -0.0074166676645663 0.010098023562797
-0.005983308905918 -0.003410523084971 0.0097378781312713 0.0022539358751926 -0.013441294347604 0.041785023339627 -0.028212014625713 -0.025933075791401 0.01033218966634 0.025871612121612
0.0032550315552428 0.0086507871898036 0.00066648083138464 -0.015957678570907 -0.0010561282546426 -0.028212014625713 0.033867838723591 0.015813379020342 0.010555729936658 -0.02264660400113
0.012150202518511 0.011037209118206 -0.014532009796625 -0.00094355033511129 -0.024435940574196 -0.025933075791401 0.015813379020342 0.088618976493678 -0.023796586749914 -0.049851753629328
-0.0023120300809587 0.0008928662860735 0.016622781139068 -0.019391241647935 -0.0074166676645663 0.01033218966634 0.010555729936658 -0.023796586749914 0.029892243765401 0.00087435024326199
-0.011067304330627 -0.0016614712685185 -0.00062427631801944 0.013006538152565 0.010098023562797 0.025871612121612 -0.02264660400113 -0.049851753629328 0.000874350243262 0.047832211051325
