0.018522458703547 0.0043759683093484 -0.0030628682312054 -0.00021847894598632 -0.0037966164141454 0.015566153579643 -0.014051999790753 -0.0063257687990762 0.023444223625487 -0.023274711286052
0.0043759683093484 0.02237827575872 -0.0020349865024288 -0.014126518010384 0.015554842726645 0.017979388787132 -0.027374681671747 -0.0059341735449177 0.023365595052248 -0.015163841468543
-0.0030628682312054 -0.0020349865024288 0.010744497136882 0.0058630615310736 0.015868618750682 -0.004787639428338 0.00050694573263287 -0.010882761350928 -0.017604452972174 0.012726696094656
-0.00021847894598632 -0.014126518010384 0.0058630615310736 0.045432788397414 -0.0078970697576945 0.0018548219033496 0.0076930570785259 -0.020313921729836 -0.030782507551548 0.0056696848156203
-0.0037966164141454 0.015554842726645 0.015868618750682 -0.0078970697576945 0.040227338181921 0.0038532274020885 -0.019866810440649 -0.019150426184344 -0.0092803520638628 0.011174403411644
0.015566153579643 0.017979388787132 -0.004787639428338 0.0018548219033496 0.0038532274020885 0.027275930452812 -0.030050467498405 -0.012715473962126 0.028517187483313 -0.028589654257043
-0.014051999790753 -0.027374681671747 0.00050694573263287 0.0076930570785259 -0.019866810440649 -0.030050467498405 0.040424082842416 0.016852330058847 -0.030797783773515 0.026264981851374
-0.0063257687990762 -0.0059341735449177 -0.010882761350928 -0.020313921729836 -0.019150426184344 -0.012715473962126 0.016852330058847 0.027228843335023 0.0092199505214677 0.0034994046633761
0.023444223625487 0.023365595052248 -0.017604452972174 -0.030782507551548 -0.0092803520638628 0.028517187483313 -0.030797783773515 0.0092199505214677 0.065880146487386 -0.047120696373349
-0.023274711286052 -0.015163841468543 0.012726696094656 0.0056696848156203 0.011174403411644 -0.028589654257043 0.026264981851374 0.0034994046633761 -0.047120696373349 0.042601041705257
