0.0066690598375287 0.00015285604023642 0.00017617188120956 -0.00047529951485786 0.00072492861362248 -0.00091978485986915 0.0010797483630268 -0.0012155274354948 0.0013320306493128 -0.001439375614206
0.00015285604023642 0.0072479155872003 -0.00097496634597674 0.00072705002053952 -0.00080337122289816 0.00094300722529025 -0.0010583164556974 0.0011597835074279 -0.0012578019007266 0.0013279480659507
0.00017617188120956 -0.00097496634597674 0.0073988196046304 -0.0017337722029033 0.0011963587158982 -0.0011825775021074 0.0012838690453514 -0.0013782486318959 0.0014525641802169 -0.0015600214850211
-0.00047529951485786 0.00072705002053952 -0.0017337722029033 0.0072289291679479 -0.0023275690827013 0.0015985861520794 -0.0015381650939129 0.001599157670252 -0.0016896294000612 0.0017199881936319
0.00072492861362247 -0.00080337122289816 0.0011963587158982 -0.0023275690827013 0.0069595654233825 -0.0027896629339946 0.0019394635186821 -0.0018740673370438 0.0018830310532472 -0.0020038808913457
-0.00091978485986915 0.00094300722529025 -0.0011825775021074 0.0015985861520794 -0.0027896629339946 0.0067014686506772 -0.0031487747594271 0.0022203934845082 -0.0022022074322566 0.0021320427741794
0.0010797483630268 -0.0010583164556974 0.0012838690453514 -0.0015381650939129 0.0019394635186821 -0.0031487747594271 0.0065001390457584 -0.0034374630875226 0.0024462514021366 -0.002558778207804
-0.0012155274354948 0.0011597835074279 -0.0013782486318959 0.001599157670252 -0.0018740673370438 0.0022203934845082 -0.0034374630875226 0.0063777205125668 -0.0037027752565967 0.0024716198797682
0.0013320306493128 -0.0012578019007266 0.0014525641802169 -0.0016896294000612 0.0018830310532472 -0.0022022074322566 0.0024462514021366 -0.0037027752565967 0.0061977515687995 -0.0040742007767745
-0.001439375614206 0.0013279480659507 -0.0015600214850211 0.0017199881936319 -0.0020038808913457 0.0021320427741794 -0.002558778207804 0.0024716198797682 -0.0040742007767745 0.006731792085884
