0.00021452932904493 0.00048674663045044 0.00033282653686115 0.00025147565459083 0.00021885389695215 0.00018542065520282 0.00016434041079948 0.00016475318479797 0.00014841927445299 0.00013641640935841 0.00012387698721585 0.00011692247501332 0.00010960185493634 0.00010350333688888 9.8028492128461e-05 9.4203929904059e-05 8.828912153325e-05 8.7855620781322e-05 8.2583650445675e-05 7.931386310151e-05
0.00048674663045044 0.004609139083353 0.0010894575068445 0.00071547294213254 0.00070307743311628 0.00048368990497579 0.00051239293043603 0.00049421786471369 0.00050035914529511 0.00048805067066058 0.00046290651924906 0.00044659536754204 0.00042832667430415 0.0004122847534664 0.00039479991821317 0.00038048203178108 0.00035789357027986 0.00035665030923921 0.00033970739261646 0.0003266675669252
0.00033282653686115 0.0010894575068445 0.0054806067602628 0.001403109053511 0.001031157764873 0.00088878576797495 0.00082188710094517 0.00069688295704851 0.00062744480957162 0.00059576436520187 0.00054400295819394 0.0004987598094882 0.00046174609768188 0.00043540857941355 0.0004107368780648 0.00038945131530102 0.00037863041347006 0.00036426100725633 0.00034522528592357 0.00032844045563547
0.00025147565459083 0.00071547294213254 0.001403109053511 0.0053540841683393 0.0019014848378984 0.0013213226332588 0.0012124573812063 0.00098424106409013 0.00082911430876663 0.00071798463833698 0.00065338920958739 0.00060665746444764 0.00057345249088326 0.00054269046982394 0.00051581870097461 0.00049750086836023 0.00047487860054725 0.00045594427270919 0.00043275305736615 0.0004187607235235
0.00021885389695215 0.00070307743311628 0.001031157764873 0.0019014848378984 0.0042833863112093 0.0020393917124539 0.0015332366839136 0.0011943009444106 0.0010111846965155 0.00089295687846918 0.00078302303010274 0.00071968319998715 0.00066499484332415 0.00061796264406533 0.00057699993301067 0.00054248488477694 0.00050998407828302 0.00048873223928431 0.00045701469036371 0.00043683999799063
0.00018542065520282 0.00048368990497579 0.00088878576797495 0.0013213226332588 0.0020393917124539 0.0031926943323574 0.0020417819765174 0.0015466638125119 0.0012891949685291 0.0011438863963531 0.0010153330523312 0.00092304245221099 0.00085154490902062 0.00078969214512349 0.00073435727187484 0.00068685788368064 0.00065153466702508 0.00061667834532746 0.00058407194408773 0.00055840736907992
0.00016434041079948 0.00051239293043603 0.00082188710094517 0.0012124573812063 0.0015332366839136 0.0020417819765174 0.0025250681161898 0.0018770581284203 0.0015431839208937 0.0013451591356838 0.0011887543167964 0.0010711806822997 0.00098106467458546 0.00090728831352289 0.00084267456985818 0.00078454209801755 0.00074303068284718 0.00070053890815361 0.00066564581707355 0.00063430139658954
0.00016475318479797 0.00049421786471369 0.00069688295704851 0.00098424106409013 0.0011943009444106 0.0015466638125119 0.0018770581284203 0.0019920783609276 0.0016568167795066 0.001447714954354 0.0012860066288843 0.0011642728421917 0.0010685878621528 0.00099103919221561 0.00092209358647061 0.00086044963997351 0.000808504820277 0.00077265363356765 0.00072562231422469 0.00069111937434715
0.00014841927445299 0.00050035914529511 0.00062744480957162 0.00082911430876663 0.0010111846965155 0.0012891949685291 0.0015431839208937 0.0016568167795066 0.001655614464848 0.0014970638738206 0.0013541538042077 0.0012394624167797 0.0011427119480903 0.0010647240055742 0.00099373961483444 0.000931025367453 0.00087563178352078 0.00083823880415704 0.00078830274850489 0.00075091712179849
0.00013641640935841 0.00048805067066058 0.00059576436520187 0.00071798463833698 0.00089295687846918 0.0011438863963531 0.0013451591356838 0.001447714954354 0.0014970638738206 0.0014817812991583 0.0013734761344969 0.0012763187854911 0.0011875067868662 0.0011134343794305 0.0010450264375304 0.00098296338978316 0.00092829836300891 0.00089064480419243 0.00084039270311136 0.00080160163995456
0.00012387698721585 0.00046290651924906 0.00054400295819394 0.00065338920958739 0.00078302303010274 0.0010153330523312 0.0011887543167964 0.0012860066288843 0.0013541538042077 0.0013734761344969 0.0013341218435228 0.0012632249770727 0.0011903791884025 0.0011265845293308 0.0010650010913286 0.0010081917200651 0.00095580819056707 0.00092005201082757 0.00087226800170875 0.00083417730145669
0.00011692247501332 0.00044659536754204 0.0004987598094882 0.00060665746444764 0.00071968319998715 0.00092304245221099 0.0010711806822997 0.0011642728421917 0.0012394624167797 0.0012763187854911 0.0012632249770727 0.0012279101246813 0.0011733094129456 0.0011211780900083 0.0010680653760169 0.0010177556272159 0.00097021312957361 0.00093700033599292 0.00089266961966247 0.00085652211060613
0.00010960185493634 0.00042832667430415 0.00046174609768188 0.00057345249088326 0.00066499484332415 0.00085154490902062 0.00098106467458546 0.0010685878621528 0.0011427119480903 0.0011875067868662 0.0011903791884025 0.0011733094129456 0.0011405976992822 0.0011012729382328 0.001057686807424 0.0010147091033128 0.0009728710069736 0.0009430471737656 0.00090259757135054 0.00086915229452683
0.00010350333688888 0.0004122847534664 0.00043540857941355 0.00054269046982394 0.00061796264406533 0.00078969214512349 0.00090728831352289 0.00099103919221561 0.0010647240055742 0.0011134343794305 0.0011265845293308 0.0011211780900083 0.0011012729382328 0.0010750577489986 0.0010406430910672 0.0010046943205361 0.00096834108765087 0.00094213312798737 0.00090542839316005 0.00087481704480622
9.8028492128461e-05 0.00039479991821317 0.0004107368780648 0.00051581870097461 0.00057699993301067 0.00073435727187484 0.00084267456985818 0.00092209358647061 0.00099373961483444 0.0010450264375304 0.0010650010913286 0.0010680653760169 0.001057686807424 0.0010406430910672 0.0010153989934383 0.00098636607575463 0.00095556921548858 0.00093295713790994 0.00090069953060453 0.00087307821948561
9.4203929904059e-05 0.00038048203178108 0.00038945131530102 0.00049750086836023 0.00054248488477694 0.00068685788368064 0.00078454209801755 0.00086044963997351 0.000931025367453 0.00098296338978316 0.0010081917200651 0.0010177556272159 0.0010147091033128 0.0010046943205361 0.00098636607575463 0.00096871783842842 0.00093829020171405 0.00091909732039781 0.00089113992952624 0.00086647715824598
8.828912153325e-05 0.00035789357027986 0.00037863041347006 0.00047487860054725 0.00050998407828302 0.00065153466702508 0.00074303068284718 0.000808504820277 0.00087563178352078 0.00092829836300891 0.00095580819056707 0.00097021312957361 0.0009728710069736 0.00096834108765087 0.00095556921548858 0.00093829020171405 0.00093851613773371 0.00090207111657041 0.0008781484161629 0.00085637380284706
8.7855620781322e-05 0.00035665030923921 0.00036426100725633 0.00045594427270919 0.00048873223928431 0.00061667834532746 0.00070053890815361 0.00077265363356765 0.00083823880415704 0.00089064480419243 0.00092005201082757 0.00093700033599292 0.0009430471737656 0.00094213312798737 0.00093295713790994 0.00091909732039781 0.00090207111657041 0.00090590879081176 0.00086760311011458 0.00084802084061147
8.2583650445675e-05 0.00033970739261646 0.00034522528592357 0.00043275305736615 0.00045701469036371 0.00058407194408773 0.00066564581707355 0.00072562231422469 0.00078830274850489 0.00084039270311136 0.00087226800170875 0.00089266961966247 0.00090259757135054 0.00090542839316005 0.00090069953060453 0.00089113992952624 0.0008781484161629 0.00086760311011458 0.00085197418820211 0.00083369363863237
7.931386310151e-05 0.0003266675669252 0.00032844045563547 0.0004187607235235 0.00043683999799063 0.00055840736907992 0.00063430139658954 0.00069111937434715 0.00075091712179849 0.00080160163995456 0.00083417730145669 0.00085652211060613 0.00086915229452683 0.00087481704480622 0.00087307821948561 0.00086647715824598 0.00085637380284706 0.00084802084061147 0.00083369363863237 0.00082026966845125
