0.00041882342887358 0.0009479585418871 0.00069713774100533 0.00058157864967951 0.00053914772244999 0.00048337880413641 0.00043875654344957 0.00041085942890105 0.00039063670189232 0.00036724079560001
0.0009479585418871 0.0076660465998105 0.0014642001334288 0.0010868733721725 0.0008985178243683 0.00075490516798336 0.00061791696163077 0.00052047483262919 0.00046138742529146 0.00039435623216794
0.00069713774100533 0.0014642001334288 0.0082961934298687 0.0028831664711524 0.0017864494232798 0.0013545032862026 0.0010577131784452 0.00089464991325855 0.00080701940456568 0.00071793077488641
0.00058157864967951 0.0010868733721725 0.0028831664711524 0.00685951421156 0.0035998876145162 0.0025658002097062 0.0020416017157168 0.0017151034817156 0.0015111141587407 0.0013352186019133
0.00053914772244999 0.0008985178243683 0.0017864494232798 0.0035998876145162 0.0052275696068553 0.0037307186245052 0.0030296961526434 0.0025317539216586 0.0022095661891943 0.0019306474361984
0.00048337880413641 0.00075490516798336 0.0013545032862026 0.0025658002097062 0.0037307186245052 0.0043004115606573 0.00365899179152 0.0031505733773021 0.0027795750161124 0.0024696096821383
0.00043875654344957 0.00061791696163077 0.0010577131784452 0.0020416017157168 0.0030296961526434 0.00365899179152 0.0037845475356384 0.0034303871968613 0.0031273138431958 0.0028400704479488
0.00041085942890105 0.00052047483262919 0.00089464991325855 0.0017151034817156 0.0025317539216586 0.0031505733773021 0.0034303871968613 0.0033937787676909 0.0032151668487539 0.0030016871538371
0.00039063670189232 0.00046138742529146 0.00080701940456568 0.0015111141587407 0.0022095661891943 0.0027795750161124 0.0031273138431958 0.0032151668487539 0.0031872145768427 0.003056140535045
0.00036724079560001 0.00039435623216794 0.00071793077488641 0.0013352186019133 0.0019306474361984 0.0024696096821383 0.0028400704479488 0.0030016871538371 0.003056140535045 0.003013653000588
