-0.016675983656062 0.002102896471297 -0.00098387775669073 0.00046254009597136 -0.000322629058047 0.00020645300434166 -0.00013287747509536 6.1595572729706e-05 -4.128407587889e-07 -5.1104578493214e-05
0.002102896471297 -0.0098554155196886 0.003737737917825 -0.0022444859588248 0.0017467631836798 -0.0013445093030822 0.0010630827927247 -0.00086621737969683 0.00071203150246327 -0.00058590518520026
-0.00098387775669073 0.003737737917825 -0.0066935881771532 0.0042911105958425 -0.0032933211342241 0.0026582486819723 -0.0021870437056325 0.001836336877532 -0.0015623878367901 0.0013449839423911
0.00046254009597136 -0.0022444859588248 0.0042911105958425 -0.0047544060540667 0.003889723362942 -0.0032363358779913 0.0027241455370485 -0.0023230114333878 0.0020057675569472 -0.0017494881121226
-0.000322629058047 0.0017467631836798 -0.0032933211342241 0.003889723362942 -0.003860326732417 0.0034526687175303 -0.0030429396962019 0.0026883489126844 -0.0023843278200927 0.0021271112368228
0.00020645300434166 -0.0013445093030822 0.0026582486819723 -0.0032363358779913 0.0034526687175303 -0.0033545987673532 0.0031074402299162 -0.0028440951743565 0.0025938398736579 -0.0023678623618454
-0.00013287747509536 0.0010630827927247 -0.0021870437056325 0.0027241455370485 -0.0030429396962019 0.0031074402299162 -0.0030147499930874 0.0028519115686708 -0.0026677230712313 0.0024857999045601
6.1595572729706e-05 -0.00086621737969683 0.001836336877532 -0.0023230114333878 0.0026883489126844 -0.0028440951743565 0.0028519115686708 -0.0027755222944037 0.002655036477491 -0.0025194517936068
-4.128407587889e-07 0.00071203150246327 -0.0015623878367901 0.0020057675569472 -0.0023843278200927 0.0025938398736579 -0.0026677230712313 0.002655036477491 -0.0025885845515519 0.0024957655637824
-5.1104578493214e-05 -0.00058590518520026 0.0013449839423911 -0.0017494881121226 0.0021271112368228 -0.0023678623618454 0.0024857999045601 -0.0025194517936068 0.0024957655637824 -0.0024395830596882
