-0.00055869464742223 -0.0014954956913658 0.00099862882990974 -0.00083191583281843 0.00071096211692163 -0.00060829816338953 0.00054441076653805 -0.0004954485114476 0.00045887994459873 -0.00042639521040016
-0.0014954956913658 -0.010868759538773 0.0026080039402168 -0.001664286637607 0.001133106170362 -0.00087923701938338 0.00074045482168429 -0.00066429281132785 0.00062695389195789 -0.0005900038013518
0.00099862882990974 0.0026080039402168 -0.0086441475786778 0.0037982211373015 -0.0026642308381435 0.0019247138004696 -0.0015465880452799 0.0012595054966774 -0.0010723247097985 0.00092492793696372
-0.00083191583281843 -0.001664286637607 0.0037982211373015 -0.0063848179055243 0.0042967518706431 -0.0033369494788257 0.002647007872487 -0.0022110378922874 0.0018989364583451 -0.0016604750775374
0.00071096211692163 0.001133106170362 -0.0026642308381435 0.0042967518706431 -0.0048067542328375 0.0039664858535016 -0.003305359623686 0.0028208513517577 -0.0024545068003681 0.0021656844949544
-0.00060829816338953 -0.00087923701938338 0.0019247138004696 -0.0033369494788257 0.0039664858535016 -0.0039806412265984 0.0035644470062782 -0.0031874601714407 0.0028496268888062 -0.0025618627866679
0.00054441076653805 0.00074045482168429 -0.0015465880452799 0.002647007872487 -0.003305359623686 0.0035644470062782 -0.0034602464119903 0.0032403645842136 -0.0029930592828541 0.0027552336377386
-0.0004954485114476 -0.00066429281132785 0.0012595054966774 -0.0022110378922874 0.0028208513517577 -0.0031874601714407 0.0032403645842136 -0.0031645200243896 0.0030104256308194 -0.0028331199004475
0.00045887994459873 0.00062695389195789 -0.0010723247097985 0.0018989364583451 -0.0024545068003681 0.0028496268888062 -0.0029930592828541 0.0030104256308194 -0.0029389953449521 0.0028223693327025
-0.00042639521040016 -0.0005900038013518 0.00092492793696372 -0.0016604750775374 0.0021656844949544 -0.0025618627866679 0.0027552336377386 -0.0028331199004475 0.0028223693327025 -0.0027580206640147
