0.010880912513205 -0.00088755036184339 0.001132559773677 -0.00012289628566062 0.00086370207252055 -0.0008238011152226 0.00059130154984015 -0.00056057804574416 0.00058867802777354 -0.00061131490436946
-0.00088755036184339 0.0058509824984418 -0.0025282166737063 0.0014373560690619 -0.00069128151432884 0.00067777052576683 -0.00069063924626651 0.00068476773415313 -0.00061733979466336 0.00057730646237078
0.001132559773677 -0.0025282166737063 0.0058581267250014 -0.0030881649814757 0.0019771671020313 -0.001391126973559 0.0011469140020874 -0.0010294372159082 0.00096995940492509 -0.00087092449480982
-0.00012289628566062 0.0014373560690619 -0.0030881649814757 0.0043807500047332 -0.0029493540960598 0.0023063448267301 -0.0019877554907277 0.001704539541456 -0.0015072795062541 0.0012999632488101
0.00086370207252055 -0.00069128151432884 0.0019771671020313 -0.0029493540960598 0.0035747328986748 -0.002921768825787 0.0025630788585866 -0.0022329137168045 0.0020365636297454 -0.0018358781594781
-0.0008238011152226 0.00067777052576683 -0.001391126973559 0.0023063448267301 -0.002921768825787 0.0031484560070088 -0.0028156329050839 0.0024770913507042 -0.0022577785570686 0.0020615951398959
0.00059130154984015 -0.00069063924626651 0.0011469140020874 -0.0019877554907277 0.0025630788585866 -0.0028156329050839 0.0027932649553711 -0.0025464031132269 0.0023499665078379 -0.0021620331164621
-0.00056057804574416 0.00068476773415313 -0.0010294372159082 0.001704539541456 -0.0022329137168045 0.0024770913507042 -0.0025464031132269 0.0024207247512103 -0.0022729299731071 0.0021188115694202
0.00058867802777354 -0.00061733979466336 0.00096995940492509 -0.0015072795062541 0.0020365636297454 -0.0022577785570686 0.0023499665078379 -0.0022729299731071 0.0021828501923009 -0.0020636640951382
-0.00061131490436946 0.00057730646237078 -0.00087092449480982 0.0012999632488101 -0.0018358781594781 0.0020615951398959 -0.0021620331164621 0.0021188115694202 -0.0020636640951382 0.0019850312857183
