0.00018063611595857 0.00094816655583386 0.00099847701861054 0.00085060794590506 0.00069372010782772 0.00060716605955585 0.0005714228223333 0.00054545118744759 0.00052586763436884 0.00050932680543267
0.00094816655583386 0.00042870028399453 0.00028010889404872 0.00026047038116431 0.0002122698700279 0.00018321803179075 0.00017220389232617 0.00016137102133282 0.00015381720679215 0.00014789469734176
0.00099847701861054 0.00028010889404872 0.00040671046804254 0.00026200024329027 0.00021783686451197 0.000198315033992 0.00018809552605093 0.00017881543248184 0.00017240618912908 0.00016700488182435
0.00085060794590506 0.00026047038116431 0.00026200024329027 0.00031318691388122 0.0002134229709604 0.00018906895334613 0.0001744149170723 0.0001632602024294 0.00015435370759359 0.00014723723142651
0.00069372010782772 0.0002122698700279 0.00021783686451197 0.0002134229709604 0.00020818797993709 0.00016854896669351 0.00015209499680104 0.00013972968150144 0.00013067629330295 0.00012367906848852
0.00060716605955585 0.00018321803179075 0.000198315033992 0.00018906895334613 0.00016854896669351 0.00016089581934452 0.00014806208191929 0.00013661936470884 0.00012707817382008 0.00011933806050912
0.0005714228223333 0.00017220389232617 0.00018809552605093 0.0001744149170723 0.00015209499680104 0.00014806208191929 0.00014408990702316 0.00013688627212392 0.00012928592286241 0.00012265145591742
0.00054545118744759 0.00016137102133282 0.00017881543248184 0.0001632602024294 0.00013972968150144 0.00013661936470884 0.00013688627212392 0.00013504241667196 0.00013041516439609 0.00012549337689036
0.00052586763436884 0.00015381720679215 0.00017240618912908 0.00015435370759359 0.00013067629330295 0.00012707817382008 0.00012928592286241 0.00013041516439609 0.00012845509725103 0.00012526588022947
0.00050932680543267 0.00014789469734176 0.00016700488182435 0.00014723723142651 0.00012367906848852 0.00011933806050912 0.00012265145591742 0.00012549337689036 0.00012526588022947 0.00012349693177078
