0.01863489909974 -0.0060146098940861 0.0049520802893418 -0.0038925852002285 0.0032939813713053 -0.002760343460353 0.0022927638938964 -0.0019673940894712 0.0017022624329949 -0.0014899326123432
-0.0060146098940861 0.011768141891147 -0.004340864806387 0.0032293353450431 -0.0024384061735976 0.0019577625658449 -0.001627664355556 0.0013924711406453 -0.0012108194932321 0.0010732891012896
0.0049520802893418 -0.004340864806387 0.0083964475753563 -0.0045906953322367 0.0033337824997136 -0.0026103977180761 0.0021376378831951 -0.0017996651841583 0.0015426747343273 -0.0013393735275285
-0.0038925852002285 0.0032293353450431 -0.0045906953322367 0.0060339627745144 -0.004254132024339 0.003300945733188 -0.002686189436952 0.0022557655786659 -0.0019341735649864 0.0016835930873912
0.0032939813713053 -0.0024384061735976 0.0033337824997136 -0.004254132024339 0.0044854048287195 -0.0036112694634543 0.0029970559756369 -0.002552334519352 0.0022124233493275 -0.001945967234823
-0.002760343460353 0.0019577625658449 -0.0026103977180761 0.003300945733188 -0.0036112694634543 0.0034267982809421 -0.0029833379922616 0.002619263843013 -0.0023129530762368 0.0020609560267993
0.0022927638938964 -0.001627664355556 0.0021376378831951 -0.002686189436952 0.0029970559756369 -0.0029833379922616 0.0027964877031183 -0.0025496236012814 0.0023103752434065 -0.0020981136054207
-0.0019673940894712 0.0013924711406453 -0.0017996651841583 0.0022557655786659 -0.002552334519352 0.002619263843013 -0.0025496236012814 0.002420123095753 -0.0022518243190656 0.0020863878892591
0.0017022624329949 -0.0012108194932321 0.0015426747343273 -0.0019341735649864 0.0022124233493275 -0.0023129530762368 0.0023103752434065 -0.0022518243190656 0.0021488330326735 -0.0020292871305621
-0.0014899326123432 0.0010732891012896 -0.0013393735275285 0.0016835930873912 -0.001945967234823 0.0020609560267993 -0.0020981136054207 0.0020863878892591 -0.0020292871305621 0.0019490294796595
