0.026320938469703 0.0049349861937361 0.0029459275456789 0.0022896169335613 0.002054608179047 0.0016935179581356 0.0013556730446764 0.0010897323552401 0.00086694025345623 0.00067623349158931
0.0049349861937361 0.0073825240240768 0.004779983323626 0.0034081526690286 0.0028730233989541 0.0024595135387131 0.0021133214215777 0.0018351625608858 0.0016027554445141 0.0014046111387051
0.0029459275456789 0.004779983323626 0.0050211824709361 0.0037717686766662 0.00318581515538 0.0027591926531793 0.002385837582515 0.0020809845897778 0.0018339205888746 0.0016311212691414
0.0022896169335613 0.0034081526690286 0.0037717686766662 0.003460632672424 0.0031137234085503 0.0027735151166917 0.0024514995830887 0.0021756074417338 0.001944318770702 0.0017481185576615
0.002054608179047 0.0028730233989541 0.00318581515538 0.0031137234085503 0.0030581894266669 0.0028354535684321 0.002576436462834 0.0023334903356727 0.0021200247096826 0.0019332273638249
0.0016935179581356 0.0024595135387131 0.0027591926531793 0.0027735151166917 0.0028354535684321 0.0027344957620711 0.0025571243522225 0.0023654843893239 0.0021864507485306 0.0020247031305063
0.0013556730446764 0.0021133214215777 0.002385837582515 0.0024514995830887 0.002576436462834 0.0025571243522225 0.0024612126636682 0.0023307175451731 0.0021967827607107 0.0020696110852931
0.0010897323552401 0.0018351625608858 0.0020809845897778 0.0021756074417338 0.0023334903356727 0.0023654843893239 0.0023307175451731 0.0022561343488307 0.0021670574601758 0.002075485818493
0.00086694025345623 0.0016027554445141 0.0018339205888746 0.001944318770702 0.0021200247096826 0.0021864507485306 0.0021967827607107 0.0021670574601758 0.0021179449316252 0.0020598402001015
0.00067623349158931 0.0014046111387051 0.0016311212691414 0.0017481185576615 0.0019332273638249 0.0020247031305063 0.0020696110852931 0.002075485818493 0.0020598402001015 0.0020314424700581
