0.00055850545667887 0.00046695376054154 0.00041510036068964 0.00034132250707273 0.00029582182238729 0.00026512070826705 0.00024789429170823 0.00023563070662655 0.0002259075629707 0.00021762520745601
0.00046695376054154 0.00037491999644275 0.00031480137094715 0.00027273733007698 0.00023960575231882 0.00021436089828355 0.00019856310737796 0.00018701111668628 0.00017793006309475 0.00017030656285156
0.00041510036068964 0.00031480137094715 0.00027902880317113 0.00023037915358457 0.00020454520139416 0.00018203214835018 0.00016862789597525 0.00015884263553846 0.00015137959295294 0.00014505595796483
0.00034132250707273 0.00027273733007698 0.00023037915358457 0.00018622765400339 0.00017064226680234 0.00015390289227591 0.00014255264748336 0.0001341298983558 0.00012768988390796 0.00012240030105116
0.00029582182238729 0.00023960575231882 0.00020454520139416 0.00017064226680234 0.00015056852566438 0.00013435198993673 0.00012492132147695 0.00011823884678702 0.00011302321381139 0.00010867758078993
0.00026512070826705 0.00021436089828355 0.00018203214835018 0.00015390289227591 0.00013435198993673 0.00011879942988072 0.0001107902912563 0.00010521103570701 0.0001007117482291 9.6927313923412e-05
0.00024789429170823 0.00019856310737796 0.00016862789597525 0.00014255264748336 0.00012492132147695 0.0001107902912563 0.00010343456235763 9.8385058530361e-05 9.4298677299224e-05 9.0859555205537e-05
0.00023563070662655 0.00018701111668628 0.00015884263553846 0.0001341298983558 0.00011823884678702 0.00010521103570701 9.8385058530361e-05 9.362371789421e-05 8.9784347996943e-05 8.6564679341434e-05
0.0002259075629707 0.00017793006309475 0.00015137959295294 0.00012768988390796 0.00011302321381139 0.0001007117482291 9.4298677299224e-05 8.9784347996943e-05 8.6123607361113e-05 8.3047317316403e-05
0.00021762520745601 0.00017030656285156 0.00014505595796483 0.00012240030105116 0.00010867758078993 9.6927313923412e-05 9.0859555205537e-05 8.6564679341434e-05 8.3047317316403e-05 8.0090254952578e-05
