0.037639290347572 -0.013427526826243 0.01011195284077 -0.0074664096218033 0.0061843340056636 -0.005221591142935 0.0044627904229141 -0.0038344803493181 0.0033232891647341 -0.0029016761332138
-0.013427526826243 0.016392330682383 -0.0078605720842022 0.0053699232996668 -0.0042543649784815 0.003496089390138 -0.0028727603159585 0.0024009522002131 -0.0020376039630516 0.0017446521141917
0.01011195284077 -0.0078605720842022 0.011679341363046 -0.0071891420934345 0.0053160642968443 -0.004170698053707 0.0033496678814575 -0.0027768453714726 0.0023448371826976 -0.0020109429560514
-0.0074664096218033 0.0053699232996668 -0.0071891420934345 0.0078307280800411 -0.006030696923493 0.0048276108050212 -0.0040041425412339 0.0033834387231059 -0.002904736155594 0.0025254156354343
0.0061843340056636 -0.0042543649784815 0.0053160642968443 -0.006030696923493 0.005754002468118 -0.004940242215281 0.0042716714290204 -0.0037240759464372 0.0032706147578689 -0.0028975981473679
-0.005221591142935 0.003496089390138 -0.004170698053707 0.0048276108050212 -0.004940242215281 0.0046859810461561 -0.0042556039221932 0.0038311489208759 -0.0034484937542655 0.0031148499152611
0.0044627904229141 -0.0028727603159585 0.0033496678814575 -0.0040041425412339 0.0042716714290204 -0.0042556039221932 0.0040494107899012 -0.0037597545174732 0.0034639559635486 -0.0031881252386917
-0.0038344803493181 0.0024009522002131 -0.0027768453714726 0.0033834387231059 -0.0037240759464372 0.0038311489208759 -0.0037597545174732 0.0035886110128718 -0.0033784718282543 0.0031644896519781
0.0033232891647341 -0.0020376039630516 0.0023448371826976 -0.002904736155594 0.0032706147578689 -0.0034484937542655 0.0034639559635486 -0.0033784718282543 0.003241728037871 -0.003085228457564
-0.0029016761332138 0.0017446521141917 -0.0020109429560514 0.0025254156354343 -0.0028975981473679 0.0031148499152611 -0.0031881252386917 0.0031644896519781 -0.003085228457564 0.0029778467986324
