0.00043859445449503 0.00033390169280167 0.00026513604199334 0.00021786383666878 0.00019523121423843 0.00018278902257106 0.00017372612390061 0.00016651920649714 0.00016036233030724 0.00015520162888386
0.00033390169280167 0.00023922298083141 0.00019209746295065 0.00016163892419532 0.00014596723984676 0.00013728237998681 0.00013112154826074 0.00012619643155594 0.00012180873182651 0.00011795195713174
0.00026513604199334 0.00019209746295065 0.00014904967943031 0.00012550164371119 0.00011300841421486 0.00010626625277188 0.00010189753438367 9.8426297356559e-05 9.5364794105383e-05 9.2606214087624e-05
0.00021786383666878 0.00016163892419532 0.00012550164371119 0.00010107377677892 9.2365398150081e-05 8.8508911324248e-05 8.5572613032237e-05 8.3172411410276e-05 8.0964827783989e-05 7.8918057473079e-05
0.00019523121423843 0.00014596723984676 0.00011300841421486 9.2365398150081e-05 8.4566174745296e-05 8.1140414234126e-05 7.8386689023048e-05 7.6078700008641e-05 7.3966265069205e-05 7.2090148607399e-05
0.00018278902257106 0.00013728237998681 0.00010626625277188 8.8508911324248e-05 8.1140414234126e-05 7.7712117903122e-05 7.5117404479011e-05 7.2965136845207e-05 7.0961274767466e-05 6.9183466161447e-05
0.00017372612390061 0.00013112154826074 0.00010189753438367 8.5572613032237e-05 7.8386689023048e-05 7.5117404479011e-05 7.2688150892357e-05 7.0705178637338e-05 6.8837123834697e-05 6.7179080563236e-05
0.00016651920649714 0.00012619643155594 9.8426297356559e-05 8.3172411410276e-05 7.6078700008641e-05 7.2965136845207e-05 7.0705178637338e-05 6.8871620446132e-05 6.7125955385428e-05 6.556874256007e-05
0.00016036233030724 0.00012180873182651 9.5364794105383e-05 8.0964827783989e-05 7.3966265069205e-05 7.0961274767466e-05 6.8837123834697e-05 6.7125955385428e-05 6.5489854835992e-05 6.4032736573286e-05
0.00015520162888386 0.00011795195713174 9.2606214087624e-05 7.8918057473079e-05 7.2090148607399e-05 6.9183466161447e-05 6.7179080563236e-05 6.556874256007e-05 6.4032736573286e-05 6.2669220913463e-05
