0.01656133502097 -0.0048292126827424 0.0037596391478606 -0.0028251050742493 0.0025162116090058 -0.0022907484810526 0.002020134742559 -0.0017795591647269 0.0015750793846396 -0.0014006447188498
-0.0048292126827424 0.010959187849282 -0.0035686270376027 0.0027899092608152 -0.0020645494131423 0.0017888331568208 -0.001502581708789 0.0012740267989549 -0.0010977510622946 0.00096919119458823
0.0037596391478606 -0.0035686270376027 0.007794886543025 -0.0038372913241555 0.0027465494551496 -0.002209917556489 0.0017754020006362 -0.001470657391718 0.0012366926016328 -0.0010635399326877
-0.0028251050742493 0.0027899092608152 -0.0038372913241555 0.0055083942818302 -0.0037340870787378 0.0029112782014763 -0.0023370655592833 0.0019465638448932 -0.0016605831930665 0.0014426869560636
0.0025162116090058 -0.0020645494131423 0.0027465494551496 -0.0037340870787378 0.0040226107964981 -0.0032662668843301 0.0027109606185079 -0.0023086081189474 0.0019978416038074 -0.0017585302120326
-0.0022907484810526 0.0017888331568208 -0.002209917556489 0.0029112782014763 -0.0032662668843301 0.0031980176355871 -0.0028065104305032 0.0024715071588823 -0.0021851106198321 0.001953866617947
0.002020134742559 -0.001502581708789 0.0017754020006362 -0.0023370655592833 0.0027109606185079 -0.0028065104305032 0.0026654302299438 -0.0024420107406704 0.0022198149519616 -0.0020238582248454
-0.0017795591647269 0.0012740267989549 -0.001470657391718 0.0019465638448932 -0.0023086081189474 0.0024715071588823 -0.0024420107406704 0.0023368863499801 -0.0021856675419614 0.00203541984259
0.0015750793846396 -0.0010977510622946 0.0012366926016328 -0.0016605831930665 0.0019978416038074 -0.0021851106198321 0.0022198149519616 -0.0021856675419614 0.0020995872635937 -0.0019946347679016
-0.0014006447188498 0.00096919119458823 -0.0010635399326877 0.0014426869560636 -0.0017585302120326 0.001953866617947 -0.0020238582248454 0.00203541984259 -0.0019946347679016 0.0019292050274548
