0.015250171627783 0.0053990063502636 0.0038891586086729 0.0036875799092103 0.0032390896364922 0.0022890457409907 0.0019784850774417 0.0017338112960622 0.0015759929687804 0.0014243196097423 0.0012867412293751 0.0011697695862518 0.0010729559225627 0.00098636848916373 0.00091000490316499 0.0008310835431881 0.00076535430684029 0.00070911558361542 0.00068544891007425 0.00061912076939025
0.0053990063502636 0.0092755433568007 0.0030852859719296 0.0024607724535954 0.0023534117354947 0.0017761453817487 0.001464988229471 0.0012244631588752 0.0010862037341011 0.00097902697313846 0.00088636103894692 0.00080812896806985 0.00073335577967288 0.00066656178459064 0.00060563012727701 0.0005585954250148 0.00051461268337958 0.00047705724571463 0.00043988258890246 0.00041326390037551
0.0038891586086729 0.0030852859719296 0.0077454483917921 0.0037665823085126 0.0027497574840372 0.002070177420036 0.0016694452556237 0.0014014370750519 0.0012157068663614 0.0010770129173861 0.00097206514693222 0.00089857871190801 0.0008273008403776 0.00076498789514154 0.00072792776354821 0.0006548510201541 0.00060768549403682 0.00056554591958209 0.0004641840312127 0.00050301119934775
0.0036875799092103 0.0024607724535954 0.0037665823085126 0.0067118214172567 0.0039753686316968 0.0029517634288348 0.0023283483522927 0.0019754123056947 0.0016733403916483 0.0014866977896917 0.0013327839222004 0.0012136850579637 0.0011121003894501 0.0010239739514369 0.00095926037972713 0.0008807807359347 0.0008243643532388 0.00077462396272315 0.00073526493215696 0.00068207637281222
0.0032390896364922 0.0023534117354947 0.0027497574840372 0.0039753686316968 0.0051293165213948 0.0034634602397348 0.0027389900208728 0.0023102385373483 0.0019848962368366 0.0017289237999116 0.0015217517761583 0.0013615923412218 0.0012286196503144 0.0011177602346303 0.0010332587503012 0.00094310817355725 0.00087227643272371 0.00081084988463159 0.00074400193978738 0.00071178155032364
0.0022890457409907 0.0017761453817487 0.002070177420036 0.0029517634288348 0.0034634602397348 0.0035985825292647 0.0028825744802091 0.0024688799685698 0.0021407760661759 0.0019023434554831 0.0016953354369872 0.0015290425169435 0.0013843004330511 0.0012651732270687 0.0011812937371988 0.0010793546216457 0.0010048505560827 0.00093972257044229 0.00087677817613356 0.00083248398254313
0.0019784850774417 0.001464988229471 0.0016694452556237 0.0023283483522927 0.0027389900208728 0.0028825744802091 0.0029433489360427 0.0026246658591991 0.0023563500947419 0.0021318244963616 0.0019452059598452 0.0017831217606457 0.0016395468871276 0.001515726500294 0.0014245677901222 0.0013166966824786 0.0012351742549387 0.0011625906439664 0.00108746278255 0.0010420198786544
0.0017338112960622 0.0012244631588752 0.0014014370750519 0.0019754123056947 0.0023102385373483 0.0024688799685698 0.0026246658591991 0.0025971644153342 0.0024041969508176 0.0022165648494113 0.0020544558869026 0.0019050319408709 0.0017688123931161 0.0016478382386564 0.0015552235166008 0.0014479174151719 0.0013649242371344 0.0012898918174736 0.0012236216429458 0.0011622650247034
0.0015759929687804 0.0010862037341011 0.0012157068663614 0.0016733403916483 0.0019848962368366 0.0021407760661759 0.0023563500947419 0.0024041969508176 0.0023472800634454 0.0022165406191885 0.0020910952008166 0.0019655338620479 0.0018467162372271 0.0017362946502267 0.0016476140505873 0.0015474492027195 0.0014669436637866 0.0013932238676376 0.0013240921126479 0.0012649013411069
0.0014243196097423 0.00097902697313846 0.0010770129173861 0.0014866977896917 0.0017289237999116 0.0019023434554831 0.0021318244963616 0.0022165648494113 0.0022165406191885 0.002157008715667 0.0020728026311735 0.0019758413570052 0.0018778959663348 0.001782944936635 0.0017031863176338 0.0016130322020562 0.0015382104740704 0.0014685470561418 0.0013989076460556 0.0013446581445205
0.0012867412293751 0.00088636103894692 0.00097206514693222 0.0013327839222004 0.0015217517761583 0.0016953354369872 0.0019452059598452 0.0020544558869026 0.0020910952008166 0.0020728026311735 0.0020340837256789 0.0019633488254592 0.0018869685201397 0.0018084117787184 0.0017396192957644 0.0016607390265145 0.0015933161349664 0.0015292727394024 0.0014617033535148 0.0014122998915737
0.0011697695862518 0.00080812896806985 0.00089857871190801 0.0012136850579637 0.0013615923412218 0.0015290425169435 0.0017831217606457 0.0019050319408709 0.0019655338620479 0.0019758413570052 0.0019633488254592 0.0019218241130241 0.0018663297170624 0.0018042903670617 0.0017470866641923 0.0016800837993777 0.0016208794658175 0.0015633450617396 0.0015003788018093 0.0014554362880698
0.0010729559225627 0.00073335577967288 0.0008273008403776 0.0011121003894501 0.0012286196503144 0.0013843004330511 0.0016395468871276 0.0017688123931161 0.0018467162372271 0.0018778959663348 0.0018869685201397 0.0018663297170624 0.0018301209568664 0.0017837789132229 0.0017379128933774 0.0016826420091702 0.0016318355924653 0.0015811033871381 0.0015238371337058 0.0014829911931084
0.00098636848916373 0.00066656178459064 0.00076498789514154 0.0010239739514369 0.0011177602346303 0.0012651732270687 0.001515726500294 0.0016478382386564 0.0017362946502267 0.001782944936635 0.0018084117787184 0.0018042903670617 0.0017837789132229 0.0017517020463798 0.001716529488699 0.0016725043743177 0.0016299993542498 0.0015861686320033 0.0015348625859495 0.001498548879609
0.00091000490316499 0.00060563012727701 0.00072792776354821 0.00095926037972713 0.0010332587503012 0.0011812937371988 0.0014245677901222 0.0015552235166008 0.0016476140505873 0.0017031863176338 0.0017396192957644 0.0017470866641923 0.0017379128933774 0.001716529488699 0.0017056493977013 0.0016552083284363 0.0016197508706335 0.0015819292976666 0.0015360816737277 0.0015036987370652
0.0008310835431881 0.0005585954250148 0.0006548510201541 0.0008807807359347 0.00094310817355725 0.0010793546216457 0.0013166966824786 0.0014479174151719 0.0015474492027195 0.0016130322020562 0.0016607390265145 0.0016800837993777 0.0016826420091702 0.0016725043743177 0.0016552083284363 0.0016307231657283 0.0016033017074925 0.0015724405488558 0.0015329116437721 0.0015053641265946
0.00076535430684029 0.00051461268337958 0.00060768549403682 0.0008243643532388 0.00087227643272371 0.0010048505560827 0.0012351742549387 0.0013649242371344 0.0014669436637866 0.0015382104740704 0.0015933161349664 0.0016208794658175 0.0016318355924653 0.0016299993542498 0.0016197508706335 0.0016033017074925 0.0015823972474289 0.0015573312626366 0.0015232646455765 0.0014997957361114
0.00070911558361542 0.00047705724571463 0.00056554591958209 0.00077462396272315 0.00081084988463159 0.00093972257044229 0.0011625906439664 0.0012898918174736 0.0013932238676376 0.0014685470561418 0.0015292727394024 0.0015633450617396 0.0015811033871381 0.0015861686320033 0.0015819292976666 0.0015724405488558 0.0015573312626366 0.0015375781042452 0.0015085437779625 0.0014889829010639
0.00068544891007425 0.00043988258890246 0.0004641840312127 0.00073526493215696 0.00074400193978738 0.00087677817613356 0.00108746278255 0.0012236216429458 0.0013240921126479 0.0013989076460556 0.0014617033535148 0.0015003788018093 0.0015238371337058 0.0015348625859495 0.0015360816737277 0.0015329116437721 0.0015232646455765 0.0015085437779625 0.0016399242601378 0.0014687053148983
0.00061912076939025 0.00041326390037551 0.00050301119934775 0.00068207637281222 0.00071178155032364 0.00083248398254313 0.0010420198786544 0.0011622650247034 0.0012649013411069 0.0013446581445205 0.0014122998915737 0.0014554362880698 0.0014829911931084 0.001498548879609 0.0015036987370652 0.0015053641265946 0.0014997957361114 0.0014889829010639 0.0014687053148983 0.0014654223897092
