0.001508010074404 0.0011326927095933 0.0009607121963359 0.00080814113847407 0.00073104905657389 0.00068200352879333 0.00064915079964973 0.00063136134164308 0.00062849721348047 0.00062808375451617
0.0011326927095933 0.00076061109305911 0.00060322869986019 0.00050210830256728 0.00044378476075377 0.00042395987453042 0.00041521630175447 0.00041797694889163 0.00042551580382825 0.00043376199488486
0.0009607121963359 0.00060322869986019 0.00054861080171176 0.00044631051693033 0.00041239952923389 0.0003953190537833 0.00038154664202711 0.00037859178026935 0.00038036337102763 0.00038254310086369
0.00080814113847407 0.00050210830256728 0.00044631051693033 0.00035049227432516 0.00034063390695203 0.00032545705933467 0.00031237412034697 0.00030716054108883 0.00030549728684333 0.00030441824088673
0.00073104905657389 0.00044378476075377 0.00041239952923389 0.00034063390695203 0.00031617564122165 0.00029875062672919 0.00028199423562127 0.00027366835524117 0.00026974633064947 0.00026729981539502
0.00068200352879333 0.00042395987453042 0.0003953190537833 0.00032545705933467 0.00029875062672919 0.00027874807248465 0.00026169871097214 0.00025330734315877 0.0002494735028515 0.0002474794903835
0.00064915079964973 0.00041521630175447 0.00038154664202711 0.00031237412034697 0.00028199423562127 0.00026169871097214 0.00024445104504527 0.00023708262469559 0.00023429079167888 0.00023361445324565
0.00063136134164308 0.00041797694889163 0.00037859178026935 0.00030716054108883 0.00027366835524117 0.00025330734315877 0.00023708262469559 0.00023131271113522 0.00023019500273113 0.00023110555547031
0.00062849721348047 0.00042551580382825 0.00038036337102763 0.00030549728684333 0.00026974633064947 0.0002494735028515 0.00023429079167888 0.00023019500273113 0.00023076157452613 0.00023333039947346
0.00062808375451617 0.00043376199488486 0.00038254310086369 0.00030441824088673 0.00026729981539502 0.0002474794903835 0.00023361445324565 0.00023110555547031 0.00023333039947346 0.00023745648093917
