3.1415926535898 -0.38466189599293 2.6132590108418 -1.7287493512787 1.2128963187182 -2.2058015200436 0.025501627322939 2.5666889911733 -0.8930122588548 1.9651202637053
0.38466189599293 3.1415926535898 -0.050095133458331 3.0981676463613 0.15654726452312 -2.8194472862573 0.41308452873397 -2.6748706283961 0.52577715899831 -2.582499742084
-2.6132590108418 0.050095133458331 3.1415926535898 0.081356600568216 -2.9803359448445 0.31609617854402 -2.6967456401613 0.45915547872242 -2.7318502596411 0.32187454482936
1.7287493512787 -3.0981676463613 -0.081356600568216 3.1415926535898 -0.016170542956225 3.1236586523496 -0.012531570374266 3.0867464593518 -0.10296022135578 2.979237673191
-1.2128963187182 -0.15654726452312 2.9803359448445 0.016170542956225 3.1415926535898 -0.053564032870637 3.0478608467125 -0.12839779088576 2.9839398167529 -0.19481986439565
2.2058015200436 2.8194472862573 -0.31609617854402 -3.1236586523496 0.053564032870637 3.1415926535898 -0.029321968312941 3.0901734975564 -0.070288105243984 3.0459346215003
-0.025501627322939 -0.41308452873397 2.6967456401613 0.012531570374266 -3.0478608467125 0.029321968312941 3.1415926535898 -0.020081375773032 3.1056938036215 -0.057210434261673
-2.5666889911733 2.6748706283961 -0.45915547872242 -3.0867464593518 0.12839779088576 -3.0901734975564 0.020081375773032 3.1415926535898 -0.014769733590612 3.1081888674769
0.8930122588548 -0.52577715899831 2.7318502596411 0.10296022135578 -2.9839398167529 0.070288105243984 -3.1056938036215 0.014769733590612 3.1415926535898 -0.016872998733857
-1.9651202637053 2.582499742084 -0.32187454482936 -2.979237673191 0.19481986439565 -3.0459346215003 0.057210434261673 -3.1081888674769 0.016872998733857 3.1415926535898
