0 3.0529491593519 0.026128472927952 3.1173822306167 -0.07280578677711 3.0349066272371 -0.1441538865866 2.9588320582357 -0.21758169955322 2.8906705169989
-3.0529491593519 0 3.1127570948955 -0.048705289480012 3.0993515844593 -0.037740540576779 3.1189735159077 -0.010735047979425 -3.1376697250168 0.0210009316849
-0.026128472927952 -3.1127570948955 0 -3.1323411612673 0.0029940310893984 3.1397003145279 -0.005234137678294 3.1365706185302 -0.0044268920966055 3.1376349347575
-3.1173822306167 0.048705289480012 3.1323411612673 0 3.1333971922928 -0.012152392514999 3.1252550382503 -0.018586965157308 3.1218950046969 -0.020197999569292
0.07280578677711 -3.0993515844593 -0.0029940310893984 -3.1333971922928 0 3.138424475658 -0.0071490673498827 3.1319326863325 -0.011246866701076 3.1295136943547
-3.0349066272371 0.037740540576779 -3.1397003145279 0.012152392514999 -3.138424475658 0 3.1384694953954 -0.0050142972319112 3.1356515549514 -0.0062375578567774
0.1441538865866 -3.1189735159077 0.005234137678294 -3.1252550382503 0.0071490673498827 -3.1384694953954 0 3.1394969707727 -0.0031572649439218 3.1379644112629
-2.9588320582357 0.010735047979425 -3.1365706185302 0.018586965157308 -3.1319326863325 0.0050142972319112 -3.1394969707727 0 3.1405653848264 -0.0015089025331047
0.21758169955322 3.1376697250168 0.0044268920966055 -3.1218950046969 0.011246866701076 -3.1356515549514 0.0031572649439218 -3.1405653848264 0 3.1410886617137
-2.8906705169989 -0.0210009316849 -3.1376349347575 0.020197999569292 -3.1295136943547 0.0062375578567774 -3.1379644112629 0.0015089025331047 -3.1410886617137 0
