3.1415926535898 0.24077928701302 -2.5348415534336 0.82482588124973 -2.0582850717143 1.1249261666558 -1.9551137182788 1.1977121356435 -1.9186149177204 1.248779865943
-0.24077928701302 3.1415926535898 -0.0034197853543901 -3.1293446279237 -0.024596987777964 3.0965522418901 -0.019190320642135 -3.1382472569254 0.031608734083022 -3.0821328119151
2.5348415534336 0.0034197853543901 3.1415926535898 0.0022010117397394 3.1352563229825 -0.0076248313596325 3.1283054932382 -0.020882307740314 3.1165280258161 -0.028143233123541
-0.82482588124973 3.1293446279237 -0.0022010117397394 3.1415926535898 -0.0031818775142156 3.1336149701129 -0.013184527349217 3.1189448949174 -0.032798196093758 3.0988023506226
2.0582850717143 0.024596987777964 -3.1352563229825 0.0031818775142156 3.1415926535898 -0.004895623205988 3.1310175104718 -0.018770877759923 3.114019442219 -0.035936858905102
-1.1249261666558 -3.0965522418901 0.0076248313596325 -3.1336149701129 0.004895623205988 3.1415926535898 -0.0055562417486289 3.129471451869 -0.019140123578797 3.1159998973167
1.9551137182788 0.019190320642135 -3.1283054932382 0.013184527349217 -3.1310175104718 0.0055562417486289 3.1415926535898 -0.0054780903916355 3.1305449673408 -0.015887861797366
-1.1977121356435 3.1382472569254 0.020882307740314 -3.1189448949174 0.018770877759923 -3.129471451869 0.0054780903916355 3.1415926535898 -0.0051180717498753 3.1322291810592
1.9186149177204 -0.031608734083022 -3.1165280258161 0.032798196093758 -3.114019442219 0.019140123578797 -3.1305449673408 0.0051180717498753 3.1415926535898 -0.0040656794339935
-1.248779865943 3.0821328119151 0.028143233123541 -3.0988023506226 0.035936858905102 -3.1159998973167 0.015887861797366 -3.1322291810592 0.0040656794339935 3.1415926535898
