0.10141531515653 0.00045629158329253 -0.0004452586943853 0.00028948225359337 -0.00034948256049601 0.00026171057823201 -0.00023801261162071 0.00022990050590493 -0.00021753611663993 0.00020208330241778
0.00045629158329253 0.0071661351672732 -0.0023279879584192 0.00069846565232048 -0.00027931669263805 0.00014983798110054 -0.00029897705757183 0.00039464291209457 -0.00043668169834842 0.00038317655802847
-0.0004452586943853 -0.0023279879584192 0.0080591407008097 -0.0018586606937148 0.0016624460969489 -0.0012447881037558 0.0011290115545749 -0.0010474282452969 0.00098870361925976 -0.00092072290232228
0.00028948225359337 0.00069846565232048 -0.0018586606937148 0.0061144591765141 -0.0032295808871095 0.0025670896189931 -0.0018397742876975 0.0014451112225392 -0.0011796703753207 0.00097168091859016
-0.00034948256049601 -0.00027931669263805 0.0016624460969489 -0.0032295808871095 0.0060231839548424 -0.0045011701471586 0.003645710580806 -0.0030074642970211 0.0025418542358983 -0.0021782909574298
0.00026171057823201 0.00014983798110054 -0.0012447881037558 0.0025670896189931 -0.0045011701471586 0.0044980493479552 -0.0039038569528688 0.0033276842108794 -0.0028555892069574 0.0024941287519457
-0.00023801261162071 -0.00029897705757183 0.0011290115545749 -0.0018397742876975 0.003645710580806 -0.0039038569528688 0.0039944080329856 -0.0037097964405053 0.0033650704977477 -0.0030498884240656
0.00022990050590493 0.00039464291209457 -0.0010474282452969 0.0014451112225392 -0.0030074642970211 0.0033276842108794 -0.0037097964405053 0.0036958918605556 -0.0034966978736882 0.0032543603134914
-0.00021753611663993 -0.00043668169834842 0.00098870361925976 -0.0011796703753207 0.0025418542358983 -0.0028555892069574 0.0033650704977477 -0.0034966978736882 0.0034153170953212 -0.0032463064978534
0.00020208330241778 0.00038317655802847 -0.00092072290232228 0.00097168091859016 -0.0021782909574298 0.0024941287519457 -0.0030498884240656 0.0032543603134914 -0.0032463064978534 0.003139285981648
