-0.00069273514628675 -0.0018502476340234 0.0012349229403211 -0.00098650711953087 0.00083631124577385 -0.00073768473602673 0.00065305031888815 -0.00059097520031749 0.00053934742639343 -0.00049716230450379
-0.0018502476340234 -0.012339391349976 0.0032778445406034 -0.0019486375671566 0.001339084127969 -0.0010449914889296 0.00076871248387298 -0.0005947063880404 0.00046554239982945 -0.00037699428596414
0.0012349229403211 0.0032778445406034 -0.0097285534954436 0.0046089044831203 -0.0031545131570276 0.0023476421317529 -0.0018271358010862 0.0014940762286157 -0.0012642690301187 0.0010931209011428
-0.00098650711953087 -0.0019486375671566 0.0046089044831203 -0.0064268903057307 0.0046700884585188 -0.0036466945414383 0.0029644231433634 -0.0024810778628773 0.0021200706760455 -0.0018382012348299
0.00083631124577385 0.001339084127969 -0.0031545131570276 0.0046700884585188 -0.0050710022913823 0.0043819464745792 -0.0037607720103929 0.0032449435362947 -0.0028271450516034 0.0024847528495246
-0.00073768473602673 -0.0010449914889296 0.0023476421317529 -0.0036466945414383 0.0043819464745792 -0.0043686729004983 0.004004046342869 -0.0036015465402613 0.0032303131635055 -0.0029017549062025
0.00065305031888815 0.00076871248387298 -0.0018271358010862 0.0029644231433634 -0.0037607720103929 0.004004046342869 -0.0039071667727973 0.0036609782947979 -0.0033842555143791 0.0031122173913668
-0.00059097520031749 -0.0005947063880404 0.0014940762286157 -0.0024810778628773 0.0032449435362947 -0.0036015465402613 0.0036609782947979 -0.0035602478737574 0.0033860176405342 -0.0031844546204112
0.00053934742639343 0.00046554239982945 -0.0012642690301187 0.0021200706760455 -0.0028271450516034 0.0032303131635055 -0.0033842555143791 0.0033860176405342 -0.003300152694084 0.0031663835172972
-0.00049716230450379 -0.00037699428596414 0.0010931209011428 -0.0018382012348299 0.0024847528495246 -0.0029017549062025 0.0031122173913668 -0.0031844546204112 0.0031663835172972 -0.0030908683346669
