0.0001730528584321 0.00087344788492285 0.00092310720323087 0.00084266461024172 0.00067540068350214 0.0005814233306416 0.00052290755095041 0.00048022272388723 0.00045233329060929 0.00043358502832403
0.00087344788492285 0.00034760028726413 0.00025824312840148 0.00023166012431909 0.00019301282440099 0.000157745038895 0.00013766731638812 0.00012373069361774 0.00011491451482609 0.00011006245851511
0.00092310720323087 0.00025824312840148 0.00036894043986627 0.00026011050329176 0.00018427902249678 0.00016628987773104 0.00015028254711582 0.0001402471511304 0.00013292105601399 0.000128084162297
0.00084266461024172 0.00023166012431909 0.00026011050329176 0.00031851276239867 0.00019680160795456 0.00015762349183932 0.0001436893600682 0.00012873271400454 0.0001205763024014 0.00011467664173918
0.00067540068350214 0.00019301282440099 0.00018427902249678 0.00019680160795456 0.00020989030608098 0.0001586556075335 0.00013900054233315 0.00012227951140126 0.0001112880444063 0.00010487575494099
0.0005814233306416 0.000157745038895 0.00016628987773104 0.00015762349183932 0.0001586556075335 0.00015141901897884 0.0001309449882387 0.0001139442851402 0.00010163503315419 9.4100822573776e-05
0.00052290755095041 0.00013766731638812 0.00015028254711582 0.0001436893600682 0.00013900054233315 0.0001309449882387 0.00012446516963006 0.00011088760302928 0.0001004253663645 9.3203002501856e-05
0.00048022272388723 0.00012373069361774 0.0001402471511304 0.00012873271400454 0.00012227951140126 0.0001139442851402 0.00011088760302928 0.00010297130494746 9.5804179674939e-05 9.0266723106877e-05
0.00045233329060929 0.00011491451482609 0.00013292105601399 0.0001205763024014 0.0001112880444063 0.00010163503315419 0.0001004253663645 9.5804179674939e-05 9.1917573818952e-05 8.812475419722e-05
0.00043358502832403 0.00011006245851511 0.000128084162297 0.00011467664173918 0.00010487575494099 9.4100822573776e-05 9.3203002501856e-05 9.0266723106877e-05 8.812475419722e-05 8.5768198426641e-05
