0.00060127330209495 0.00044246369457924 0.00036522803328313 0.000304948777657 0.00027665528105164 0.00025860123010892 0.00024732237581133 0.00023843446926544 0.00023110795996843 0.00022472861891722
0.00044246369457924 0.00032738357722976 0.00025220723533922 0.00021601138506964 0.00019636992600662 0.00018231955124719 0.00017365368777508 0.00016747560628397 0.00016242149833878 0.00015815522074389
0.00036522803328313 0.00025220723533922 0.00019455968981583 0.00017312292462373 0.00015913758745839 0.00014969198338439 0.00014354676866261 0.0001387077976056 0.00013459908508085 0.0001313075618801
0.000304948777657 0.00021601138506964 0.00017312292462373 0.00015152795886161 0.00014094792747598 0.00013366088169372 0.00012864004859944 0.00012430598218462 0.00012046393165484 0.00011717808593004
0.00027665528105164 0.00019636992600662 0.00015913758745839 0.00014094792747598 0.00013165679447777 0.00012484104613137 0.00012011673808659 0.00011602688958738 0.00011243490805458 0.00010929309715328
0.00025860123010892 0.00018231955124719 0.00014969198338439 0.00013366088169372 0.00012484104613137 0.00011860113507932 0.00011434257843897 0.00011064934848732 0.00010740558265092 0.00010456049605276
0.00024732237581133 0.00017365368777508 0.00014354676866261 0.00012864004859944 0.00012011673808659 0.00011434257843897 0.00011037923945916 0.00010699242190405 0.00010407502491474 0.00010152129396727
0.00023843446926544 0.00016747560628397 0.0001387077976056 0.00012430598218462 0.00011602688958738 0.00011064934848732 0.00010699242190405 0.00010390710185206 0.00010128959209363 9.9001752451916e-05
0.00023110795996843 0.00016242149833878 0.00013459908508085 0.00012046393165484 0.00011243490805458 0.00010740558265092 0.00010407502491474 0.00010128959209363 9.8948147858297e-05 9.6899041096857e-05
0.00022472861891722 0.00015815522074389 0.0001313075618801 0.00011717808593004 0.00010929309715328 0.00010456049605276 0.00010152129396727 9.9001752451916e-05 9.6899041096857e-05 9.5079575787389e-05
