0.005416621168039 -0.0026123160021973 0.0015618260453058 -0.00211523164349 0.0013837286235015 -0.0014668545825143 0.0013272227444202 -0.0010407460091236 0.00092674572888089 -0.00077757831588437
-0.0026123160021973 0.0070031534528537 -0.0012886366475038 0.0028912490649519 -0.0021124486417536 0.002310410787444 -0.001961368323174 0.001598403765844 -0.001518356000396 0.0013235362921759
0.0015618260453058 -0.0012886366475038 0.005131539804484 -0.0012640090709345 0.00120165276949 -0.0007564495157565 0.00034666364722963 -2.2132621781728e-05 -3.6562286734149e-05 3.7136804856363e-06
-0.00211523164349 0.0028912490649519 -0.0012640090709345 0.004253771655696 -0.0025114930808791 0.0022733023854862 -0.0019285874960536 0.0015646941645234 -0.0014461594488828 0.001319260856057
0.0013837286235015 -0.0021124486417536 0.00120165276949 -0.0025114930808791 0.0049617913867182 -0.0027107414637772 0.0022988737370749 -0.0018708507401614 0.0016462756710171 -0.0014963644969684
-0.0014668545825143 0.002310410787444 -0.0007564495157565 0.0022733023854862 -0.0027107414637772 0.003390905362546 -0.0029555912136453 0.002455773456724 -0.0021912507712948 0.0019331175390796
0.0013272227444202 -0.001961368323174 0.00034666364722963 -0.0019285874960536 0.0022988737370749 -0.0029555912136453 0.0031581152377461 -0.0026335839577444 0.0023741824605213 -0.0020913211948188
-0.0010407460091236 0.001598403765844 -2.2132621781728e-05 0.0015646941645234 -0.0018708507401614 0.002455773456724 -0.0026335839577444 0.0026018707992882 -0.0023279925329029 0.0020707624953304
0.00092674572888089 -0.001518356000396 -3.6562286734149e-05 -0.0014461594488828 0.0016462756710171 -0.0021912507712948 0.0023741824605213 -0.0023279925329029 0.0021747436406342 -0.0019680094829099
-0.00077757831588437 0.0013235362921759 3.7136804856363e-06 0.001319260856057 -0.0014963644969684 0.0019331175390796 -0.0020913211948188 0.0020707624953304 -0.0019680094829099 0.0018197035573467
