0.0003795352657533 0.00032927114995539 0.00027283383272963 0.00022657974913076 0.00020354479728997 0.00018628460505003 0.00017435705849904 0.00016592482209385 0.00015950489889053 0.0001542921495404
0.00032927114995539 0.00028631537090142 0.00022943917164669 0.00019229820850249 0.00017134056211105 0.00015896703252211 0.00014882648702997 0.00014138534938702 0.00013544411478952 0.00013080887534948
0.00027283383272963 0.00022943917164669 0.00019061140530231 0.00015984544976315 0.0001432427729923 0.00013256420199457 0.00012531816998998 0.00012060544307792 0.00011684687716716 0.00011364879797761
0.00022657974913076 0.00019229820850249 0.00015984544976315 0.00012869849295392 0.00011679508066157 0.0001082729645222 0.00010344017108226 0.00010022544294282 9.7927906163931e-05 9.5915929268136e-05
0.00020354479728997 0.00017134056211105 0.0001432427729923 0.00011679508066157 0.00010783314688286 9.9373344393357e-05 9.507489443691e-05 9.2092983981302e-05 9.0093480394856e-05 8.83271012588e-05
0.00018628460505003 0.00015896703252211 0.00013256420199457 0.0001082729645222 9.9373344393357e-05 9.2175062679644e-05 8.8623127654701e-05 8.6193024246116e-05 8.4507293102925e-05 8.2956982761622e-05
0.00017435705849904 0.00014882648702997 0.00012531816998998 0.00010344017108226 9.507489443691e-05 8.8623127654701e-05 8.5722704567896e-05 8.367949967877e-05 8.2237536199497e-05 8.0828720003758e-05
0.00016592482209385 0.00014138534938702 0.00012060544307792 0.00010022544294282 9.2092983981302e-05 8.6193024246116e-05 8.367949967877e-05 8.1840214440077e-05 8.0539887271984e-05 7.9246768059715e-05
0.00015950489889053 0.00013544411478952 0.00011684687716716 9.7927906163931e-05 9.0093480394856e-05 8.4507293102925e-05 8.2237536199497e-05 8.0539887271984e-05 7.9338821521363e-05 7.8147644615451e-05
0.0001542921495404 0.00013080887534948 0.00011364879797761 9.5915929268136e-05 8.83271012588e-05 8.2956982761622e-05 8.0828720003758e-05 7.9246768059715e-05 7.8147644615451e-05 7.7077649800161e-05
