0.00098951237995683 0.00092340363253599 0.00071541711289727 0.0005860643668383 0.00045910399915478 0.00043739620238128 0.00041743927986057 0.00040037265617916 0.00038057170912656 0.00036587016167419
0.00092340363253599 0.00089478777962183 0.00063521157425613 0.00053313834871773 0.0004298754315516 0.00038008747413554 0.0003443562328386 0.00031601481394219 0.00029623078594797 0.00028164450300077
0.00071541711289727 0.00063521157425613 0.00052145013532429 0.00041513351941379 0.00034712377053772 0.00029697626331756 0.00027418661922925 0.0002488881480044 0.00023077982482113 0.00021996158444111
0.0005860643668383 0.00053313834871773 0.00041513351941379 0.00036044792813312 0.00029778671184023 0.000254402291452 0.00023261174312658 0.00021526382057714 0.00020507020489373 0.00019799269663657
0.00045910399915478 0.0004298754315516 0.00034712377053772 0.00029778671184023 0.00021379004523343 0.00018627082154419 0.00018500008499936 0.00017976386044059 0.00017605736647931 0.00017416774495385
0.00043739620238128 0.00038008747413554 0.00029697626331756 0.000254402291452 0.00018627082154419 0.0001652037389838 0.00016594398664845 0.00015997825093084 0.00015720942745032 0.00015539606910406
0.00041743927986057 0.0003443562328386 0.00027418661922925 0.00023261174312658 0.00018500008499936 0.00016594398664845 0.00016312915362277 0.00015782677132215 0.00015523864645183 0.00015327383245803
0.00040037265617916 0.00031601481394219 0.0002488881480044 0.00021526382057714 0.00017976386044059 0.00015997825093084 0.00015782677132215 0.00015258342537948 0.00015020513889218 0.00014825966380405
0.00038057170912656 0.00029623078594797 0.00023077982482113 0.00020507020489373 0.00017605736647931 0.00015720942745032 0.00015523864645183 0.00015020513889218 0.00014742885700602 0.00014531312794534
0.00036587016167419 0.00028164450300077 0.00021996158444111 0.00019799269663657 0.00017416774495385 0.00015539606910406 0.00015327383245803 0.00014825966380405 0.00014531312794534 0.00014301201869984
