0.064684619184122 0.025605829273917 0.01845963087125 0.014702236947857 0.012171651439347 0.010296822627373 0.0089549690505305 0.0079131460611576 0.0071005687677845 0.0064524606771738
0.025605829273917 0.019335534357665 0.017022281806334 0.015047509685358 0.013226249458594 0.011600866642081 0.010206830642372 0.0089815939153973 0.0079171676786436 0.0069937105000274
0.01845963087125 0.017022281806334 0.017035863050296 0.016132447223994 0.014821064534384 0.013420228585708 0.012050380496354 0.010768957992705 0.0095953366502985 0.0085365197698234
0.014702236947857 0.015047509685358 0.016132447223994 0.016066534718297 0.015329797752773 0.014300398897182 0.013143889815992 0.011976758414305 0.010845801350433 0.0097813874836899
0.012171651439347 0.013226249458594 0.014821064534384 0.015329797752773 0.01509566956531 0.014453400805652 0.013577916795725 0.012604699843909 0.011599553842297 0.010609420017713
0.010296822627373 0.011600866642081 0.013420228585708 0.014300398897182 0.014453400805652 0.014152479148542 0.013552890801578 0.012794824066573 0.011950577968373 0.011076261939516
0.0089549690505305 0.010206830642372 0.012050380496354 0.013143889815992 0.013577916795725 0.013552890801578 0.013211345339497 0.012667524316219 0.011997937408096 0.011261684085635
0.0079131460611576 0.0089815939153973 0.010768957992705 0.011976758414305 0.012604699843909 0.012794824066573 0.012667524316219 0.012316041759597 0.01181334054088 0.011217337948807
0.0071005687677845 0.0079171676786436 0.0095953366502985 0.010845801350433 0.011599553842297 0.011950577968373 0.011997937408096 0.01181334054088 0.011463314904036 0.011001943440724
0.0064524606771738 0.0069937105000274 0.0085365197698234 0.0097813874836899 0.010609420017713 0.011076261939516 0.011261684085635 0.011217337948807 0.011001943440724 0.010664311891489
