0.00042409701408664 0.00036010107357272 0.0002920803092058 0.00024208442060355 0.00021297881642192 0.00019804447286406 0.00018838613139549 0.00018047316094038 0.00017411486584758 0.00016876722406018
0.00036010107357272 0.00029587445217059 0.00023878302605962 0.00020002089760827 0.00017867045815103 0.00016561234659581 0.00015682099610702 0.00015002774283791 0.00014486128292947 0.0001406659441911
0.0002920803092058 0.00023878302605962 0.00019734394806125 0.00016480548062772 0.00014931610001089 0.00013828879483133 0.00013156702316088 0.00012600491534436 0.00012143955449822 0.00011766722902806
0.00024208442060355 0.00020002089760827 0.00016480548062772 0.00013281711560897 0.00011959440522567 0.00011248926044566 0.00010872149877177 0.00010544746238048 0.00010262745358355 0.00010027174509985
0.00021297881642192 0.00017867045815103 0.00014931610001089 0.00011959440522567 0.0001083811883533 0.00010191832853361 9.8106412791064e-05 9.4902316557386e-05 9.2127372544426e-05 8.9834891340086e-05
0.00019804447286406 0.00016561234659581 0.00013828879483133 0.00011248926044566 0.00010191832853361 9.6266521514091e-05 9.2478421926822e-05 8.9305795446892e-05 8.663072962795e-05 8.4484550807807e-05
0.00018838613139549 0.00015682099610702 0.00013156702316088 0.00010872149877177 9.8106412791064e-05 9.2478421926822e-05 8.8679462860821e-05 8.5617525499808e-05 8.3100308176706e-05 8.1142298624466e-05
0.00018047316094038 0.00015002774283791 0.00012600491534436 0.00010544746238048 9.4902316557386e-05 8.9305795446892e-05 8.5617525499808e-05 8.267626362702e-05 8.0314389975084e-05 7.8529117665686e-05
0.00017411486584758 0.00014486128292947 0.00012143955449822 0.00010262745358355 9.2127372544426e-05 8.663072962795e-05 8.3100308176706e-05 8.0314389975084e-05 7.8136343394475e-05 7.6538511392706e-05
0.00016876722406018 0.0001406659441911 0.00011766722902806 0.00010027174509985 8.9834891340086e-05 8.4484550807807e-05 8.1142298624466e-05 7.8529117665686e-05 7.6538511392706e-05 7.5134928772008e-05
