0.00016396730625062 0.00086394229104734 0.00088339166033118 0.00082273415864696 0.00067578893075065 0.00056880897122157 0.00050248189962811 0.00045692354481799 0.00042673220389487 0.0004061936767466
0.00086394229104734 0.00034019831719771 0.00024368055406945 0.00022633364890792 0.00017719542730039 0.00015500940512394 0.00013403783801565 0.00012397083154584 0.00011610884365369 0.00011077045781858
0.00088339166033118 0.00024368055406945 0.00032979261191871 0.00024291202253433 0.00019006333495407 0.00016318928683334 0.00014245165931098 0.00012873693847231 0.00011977908391186 0.00011361941711194
0.00082273415864696 0.00022633364890792 0.00024291202253433 0.00030421485692782 0.00018700950268911 0.00015503515263916 0.00013440359368373 0.00012040681485723 0.00011169340305184 0.00010504798219981
0.00067578893075065 0.00017719542730039 0.00019006333495407 0.00018700950268911 0.00018717366655035 0.000145120430011 0.00012237752853981 0.00010436652720151 9.388677378727e-05 8.7138704702623e-05
0.00056880897122157 0.00015500940512394 0.00016318928683334 0.00015503515263916 0.000145120430011 0.00015180120250733 0.00012483538224567 0.00010529331094894 9.236728449468e-05 8.4223175468485e-05
0.00050248189962811 0.00013403783801565 0.00014245165931098 0.00013440359368373 0.00012237752853981 0.00012483538224567 0.00011555396583352 0.00010020592489119 8.9408648898071e-05 8.1723743723461e-05
0.00045692354481799 0.00012397083154584 0.00012873693847231 0.00012040681485723 0.00010436652720151 0.00010529331094894 0.00010020592489119 9.1494248425131e-05 8.3520343855433e-05 7.7487938842645e-05
0.00042673220389487 0.00011610884365369 0.00011977908391186 0.00011169340305184 9.388677378727e-05 9.236728449468e-05 8.9408648898071e-05 8.3520343855433e-05 7.87176621134e-05 7.4332896978837e-05
0.0004061936767466 0.00011077045781858 0.00011361941711194 0.00010504798219981 8.7138704702623e-05 8.4223175468485e-05 8.1723743723461e-05 7.7487938842645e-05 7.4332896978837e-05 7.1320850359061e-05
