0.00033585236873664 0.00030359290343101 0.00025185012107271 0.00020296938269185 0.00018022365299148 0.00016387228432475 0.00015389014888148 0.00014650769319501 0.00014051866289828 0.00013568264870245
0.00030359290343101 0.00027658317977209 0.00022000016935662 0.00017835189114357 0.00015088187878202 0.00013562920901771 0.00012712983444078 0.00012083108570266 0.00011604289847189 0.00011226261870087
0.00025185012107271 0.00022000016935662 0.00018426676755426 0.00014922511725183 0.00013013808552155 0.00011805734009848 0.00011177408089291 0.00010665549468021 0.00010251225508376 9.9061314572965e-05
0.00020296938269185 0.00017835189114357 0.00014922511725183 0.00012753576361411 0.00011016764799341 9.9703793531092e-05 9.3020018407092e-05 8.8319653048593e-05 8.4524968056221e-05 8.1480744421812e-05
0.00018022365299148 0.00015088187878202 0.00013013808552155 0.00011016764799341 9.4100653051185e-05 8.6220199830993e-05 8.1153373590816e-05 7.7639201997383e-05 7.4772317196132e-05 7.2388817475167e-05
0.00016387228432475 0.00013562920901771 0.00011805734009848 9.9703793531092e-05 8.6220199830993e-05 8.0543128630694e-05 7.608266353503e-05 7.2845518828586e-05 7.0053307284034e-05 6.7803182180412e-05
0.00015389014888148 0.00012712983444078 0.00011177408089291 9.3020018407092e-05 8.1153373590816e-05 7.608266353503e-05 7.184141335766e-05 6.8790575683531e-05 6.6148844880184e-05 6.4068093120928e-05
0.00014650769319501 0.00012083108570266 0.00010665549468021 8.8319653048593e-05 7.7639201997383e-05 7.2845518828586e-05 6.8790575683531e-05 6.5907040296048e-05 6.3436919313563e-05 6.1537994566433e-05
0.00014051866289828 0.00011604289847189 0.00010251225508376 8.4524968056221e-05 7.4772317196132e-05 7.0053307284034e-05 6.6148844880184e-05 6.3436919313563e-05 6.1171268492136e-05 5.9465666796698e-05
0.00013568264870245 0.00011226261870087 9.9061314572965e-05 8.1480744421812e-05 7.2388817475167e-05 6.7803182180412e-05 6.4068093120928e-05 6.1537994566433e-05 5.9465666796698e-05 5.7935719316354e-05
