3.1415926535898 0.1492200366024 2.9264245902463 0.11157413052318 -2.9743087958586 0.33615661642361 -2.7601434443041 0.44760099831366 -2.6489960254329 0.55659384759982
-0.1492200366024 3.1415926535898 0.012601280115958 -3.1241532849306 -0.083833378443674 3.0648406739545 -0.081790708197579 3.0277138779677 -0.12957944117973 2.9833898692062
-2.9264245902463 -0.012601280115958 3.1415926535898 0.0038977310401538 3.0945050642561 -0.041639439174536 3.0833081451378 -0.083088783350286 3.0289403406228 -0.137671056843
-0.11157413052318 3.1241532849306 -0.0038977310401538 3.1415926535898 0.0021322950940935 -3.1389232667619 -0.015539895111454 3.1150519014081 -0.039805282372107 3.0926416464811
2.9743087958586 0.083833378443674 -3.0945050642561 -0.0021322950940935 3.1415926535898 0.0050882144669434 3.1330975446902 -0.018806712401776 3.1105377641472 -0.040282071679933
-0.33615661642361 -3.0648406739545 0.041639439174536 3.1389232667619 -0.0050882144669434 3.1415926535898 -0.01381153304711 3.1176052411816 -0.035228674028932 3.0977581844015
2.7601434443041 0.081790708197579 -3.0833081451378 0.015539895111454 -3.1330975446902 0.01381153304711 3.1415926535898 -0.0092622973001069 3.1223011482579 -0.027555978914652
-0.44760099831366 -3.0277138779677 0.083088783350286 -3.1150519014081 0.018806712401776 -3.1176052411816 0.0092622973001069 3.1415926535898 -0.0092909437999554 3.1246960950914
2.6489960254329 0.12957944117973 -3.0289403406228 0.039805282372107 -3.1105377641472 0.035228674028932 -3.1223011482579 0.0092909437999554 3.1415926535898 -0.0073338718206564
-0.55659384759982 -2.9833898692062 0.137671056843 -3.0926416464811 0.040282071679933 -3.0977581844015 0.027555978914652 -3.1246960950914 0.0073338718206564 3.1415926535898
