0.00041162087668105 0.00030756221409426 0.00024838382974771 0.00021111225455431 0.00018330860819578 0.00016348872781465 0.00015193438468622 0.00014425007748389 0.00013830473591184 0.0001338876776655
0.00030756221409426 0.00022578260739727 0.00018666722398995 0.00015210071418115 0.00012995626537267 0.00011842353840981 0.00011143803856217 0.00010624515916049 0.00010240278379061 9.9435617734884e-05
0.00024838382974771 0.00018666722398995 0.00015456928839274 0.0001246777783111 0.00010994482517162 0.00010065211047006 9.4446432415385e-05 8.9999517455906e-05 8.6365906556033e-05 8.3567556271418e-05
0.00021111225455431 0.00015210071418115 0.0001246777783111 0.00010127731848803 8.8172913984587e-05 8.2128811976057e-05 7.7708786416571e-05 7.4388260433217e-05 7.1721262724244e-05 6.9637832463529e-05
0.00018330860819578 0.00012995626537267 0.00010994482517162 8.8172913984587e-05 7.626056049941e-05 7.1634466541211e-05 6.8260095509239e-05 6.5780192709177e-05 6.3678993157599e-05 6.2034873252129e-05
0.00016348872781465 0.00011842353840981 0.00010065211047006 8.2128811976057e-05 7.1634466541211e-05 6.7123202762223e-05 6.3781902607908e-05 6.1476272632896e-05 5.9509484871123e-05 5.7999430879059e-05
0.00015193438468622 0.00011143803856217 9.4446432415385e-05 7.7708786416571e-05 6.8260095509239e-05 6.3781902607908e-05 6.043600390527e-05 5.8274394799376e-05 5.6482116787303e-05 5.5172410772878e-05
0.00014425007748389 0.00010624515916049 8.9999517455906e-05 7.4388260433217e-05 6.5780192709177e-05 6.1476272632896e-05 5.8274394799376e-05 5.6309433515042e-05 5.4756352546965e-05 5.3671341153481e-05
0.00013830473591184 0.00010240278379061 8.6365906556033e-05 7.1721262724244e-05 6.3678993157599e-05 5.9509484871123e-05 5.6482116787303e-05 5.4756352546965e-05 5.3455102492588e-05 5.256639469907e-05
0.0001338876776655 9.9435617734884e-05 8.3567556271418e-05 6.9637832463529e-05 6.2034873252129e-05 5.7999430879059e-05 5.5172410772878e-05 5.3671341153481e-05 5.256639469907e-05 5.1866743233586e-05
