0.013762670873331 -0.0035919749147852 0.0029062771685624 -0.0023142128732335 0.0018465311525997 -0.0015444509781783 0.0013873120607261 -0.0012256277894896 0.0010817976742731 -0.00095082131284523
-0.0035919749147852 0.0099379156562873 -0.0028928290255461 0.0019782453765909 -0.0015044743652657 0.0012277059427946 -0.0010227342263322 0.00085562873630606 -0.00072068859364156 0.0006130633703026
0.0029062771685624 -0.0028928290255461 0.0073939109582488 -0.0031083360089965 0.0021027863551717 -0.0016489497682468 0.0013911226886891 -0.0011703164355618 0.00099021735675909 -0.0008482630325159
-0.0023142128732335 0.0019782453765909 -0.0031083360089965 0.0049216348627104 -0.0030011162236978 0.0023223214283325 -0.0018872973599872 0.0015934056391792 -0.0013720775845379 0.0011965780044225
0.0018465311525997 -0.0015044743652657 0.0021027863551717 -0.0030011162236978 0.0034505136817637 -0.0027139239509378 0.002260307924379 -0.0019119670321371 0.0016615133528551 -0.0014624358719921
-0.0015444509781783 0.0012277059427946 -0.0016489497682468 0.0023223214283325 -0.0027139239509378 0.0027324409477553 -0.0023939352059227 0.0020968524759034 -0.0018580829721739 0.0016608780121043
0.0013873120607261 -0.0010227342263322 0.0013911226886891 -0.0018872973599872 0.002260307924379 -0.0023939352059227 0.0023350516442686 -0.0021355427570265 0.0019462903418404 -0.0017727113259175
-0.0012256277894896 0.00085562873630606 -0.0011703164355618 0.0015934056391792 -0.0019119670321371 0.0020968524759034 -0.0021355427570265 0.0020557561531347 -0.0019274208550568 0.0017908354524745
0.0010817976742731 -0.00072068859364156 0.00099021735675909 -0.0013720775845379 0.0016615133528551 -0.0018580829721739 0.0019462903418404 -0.0019274208550568 0.001856496812101 -0.0017571249344852
-0.00095082131284523 0.0006130633703026 -0.0008482630325159 0.0011965780044225 -0.0014624358719921 0.0016608780121043 -0.0017727113259175 0.0017908354524745 -0.0017571249344852 0.0016917008559851
