-0.016049137796286 0.00012151295064407 -7.8118955531488e-05 -0.00047561589957753 0.000227357151092 -0.00036118193721573 0.0003995908097106 -0.00039894432123174 0.00040484162278352 -0.00040201164929958
0.00012151295064407 -0.008533565176424 0.0039610420566954 -0.0028745738641248 0.0019927807435899 -0.0016065279029824 0.0013987511739253 -0.0012518659101577 0.0011307741195949 -0.0010081196274026
-7.8118955531488e-05 0.0039610420566954 -0.0073986109839261 0.0044704170199545 -0.0029860036967759 0.0021830786124664 -0.0017406097739402 0.0014698573528655 -0.0012856726860873 0.0011342115224102
-0.00047561589957753 -0.0028745738641248 0.0044704170199545 -0.005196813808562 0.0038759776192323 -0.0030448615719577 0.0024605856436466 -0.0020630021481235 0.0017821859215694 -0.0015605648289797
0.000227357151092 0.0019927807435899 -0.0029860036967759 0.0038759776192323 -0.003606631730699 0.0030378612382434 -0.0025459953510077 0.0021677579961111 -0.0018904603155451 0.0016774263098229
-0.00036118193721573 -0.0016065279029824 0.0021830786124664 -0.0030448615719577 0.0030378612382434 -0.0028626504175531 0.0025597027359599 -0.0022800651033063 0.0020515386555285 -0.0018659291348667
0.0003995908097106 0.0013987511739253 -0.0017406097739402 0.0024605856436466 -0.0025459953510077 0.0025597027359599 -0.0024465641790098 0.0022833193911477 -0.0021223667957743 0.0019776904492877
-0.00039894432123174 -0.0012518659101577 0.0014698573528655 -0.0020630021481235 0.0021677579961111 -0.0022800651033063 0.0022833193911477 -0.0022203393695304 0.0021238392796064 -0.0020216787023312
0.00040484162278352 0.0011307741195949 -0.0012856726860873 0.0017821859215694 -0.0018904603155451 0.0020515386555285 -0.0021223667957743 0.0021238392796064 -0.002077884257807 0.0020128238253024
-0.00040201164929958 -0.0010081196274026 0.0011342115224102 -0.0015605648289797 0.0016774263098229 -0.0018659291348667 0.0019776904492877 -0.0020216787023312 0.0020128238253024 -0.0019784066029652
