0.026429336609884 -0.0095927332417073 0.0071432415628588 -0.0056862362875996 0.004616427589268 -0.0038596260589075 0.0032500238810497 -0.0027997349966804 0.0024442758039358 -0.0021709188546621
-0.0095927332417073 0.013685556144024 -0.0062096463111226 0.0047389436281254 -0.0036964391892353 0.0029245772804124 -0.0023618768799621 0.0019643244112693 -0.0016590798615049 0.0014307936191584
0.0071432415628588 -0.0062096463111226 0.010138973170989 -0.0058807099538532 0.0043505141284385 -0.0034051398546549 0.0027151488615149 -0.002252282012165 0.001911925560691 -0.0016535333958058
-0.0056862362875996 0.0047389436281254 -0.0058807099538532 0.0069682287906274 -0.0051172090288629 0.0040433924070422 -0.0033165510679879 0.0027786172822482 -0.0023607488253094 0.0020440872861631
0.004616427589268 -0.0036964391892353 0.0043505141284385 -0.0051172090288629 0.0050362618536092 -0.0042010096664362 0.0035725998955996 -0.0030753849827889 0.0026673119679346 -0.0023410735103852
-0.0038596260589075 0.0029245772804124 -0.0034051398546549 0.0040433924070422 -0.0042010096664362 0.0039705791063918 -0.0035508167964093 0.003165074888574 -0.0028191612835476 0.0025246342250608
0.0032500238810497 -0.0023618768799621 0.0027151488615149 -0.0033165510679879 0.0035725998955996 -0.0035508167964093 0.0033659914352748 -0.0031096069729862 0.0028455472861785 -0.0026037840999631
-0.0027997349966804 0.0019643244112693 -0.002252282012165 0.0027786172822482 -0.0030753849827889 0.003165074888574 -0.0031096069729862 0.0029737500752959 -0.002791826463173 0.0026075837922723
0.0024442758039358 -0.0016590798615049 0.001911925560691 -0.0023607488253094 0.0026673119679346 -0.0028191612835476 0.0028455472861785 -0.002791826463173 0.0026813603346063 -0.0025511083927091
-0.0021709188546621 0.0014307936191584 -0.0016535333958058 0.0020440872861631 -0.0023410735103852 0.0025246342250608 -0.0026037840999631 0.0026075837922723 -0.0025511083927091 0.0024668744441626
