0 2.997953606319 0.043447510027024 2.640152132954 -0.041989307797264 -3.0095309319951 0.21886955139241 -2.9107883932183 0.26630767599311 -2.8539486227039
-2.997953606319 0 -3.0323512265393 0.15746883114127 -2.8563076363822 0.31484927118476 -2.782359211315 0.44203489004966 -2.6048580549449 0.59515242798435
-0.043447510027024 3.0323512265393 0 -3.1378008899696 0.096585136089443 -3.0756964064477 0.068542209953541 -3.0521330495417 0.13422018875209 -2.9949632453856
-2.640152132954 -0.15746883114127 3.1378008899696 0 -3.0725593242569 0.046155158256604 -3.1039644749316 0.049475950982464 -3.0725621923852 0.075968460733155
0.041989307797264 2.8563076363822 -0.096585136089443 3.0725593242569 0 3.1206250394731 -0.039454351550321 3.1071245270067 -0.020126917623695 3.1313062150394
3.0095309319951 -0.31484927118476 3.0756964064477 -0.046155158256604 -3.1206250394731 0 3.125597216994 -0.011274441251366 3.1401824802453 0.0036234503427852
-0.21886955139241 2.782359211315 -0.068542209953541 3.1039644749316 0.039454351550321 -3.125597216994 0 -3.1364739581531 0.014012832871452 -3.1238278722996
2.9107883932183 -0.44203489004966 3.0521330495417 -0.049475950982464 -3.1071245270067 0.011274441251366 3.1364739581531 0 -3.1334666147015 0.010680992073344
-0.26630767599311 2.6048580549449 -0.13422018875209 3.0725621923852 0.020126917623695 -3.1401824802453 -0.014012832871452 3.1334666147015 0 -3.1392834431609
2.8539486227039 -0.59515242798435 2.9949632453856 -0.075968460733155 -3.1313062150394 -0.0036234503427852 3.1238278722996 -0.010680992073344 3.1392834431609 0
