0.0086770843552421 0.00035354996671858 0.00048747829124319 0.00037029341896716 0.00028925718465609 0.00028880820439456 0.00029429631384946 0.00024606673116799 0.00022576757168803 0.00019469225726037 0.00017697200903162 0.00016915166029092 0.00015541550769393 0.00013700295142759 0.00012621959577031 0.00011603749353539 0.00010807883515051 0.00010668143864703 0.00010816172732813 0.000101685087954
0.00035354996671858 0.005457734421367 0.001028806295947 0.00068472455824364 0.00052018440840374 0.00042712466409077 0.00032479137171623 0.00026278364363861 0.00021864244210842 0.00018705061677558 0.00016792667140113 0.00014687169786855 0.00013029359361456 0.00011469737213018 0.00010469352982091 9.4664643519012e-05 8.6382933843328e-05 7.2608513350842e-05 6.69886016864e-05 6.0155077347116e-05
0.00048747829124319 0.001028806295947 0.0042058727931079 0.0014434223339407 0.00087073631743024 0.00061070988002228 0.00047375303125175 0.00039262275296619 0.00034356740161795 0.00029511322635998 0.00026275873855348 0.00023030941728657 0.00020383782604888 0.00018827979000936 0.00017621080874136 0.00016587661526456 0.0001578737820893 0.00015215546691914 0.0001536947110263 0.0001342418688535
0.00037029341896716 0.00068472455824364 0.0014434223339407 0.0028701246938286 0.0014407275735211 0.00096996541320113 0.00078189411927555 0.00064434250622418 0.00055655839826935 0.00049431418881731 0.00044317268250464 0.00040148382624597 0.00037290941317188 0.00034099889909192 0.00032181103240589 0.00030416850676954 0.00028835314687767 0.00027838884631704 0.00026142490514956 0.00024901559346283
0.00028925718465609 0.00052018440840374 0.00087073631743024 0.0014407275735211 0.00210838711089 0.001348070337476 0.001051261854561 0.00086791634400588 0.00075389923490238 0.00066039971769928 0.00059063576988471 0.00053513506329346 0.00049425512575994 0.00045381556865276 0.00042626852008391 0.00040081775645186 0.00037845566454862 0.00036065108345016 0.00033815864687301 0.00031656698141732
0.00028880820439456 0.00042712466409077 0.00061070988002228 0.00096996541320113 0.001348070337476 0.0015456430437157 0.0012291538921698 0.0010313435755275 0.00089409287742679 0.00078716745393502 0.00070764148394316 0.00064159237203283 0.00058956914306268 0.00054576114318231 0.00051048194133798 0.00047847223611527 0.00045041891096531 0.00042759433188925 0.00040001586424501 0.00037656859281339
0.00029429631384946 0.00032479137171623 0.00047375303125175 0.00078189411927555 0.001051261854561 0.0012291538921698 0.0012776144596317 0.0011114624038035 0.00098156648072671 0.00087906845707083 0.00079818774331399 0.00073019214272173 0.00067589211693622 0.00062619126881308 0.00058731066198754 0.00055174627745286 0.00052028000298652 0.00049274270441862 0.00046499850178468 0.00043795854235369
0.00024606673116799 0.00026278364363861 0.00039262275296619 0.00064434250622418 0.00086791634400588 0.0010313435755275 0.0011114624038035 0.0011008912158468 0.0010065822486721 0.00092295026917736 0.00084884480355965 0.00078490923096067 0.00073311719788067 0.00068536772345673 0.00064602181265358 0.00061001813937312 0.00057758361732048 0.00054826736943898 0.0005209911064052 0.00049254718958297
0.00022576757168803 0.00021864244210842 0.00034356740161795 0.00055655839826935 0.00075389923490238 0.00089409287742679 0.00098156648072671 0.0010065822486721 0.00098384508626901 0.00092486570296256 0.00086430090272071 0.00081053392867588 0.00076525713681947 0.0007210968639783 0.00068387328263077 0.00064930922753149 0.00061769990231905 0.00058904992433306 0.00056212364546251 0.00053237241695657
0.00019469225726037 0.00018705061677558 0.00029511322635998 0.00049431418881731 0.00066039971769928 0.00078716745393502 0.00087906845707083 0.00092295026917736 0.00092486570296256 0.00090224574309488 0.00085856199394138 0.00081667938176412 0.00077929558432054 0.00074093958466964 0.00070753289068631 0.00067574972905756 0.00064616487250753 0.0006186252375852 0.00059354183457571 0.00056443447630341
0.00017697200903162 0.00016792667140113 0.00026275873855348 0.00044317268250464 0.00059063576988471 0.00070764148394316 0.00079818774331399 0.00084884480355965 0.00086430090272071 0.00085856199394138 0.00083874092505492 0.0008082337266358 0.00077971843218894 0.00074823781990982 0.0007195627488714 0.00069143620781324 0.00066467811343792 0.00063949571180245 0.00061615900865727 0.00058852235131061
0.00016915166029092 0.00014687169786855 0.00023030941728657 0.00040148382624597 0.00053513506329346 0.00064159237203283 0.00073019214272173 0.00078490923096067 0.00081053392867588 0.00081667938176412 0.0008082337266358 0.00079278215554357 0.00077259145491239 0.0007478124915115 0.00072380021982715 0.00069937326573576 0.00067554043910658 0.00065272232837984 0.00063143464273238 0.00060517401913141
0.00015541550769393 0.00013029359361456 0.00020383782604888 0.00037290941317188 0.00049425512575994 0.00058956914306268 0.00067589211693622 0.00073311719788067 0.00076525713681947 0.00077929558432054 0.00077971843218894 0.00077259145491239 0.0007668496983749 0.00074174605542873 0.00072238351747069 0.00070162883309843 0.0006807892108091 0.00066040910058815 0.00064122508964927 0.00061658613994871
0.00013700295142759 0.00011469737213018 0.00018827979000936 0.00034099889909192 0.00045381556865276 0.00054576114318231 0.00062619126881308 0.00068536772345673 0.0007210968639783 0.00074093958466964 0.00074823781990982 0.0007478124915115 0.00074174605542873 0.00073065882012724 0.00071401114275533 0.00069688190322003 0.00067904338880927 0.00066118994287541 0.00064408642236466 0.00062130963816417
0.00012621959577031 0.00010469352982091 0.00017621080874136 0.00032181103240589 0.00042626852008391 0.00051048194133798 0.00058731066198754 0.00064602181265358 0.00068387328263077 0.00070753289068631 0.0007195627488714 0.00072380021982715 0.00072238351747069 0.00071401114275533 0.00070320392636214 0.00068945544718539 0.00067447228002879 0.00065903181197357 0.00064405919402984 0.00062323336427447
0.00011603749353539 9.4664643519012e-05 0.00016587661526456 0.00030416850676954 0.00040081775645186 0.00047847223611527 0.00055174627745286 0.00061001813937312 0.00064930922753149 0.00067574972905756 0.00069143620781324 0.00069937326573576 0.00070162883309843 0.00069688190322003 0.00068945544718539 0.00067877834389325 0.00066645473813556 0.00065327817685176 0.00064039306539981 0.00062138817633841
0.00010807883515051 8.6382933843328e-05 0.0001578737820893 0.00028835314687767 0.00037845566454862 0.00045041891096531 0.00052028000298652 0.00057758361732048 0.00061769990231905 0.00064616487250753 0.00066467811343792 0.00067554043910658 0.0006807892108091 0.00067904338880927 0.00067447228002879 0.00066645473813556 0.00065656808218192 0.00064550186308549 0.00063458351476906 0.00061735559496348
0.00010668143864703 7.2608513350842e-05 0.00015215546691914 0.00027838884631704 0.00036065108345016 0.00042759433188925 0.00049274270441862 0.00054826736943898 0.00058904992433306 0.0006186252375852 0.00063949571180245 0.00065272232837984 0.00066040910058815 0.00066118994287541 0.00065903181197357 0.00065327817685176 0.00064550186308549 0.00064037318703192 0.00062718043807604 0.00061165146210146
0.00010816172732813 6.69886016864e-05 0.0001536947110263 0.00026142490514956 0.00033815864687301 0.00040001586424501 0.00046499850178468 0.0005209911064052 0.00056212364546251 0.00059354183457571 0.00061615900865727 0.00063143464273238 0.00064122508964927 0.00064408642236466 0.00064405919402984 0.00064039306539981 0.00063458351476906 0.00062718043807604 0.00063460584940947 0.00060580579477289
0.000101685087954 6.0155077347116e-05 0.0001342418688535 0.00024901559346283 0.00031656698141732 0.00037656859281339 0.00043795854235369 0.00049254718958297 0.00053237241695657 0.00056443447630341 0.00058852235131061 0.00060517401913141 0.00061658613994871 0.00062130963816417 0.00062323336427447 0.00062138817633841 0.00061735559496348 0.00061165146210146 0.00060580579477289 0.00060651132108494
