0.00032864077169849 0.00030115685716463 0.00024425723930602 0.00020279836972227 0.00017397375042173 0.00015957124001591 0.00015146789308901 0.00014441089923338 0.00013905436118428 0.00013473399344093
0.00030115685716463 0.00027476776659859 0.00020811523234674 0.00017849819556188 0.00015122576818377 0.00013665346637305 0.00012984134602517 0.0001239447147432 0.00011943717854915 0.00011542847636397
0.00024425723930602 0.00020811523234674 0.0001746411009419 0.00014294635576621 0.0001213129656662 0.0001128553279182 0.0001085980420836 0.00010479252555141 0.00010203765281136 9.9559839551694e-05
0.00020279836972227 0.00017849819556188 0.00014294635576621 0.00012409288845136 0.00010430426793871 9.4948423230833e-05 9.0198973921814e-05 8.6721495070464e-05 8.4175177025221e-05 8.2177103470701e-05
0.00017397375042173 0.00015122576818377 0.0001213129656662 0.00010430426793871 9.0967484922546e-05 8.3828868726917e-05 8.0144932073078e-05 7.6918043864174e-05 7.4766232458956e-05 7.2919215428425e-05
0.00015957124001591 0.00013665346637305 0.0001128553279182 9.4948423230833e-05 8.3828868726917e-05 7.7281352673641e-05 7.3847133383844e-05 7.096419388753e-05 6.9196795113133e-05 6.7694754184189e-05
0.00015146789308901 0.00012984134602517 0.0001085980420836 9.0198973921814e-05 8.0144932073078e-05 7.3847133383844e-05 7.0307639676977e-05 6.7504591268837e-05 6.5827709898917e-05 6.4504119900449e-05
0.00014441089923338 0.0001239447147432 0.00010479252555141 8.6721495070464e-05 7.6918043864174e-05 7.096419388753e-05 6.7504591268837e-05 6.4950476487775e-05 6.3451996006185e-05 6.2331246055646e-05
0.00013905436118428 0.00011943717854915 0.00010203765281136 8.4175177025221e-05 7.4766232458956e-05 6.9196795113133e-05 6.5827709898917e-05 6.3451996006185e-05 6.2042185330294e-05 6.1025996879389e-05
0.00013473399344093 0.00011542847636397 9.9559839551694e-05 8.2177103470701e-05 7.2919215428425e-05 6.7694754184189e-05 6.4504119900449e-05 6.2331246055646e-05 6.1025996879389e-05 6.0379688226934e-05
