0.033633913464484 0.0080675833950219 0.0064865530018446 0.0046732295374371 0.0033645342082312 0.0025722379367759 0.0019466158876883 0.00153426679158 0.0013261001794415 0.0012195850905359
0.0080675833950219 0.012264208838389 0.0063364296818784 0.003912614346009 0.0030378053687964 0.0025021188144083 0.0021499374344357 0.0019251141793431 0.0017811526841794 0.0016755985927309
0.0064865530018446 0.0063364296818784 0.0074464637379262 0.0061380898198042 0.0051898021171109 0.0043938629061019 0.0037884265942635 0.0033292873494547 0.0029890884047481 0.0027320509096322
0.0046732295374371 0.003912614346009 0.0061380898198042 0.0063806673621803 0.00589672911267 0.0052423348318547 0.0046586955821247 0.0041605756535376 0.0037559220444327 0.0034362042759507
0.0033645342082312 0.0030378053687964 0.0051898021171109 0.00589672911267 0.0060037756066691 0.0056523665183654 0.0052159081132758 0.0047917127088222 0.0044184805951394 0.0041060744889623
0.0025722379367759 0.0025021188144083 0.0043938629061019 0.0052423348318547 0.0056523665183654 0.0056087693311324 0.0053739377042733 0.0050745839604059 0.0047789631825893 0.0045135356511768
0.0019466158876883 0.0021499374344357 0.0037884265942635 0.0046586955821247 0.0052159081132758 0.0053739377042733 0.0053251829091373 0.0051600360273431 0.0049593607637331 0.0047611436172449
0.00153426679158 0.0019251141793431 0.0033292873494547 0.0041605756535376 0.0047917127088222 0.0050745839604059 0.0051600360273431 0.005110984267884 0.0050036493125323 0.0048777518339848
0.0013261001794415 0.0017811526841794 0.0029890884047481 0.0037559220444327 0.0044184805951394 0.0047789631825893 0.0049593607637331 0.0050036493125323 0.0049811088767846 0.0049262094234153
0.0012195850905359 0.0016755985927309 0.0027320509096322 0.0034362042759507 0.0041060744889623 0.0045135356511768 0.0047611436172449 0.0048777518339848 0.0049262094234153 0.0049349210545801
