-0.00029394631399141 -0.00080595554700006 0.00050481327522264 -0.00039840962506156 0.00031655676205268 -0.0002778070107787 0.00025120396898487 -0.00022892582950847 0.00020745115053306 -0.00019395173891124
-0.00080595554700006 -0.0069866214618733 0.0013166521814144 -0.0010510775297192 0.00091304269930075 -0.00084445269422042 0.00070810277239941 -0.0006892237260515 0.00062481065831058 -0.00058074153055355
0.00050481327522264 0.0013166521814144 -0.0066132373987246 0.0020069283667909 -0.0014393369260445 0.0012173787078481 -0.00099015380567476 0.00088915291649218 -0.00080306043554937 0.0007355458760003
-0.00039840962506156 -0.0010510775297192 0.0020069283667909 -0.0054465266178952 0.0025074993886995 -0.0017673592747987 0.0014719960087176 -0.0012669008155919 0.001134437542399 -0.0010335823524585
0.00031655676205268 0.00091304269930075 -0.0014393369260445 0.0025074993886995 -0.0039319134925936 0.0024042851837261 -0.0018784199090953 0.0015662817824465 -0.0013441845105808 0.0011949160902181
-0.0002778070107787 -0.00084445269422042 0.0012173787078481 -0.0017673592747987 0.0024042851837261 -0.0027624411916394 0.0021391329615159 -0.0017905650017529 0.0015493993146377 -0.0013678139935279
0.00025120396898487 0.00070810277239941 -0.00099015380567476 0.0014719960087176 -0.0018784199090953 0.0021391329615159 -0.0021636731219831 0.0018817342011319 -0.0016560790591565 0.0014805251572177
-0.00022892582950847 -0.0006892237260515 0.00088915291649218 -0.0012669008155919 0.0015662817824465 -0.0017905650017529 0.0018817342011319 -0.0018291817849964 0.0016643159890171 -0.0015195914943641
0.00020745115053306 0.00062481065831058 -0.00080306043554937 0.001134437542399 -0.0013441845105808 0.0015493993146377 -0.0016560790591565 0.0016643159890171 -0.0015951074636849 0.0014913146908308
-0.00019395173891124 -0.00058074153055355 0.0007355458760003 -0.0010335823524585 0.0011949160902181 -0.0013678139935279 0.0014805251572177 -0.0015195914943641 0.0014913146908308 -0.001433028341744
