0.022420489593213 0.0056415262029025 0.0035688360989692 0.0028215338897856 0.0023590214957112 0.0020194219909181 0.0017639594560539 0.0015620996966062 0.0014033525767533 0.0012776340743344 0.0011702010117901 0.0010870937174503 0.0010184114639804 0.00095713781252691 0.00090739391403642 0.00086305254968741 0.00082032157016839 0.00079261114928425 0.00074470846738019 0.00070541226680445
0.0056415262029025 0.0072908776896691 0.0043980107923522 0.0032500848461118 0.0026090413199237 0.0021886314544276 0.0018814494049465 0.0016444069595667 0.00146066958945 0.0013102561010498 0.0011888127161841 0.0010909487982648 0.0010089696737631 0.00093593037048904 0.00087434588082267 0.00081823536983708 0.00076969538711114 0.0007174188673464 0.00068791547472023 0.00064664490701848
0.0035688360989692 0.0043980107923522 0.0046979950896195 0.0038371605766467 0.0032222499188706 0.0027712406211312 0.0024216476033949 0.0021453875021114 0.0019218171496361 0.0017345254226007 0.0015795373669044 0.0014473988149899 0.0013347544879772 0.0012353678857412 0.0011509996164775 0.0010734070260585 0.0010042963687946 0.00094026914497514 0.00089065322534918 0.00083854434446241
0.0028215338897856 0.0032500848461118 0.0038371605766467 0.0038235395934869 0.0034505892373197 0.0030924086746865 0.002782177968613 0.0025186616858823 0.0022943136864371 0.002100107711147 0.0019306910966132 0.0017855255377132 0.0016581842480815 0.0015453062748416 0.0014470701778025 0.0013567787907814 0.0012767147022896 0.0012014172690644 0.0011395346336899 0.0010775724448135
0.0023590214957112 0.0026090413199237 0.0032222499188706 0.0034505892373197 0.0033981418209167 0.0031895691367479 0.0029588230321088 0.0027398625069295 0.0025390793262676 0.0023564125464035 0.0021901349198551 0.0020453141849166 0.0019142223217712 0.0017963188222185 0.0016917784253652 0.0015952112015532 0.0015078793681842 0.001428675892758 0.0013549371309258 0.0012864305366368
0.0020194219909181 0.0021886314544276 0.0027712406211312 0.0030924086746865 0.0031895691367479 0.0031288037691553 0.0029890339097511 0.0028283396602791 0.0026650805122076 0.0025061560939171 0.0023547536132798 0.0022192045974694 0.0020935008469001 0.0019780162272763 0.0018739811861294 0.0017768407196779 0.0016875819905977 0.0016081751706823 0.0015291607593237 0.0014578048867292
0.0017639594560539 0.0018814494049465 0.0024216476033949 0.002782177968613 0.0029588230321088 0.0029890339097511 0.0029317308008854 0.0028309838744684 0.0027103212394284 0.0025817988343371 0.0024515231810854 0.0023309293567594 0.0022162483243809 0.0021080550549798 0.0020088931405553 0.0019149390258465 0.0018274412529121 0.0017495629513532 0.0016695212231964 0.0015976589511392
0.0015620996966062 0.0016444069595667 0.0021453875021114 0.0025186616858823 0.0027398625069295 0.0028283396602791 0.0028309838744684 0.0027836618472304 0.0027045879275883 0.002608235292235 0.0025016109060216 0.0023991096545207 0.0022984976850362 0.0022004381610286 0.0021089040396912 0.0020206589828268 0.0019371555118837 0.0018631565532464 0.0017839765939613 0.0017132375231323
0.0014033525767533 0.00146066958945 0.0019218171496361 0.0022943136864371 0.0025390793262676 0.0026650805122076 0.0027103212394284 0.0027045879275883 0.0026623783243296 0.0025964115399212 0.0025137670692864 0.0024306130075446 0.0023456484597131 0.0022595335562913 0.0021775380191237 0.0020968252190219 0.0020191913426535 0.0019506409973167 0.0018740774387578 0.001805963705405
0.0012776340743344 0.0013102561010498 0.0017345254226007 0.002100107711147 0.0023564125464035 0.0025061560939171 0.0025817988343371 0.002608235292235 0.0025964115399212 0.0025594018230058 0.0024984106039228 0.0024345458285919 0.0023656283209756 0.0022923973828097 0.0022210103852013 0.0021489566463202 0.0020784297657992 0.0020163745706567 0.0019436844088885 0.0018793115103918
0.0011702010117901 0.0011888127161841 0.0015795373669044 0.0019306910966132 0.0021901349198551 0.0023547536132798 0.0024515231810854 0.0025016109060216 0.0025137670692864 0.0024984106039228 0.0024609442875967 0.0024131326112159 0.0023596052410174 0.0022992623264502 0.0022387768898919 0.0021759113197926 0.002113139892627 0.0020581921255032 0.0019902702008096 0.0019304363033932
0.0010870937174503 0.0010909487982648 0.0014473988149899 0.0017855255377132 0.0020453141849166 0.0022192045974694 0.0023309293567594 0.0023991096545207 0.0024306130075446 0.0024345458285919 0.0024131326112159 0.0023844792650969 0.0023445876049187 0.0022967556293803 0.0022470860652297 0.0021935467056261 0.0021388263035345 0.0020911620483944 0.002028637303749 0.0019738312840174
0.0010184114639804 0.0010089696737631 0.0013347544879772 0.0016581842480815 0.0019142223217712 0.0020935008469001 0.0022162483243809 0.0022984976850362 0.0023456484597131 0.0023656283209756 0.0023596052410174 0.0023445876049187 0.0023198613211959 0.0022821836515418 0.002242634024027 0.0021979785990646 0.0021510346483106 0.0021103361426549 0.0020533286137767 0.0020035743049995
0.00095713781252691 0.00093593037048904 0.0012353678857412 0.0015453062748416 0.0017963188222185 0.0019780162272763 0.0021080550549798 0.0022004381610286 0.0022595335562913 0.0022923973828097 0.0022992623264502 0.0022967556293803 0.0022821836515418 0.0022573829894233 0.0022262480976103 0.0021900656263951 0.0021506683930399 0.0021167069937743 0.0020654069133632 0.002020812997214
0.00090739391403642 0.00087434588082267 0.0011509996164775 0.0014470701778025 0.0016917784253652 0.0018739811861294 0.0020088931405553 0.0021089040396912 0.0021775380191237 0.0022210103852013 0.0022387768898919 0.0022470860652297 0.002242634024027 0.0022262480976103 0.0022047383689469 0.0021763807115827 0.0021440446035143 0.0021163645920028 0.0020706472712983 0.002031045813618
0.00086305254968741 0.00081823536983708 0.0010734070260585 0.0013567787907814 0.0015952112015532 0.0017768407196779 0.0019149390258465 0.0020206589828268 0.0020968252190219 0.0021489566463202 0.0021759113197926 0.0021935467056261 0.0021979785990646 0.0021900656263951 0.0021763807115827 0.0021561810468456 0.0021296825786036 0.0021079671709975 0.0020677860905244 0.0020331280672694
0.00082032157016839 0.00076969538711114 0.0010042963687946 0.0012767147022896 0.0015078793681842 0.0016875819905977 0.0018274412529121 0.0019371555118837 0.0020191913426535 0.0020784297657992 0.002113139892627 0.0021388263035345 0.0021510346483106 0.0021506683930399 0.0021440446035143 0.0021296825786036 0.0021137003341423 0.0020939807529981 0.0020590829018045 0.0020291352241189
0.00079261114928425 0.0007174188673464 0.00094026914497514 0.0012014172690644 0.001428675892758 0.0016081751706823 0.0017495629513532 0.0018631565532464 0.0019506409973167 0.0020163745706567 0.0020581921255032 0.0020911620483944 0.0021103361426549 0.0021167069937743 0.0021163645920028 0.0021079671709975 0.0020939807529981 0.0021063776127445 0.0020527076558135 0.0020270796822472
0.00074470846738019 0.00068791547472023 0.00089065322534918 0.0011395346336899 0.0013549371309258 0.0015291607593237 0.0016695212231964 0.0017839765939613 0.0018740774387578 0.0019436844088885 0.0019902702008096 0.002028637303749 0.0020533286137767 0.0020654069133632 0.0020706472712983 0.0020677860905244 0.0020590829018045 0.0020527076558135 0.0020277916934561 0.0020063953556608
0.00070541226680445 0.00064664490701848 0.00083854434446241 0.0010775724448135 0.0012864305366368 0.0014578048867292 0.0015976589511392 0.0017132375231323 0.001805963705405 0.0018793115103918 0.0019304363033932 0.0019738312840174 0.0020035743049995 0.002020812997214 0.002031045813618 0.0020331280672694 0.0020291352241189 0.0020270796822472 0.0020063953556608 0.0019903537113851
