0.03349172354764 -0.012797339601267 0.0090473845937745 -0.0071763074799497 0.005989489656186 -0.0051183872928664 0.0043800472310315 -0.0037761628697794 0.003289822119947 -0.0028894050201018
-0.012797339601267 0.016297089917661 -0.007446877093758 0.0053961010711164 -0.004385422794584 0.0037183133415139 -0.0031546000929791 0.0027013955558408 -0.0023250742119913 0.0020202395778524
0.0090473845937745 -0.007446877093758 0.010698616640307 -0.0064242072624712 0.0048640070945666 -0.0039737923321871 0.0032913448813064 -0.0027645547899028 0.0023549389224979 -0.0020280241434056
-0.0071763074799497 0.0053961010711164 -0.0064242072624712 0.0070820292047377 -0.0054848415819487 0.0045165995214662 -0.003777855622493 0.0031956940588606 -0.0027311891652971 0.0023629798549063
0.005989489656186 -0.004385422794584 0.0048640070945666 -0.0054848415819487 0.0054287685911811 -0.0047616820376903 0.004113966886096 -0.0035718006910276 0.0031141596782078 -0.002734491097563
-0.0051183872928664 0.0037183133415139 -0.0039737923321871 0.0045165995214662 -0.0047616820376903 0.0045618815556686 -0.0041179877852201 0.0036861846826016 -0.0032927325349855 0.0029481845180172
0.0043800472310315 -0.0031546000929791 0.0032913448813064 -0.003777855622493 0.004113966886096 -0.0041179877852201 0.0038925175320491 -0.0035946183896749 0.0032882612724459 -0.0030017458334755
-0.0037761628697794 0.0027013955558408 -0.0027645547899028 0.0031956940588606 -0.0035718006910276 0.0036861846826016 -0.0035946183896749 0.0034130356813561 -0.0031910447419659 0.0029654619353718
0.003289822119947 -0.0023250742119913 0.0023549389224979 -0.0027311891652971 0.0031141596782078 -0.0032927325349855 0.0032882612724459 -0.0031910447419659 0.0030420026542097 -0.0028737085387276
-0.0028894050201018 0.0020202395778524 -0.0020280241434056 0.0023629798549063 -0.002734491097563 0.0029481845180172 -0.0030017458334755 0.0029654619353718 -0.0028737085387276 0.0027545837633845
