3.1415926535898 3.1031914531778 -0.012764799476392 3.0434530388121 -0.067766223416057 3.08002718592 -0.062491761360292 3.0542075977338 -0.10085926773111 3.0415448337842
-3.1031914531778 3.1415926535898 0.14637161022666 -3.1079674575603 -0.0052393818043867 -3.128550968811 0.034590257293365 -3.0928633057581 0.039167857535122 -3.0991227044696
0.012764799476392 -0.14637161022666 3.1415926535898 -0.069205143126986 3.1236186264331 0.094450857174929 -3.0053754132299 0.1137836050834 -3.0025155937714 0.15587150689737
-3.0434530388121 3.1079674575603 0.069205143126986 3.1415926535898 -0.018038004874675 3.1344195920384 -0.015433563133625 3.097796558966 -0.044175295157978 3.1031012175138
0.067766223416057 0.0052393818043867 -3.1236186264331 0.018038004874675 3.1415926535898 0.026081653484536 -3.1000670810263 0.041162136533837 -3.0926381340485 0.058038555357053
-3.08002718592 3.128550968811 -0.094450857174929 -3.1344195920384 -0.026081653484536 3.1415926535898 0.01152556759549 -3.1296718616508 0.021108329058993 -3.1138545230808
0.062491761360292 -0.034590257293365 3.0053754132299 0.015433563133625 3.1000670810263 -0.01152556759549 3.1415926535898 -0.00036537061514115 -3.1349068297465 0.011101401363552
-3.0542075977338 3.0928633057581 -0.1137836050834 -3.097796558966 -0.041162136533837 3.1296718616508 0.00036537061514115 3.1415926535898 0.0055087274248158 -3.1335033382169
0.10085926773111 -0.039167857535122 3.0025155937714 0.044175295157978 3.0926381340485 -0.021108329058993 3.1349068297465 -0.0055087274248158 3.1415926535898 0.0030438124798496
-3.0415448337842 3.0991227044696 -0.15587150689737 -3.1031012175138 -0.058038555357053 3.1138545230808 -0.011101401363552 3.1335033382169 -0.0030438124798496 3.1415926535898
