0.00017914459810258 0.00090636104719802 0.00095236923998497 0.00081156689247595 0.00070216651046292 0.00059493375104149 0.00054785633911464 0.00051157344189514 0.00048711017515187 0.00046734180271682
0.00090636104719802 0.00038301562358928 0.00026975601376574 0.00022608110703396 0.00019650057778384 0.00016053689928785 0.00015014648866156 0.00014385346792259 0.00013810272981928 0.00013288889829935
0.00095236923998497 0.00026975601376574 0.00038910642334273 0.00025429504164688 0.00021162549258742 0.00018173570736162 0.00016399275096141 0.00015416950706642 0.00014779767988898 0.00014184299300957
0.00081156689247595 0.00022608110703396 0.00025429504164688 0.00027528292796427 0.00019950528523021 0.0001585409629564 0.00014336197491955 0.00013234328834903 0.00012476902721837 0.00011854854943
0.00070216651046292 0.00019650057778384 0.00021162549258742 0.00019950528523021 0.00021029841200813 0.00016237107941529 0.00014338799606042 0.0001278737177329 0.00011861050176638 0.00011100549303968
0.00059493375104149 0.00016053689928785 0.00018173570736162 0.0001585409629564 0.00016237107941529 0.00015244540989035 0.00013536695216269 0.00011996298271531 0.0001101314007145 0.0001023735554503
0.00054785633911464 0.00015014648866156 0.00016399275096141 0.00014336197491955 0.00014338799606042 0.00013536695216269 0.00012773181820016 0.00011602064959575 0.00010766111865831 0.00010071381557796
0.00051157344189514 0.00014385346792259 0.00015416950706642 0.00013234328834903 0.0001278737177329 0.00011996298271531 0.00011602064959575 0.00011016582615293 0.00010454201408924 9.9134416110588e-05
0.00048711017515187 0.00013810272981928 0.00014779767988898 0.00012476902721837 0.00011861050176638 0.0001101314007145 0.00010766111865831 0.00010454201408924 0.0001011738941406 9.7177570402814e-05
0.00046734180271682 0.00013288889829935 0.00014184299300957 0.00011854854943 0.00011100549303968 0.0001023735554503 0.00010071381557796 9.9134416110588e-05 9.7177570402814e-05 9.4442866963479e-05
