0.0056267642808766 -0.00044826962991464 -0.00013066751449747 7.7468888886529e-05 -9.4804411542495e-05 -0.00015094562807233 0.00010989345840851 1.081378547521e-06 -4.7759534229334e-05 4.9853586391584e-05
-0.00044826962991464 0.0060826693622723 -0.0010293506219466 0.00074992093834464 -0.00017316687677927 0.00014726886796633 -0.00024480788606167 0.00017800539066074 -0.00013735354112399 0.00013858810696302
-0.00013066751449747 -0.0010293506219466 0.0067488104740994 -0.0019950968839451 0.001229356676538 -0.00077058522206726 0.00049429504795411 -0.00043771408186687 0.00032525422329391 -0.00030540898406259
7.7468888886529e-05 0.00074992093834464 -0.0019950968839451 0.0039019499347269 -0.0017656627240256 0.0012593409228919 -0.00097559248970557 0.00074748141775679 -0.00065984537623541 0.00056450235941367
-9.4804411542495e-05 -0.00017316687677927 0.001229356676538 -0.0017656627240256 0.0026375237622103 -0.0017498220204907 0.0013552435019015 -0.0010559288073479 0.000878483365844 -0.00079404265890657
-0.00015094562807233 0.00014726886796633 -0.00077058522206726 0.0012593409228919 -0.0017498220204907 0.0018561666030898 -0.0015316658594372 0.0012432551360771 -0.0010656698589823 0.00093878929901868
0.00010989345840851 -0.00024480788606167 0.00049429504795411 -0.00097559248970557 0.0013552435019015 -0.0015316658594372 0.0015510317743169 -0.0013243882029329 0.0011769153917545 -0.0010538148320317
1.081378547521e-06 0.00017800539066074 -0.00043771408186687 0.00074748141775679 -0.0010559288073479 0.0012432551360771 -0.0013243882029329 0.0012469769215696 -0.0011514092285168 0.0010565577198062
-4.7759534229334e-05 -0.00013735354112399 0.00032525422329391 -0.00065984537623541 0.000878483365844 -0.0010656698589823 0.0011769153917545 -0.0011514092285168 0.0011114303335922 -0.0010433627995084
4.9853586391584e-05 0.00013858810696302 -0.00030540898406259 0.00056450235941367 -0.00079404265890657 0.00093878929901868 -0.0010538148320317 0.0010565577198062 -0.0010433627995084 0.0010056088450871
