0.020809321893387 -0.0039669514868878 0.0025459883413851 -0.0019123499905616 0.001584600379044 -0.0013101971235944 0.0010942390480767 -0.00093407772971146 0.00080346683454836 -0.00070201955060756
-0.0039669514868878 0.009205331677417 -0.0045176325147713 0.0032429207025274 -0.0025381538078243 0.0020616161667657 -0.0017123496343479 0.0014534342598306 -0.0012595887522984 0.0010974345595816
0.0025459883413851 -0.0045176325147713 0.0060693383771424 -0.0043771416330235 0.0034593114991732 -0.0028500355065381 0.0023910773860986 -0.0020415987051682 0.0017684938249312 -0.0015509145051621
-0.0019123499905616 0.0032429207025274 -0.0043771416330235 0.0044579860711891 -0.003837607883029 0.00332092392826 -0.0028860615735806 0.0025330970401256 -0.0022379017615369 0.0020039360512904
0.001584600379044 -0.0025381538078243 0.0034593114991732 -0.003837607883029 0.0037045881118708 -0.0033867731409047 0.0030544601293945 -0.0027555682627757 0.0024874633768319 -0.002263882609016
-0.0013101971235944 0.0020616161667657 -0.0028500355065381 0.00332092392826 -0.0033867731409047 0.003261667347116 -0.0030440898105062 0.0028166633126017 -0.0025945354730801 0.0023985798698673
0.0010942390480767 -0.0017123496343479 0.0023910773860986 -0.0028860615735806 0.0030544601293945 -0.0030440898105062 0.0029307997669857 -0.0027781305977055 0.0026098710596504 -0.0024510618860252
-0.00093407772971146 0.0014534342598306 -0.0020415987051682 0.0025330970401256 -0.0027555682627757 0.0028166633126017 -0.0027781305977055 0.0026895149699765 -0.0025717927190998 0.002450284376053
0.00080346683454836 -0.0012595887522984 0.0017684938249312 -0.0022379017615369 0.0024874633768319 -0.0025945354730801 0.0026098710596504 -0.0025717927190998 0.0025010194593548 -0.002410977826108
-0.00070201955060756 0.0010974345595816 -0.0015509145051621 0.0020039360512904 -0.002263882609016 0.0023985798698673 -0.0024510618860252 0.002450284376053 -0.002410977826108 0.0023543816721457
