0.011046471832598 -0.00078477609344851 0.00016321938347369 -0.00017178960926405 3.6822960100258e-06 5.4486479031092e-05 -9.8430726266861e-05 0.00011692277132175 -0.00012853063170053 0.00013971530383615
-0.00078477609344851 0.0065980977687473 -0.0016162940074395 0.0010406836424392 -0.00072629726395286 0.00052106335731948 -0.00039370058973538 0.00031832261243739 -0.00025268658190397 0.0002020152031802
0.00016321938347369 -0.0016162940074395 0.0042112226700955 -0.0019419181137765 0.0013232784197219 -0.00099367431012358 0.00078681059574333 -0.00062822322425167 0.00051813401153524 -0.00043373399925462
-0.00017178960926405 0.0010406836424392 -0.0019419181137765 0.0026811515467608 -0.0018184829960622 0.0014095655955789 -0.0011410517650883 0.00095635654904419 -0.00081709082169291 0.0007077367406245
3.6822960100258e-06 -0.00072629726395286 0.0013232784197219 -0.0018184829960622 0.0019437372665585 -0.0016048869707095 0.0013505129012519 -0.0011540999775767 0.0010031499537207 -0.00087968462475395
5.4486479031092e-05 0.00052106335731948 -0.00099367431012358 0.0014095655955789 -0.0016048869707095 0.0015822203423329 -0.0014193834483568 0.0012670729575239 -0.0011372489629144 0.0010252091131442
-9.8430726266861e-05 -0.00039370058973538 0.00078681059574333 -0.0011410517650883 0.0013505129012519 -0.0014193834483568 0.0013787745690766 -0.0012817339005103 0.001183046071828 -0.0010894829042033
0.00011692277132175 0.00031832261243739 -0.00062822322425167 0.00095635654904419 -0.0011540999775767 0.0012670729575239 -0.0012817339005103 0.0012429531300861 -0.0011787520930048 0.0011083257622454
-0.00012853063170053 -0.00025268658190397 0.00051813401153524 -0.00081709082169291 0.0010031499537207 -0.0011372489629144 0.001183046071828 -0.0011787520930048 0.0011462628160091 -0.001098445951619
0.00013971530383615 0.0002020152031802 -0.00043373399925462 0.0007077367406245 -0.00087968462475395 0.0010252091131442 -0.0010894829042033 0.0011083257622454 -0.001098445951619 0.0010706618398366
