3.1415926535898 0.25788958832698 3.0997122202289 0.37830500247187 -2.7822099703099 0.22629327018858 -2.8843417113821 0.21746007466294 -2.9983845221827 0.071443699582572
-0.25788958832698 3.1415926535898 0.023738167082719 -2.9880000417289 0.209620738481 -2.909705758599 0.24209827695339 -2.9314445221441 0.17665376062376 -3.0021183912216
-3.0997122202289 -0.023738167082719 3.1415926535898 0.029094662047559 3.1412752608814 -0.0073855110900564 -3.1342845971351 0.015240191928034 -3.1196173496026 0.0311120181486
-0.37830500247187 2.9880000417289 -0.029094662047559 3.1415926535898 -0.021158500835212 3.1175621328345 -0.022953885927149 3.1117790051143 -0.033140940442505 3.107009698096
2.7822099703099 -0.209620738481 -3.1412752608814 0.021158500835212 3.1415926535898 -0.0077836756950115 3.1316794058715 -0.013704913795148 3.12552502677 -0.017686035151371
-0.22629327018858 2.909705758599 0.0073855110900564 -3.1175621328345 0.0077836756950115 3.1415926535898 -0.0026735926451594 3.1346841865564 -0.010802348173813 3.1272481617437
2.8843417113821 -0.24209827695339 3.1342845971351 0.022953885927149 -3.1316794058715 0.0026735926451594 3.1415926535898 -0.0039500898051329 3.1341569508497 -0.010753988547046
-0.21746007466294 2.9314445221441 -0.015240191928034 -3.1117790051143 0.013704913795148 -3.1346841865564 0.0039500898051329 3.1415926535898 -0.0031270011998214 3.1354677868216
2.9983845221827 -0.17665376062376 3.1196173496026 0.033140940442505 -3.12552502677 0.010802348173813 -3.1341569508497 0.0031270011998214 3.1415926535898 -0.0029357212832739
-0.071443699582572 3.0021183912216 -0.0311120181486 -3.107009698096 0.017686035151371 -3.1272481617437 0.010753988547046 -3.1354677868216 0.0029357212832739 3.1415926535898
