0.13612151411563 0.067054143361828 0.049793748843319 0.038855339788219 0.03122727732395 0.025710838561534 0.021597601627283 0.018443232579205 0.015961004938165 0.013979677820533 0.012319263888566 0.010978815037765 0.0098591452487889 0.0089103479898808 0.0080944077211017 0.0073993797413836 0.0067859195086569 0.0062912925409138 0.0058400652998843 0.0054432119747772
0.067054143361828 0.040439891570075 0.033876712513872 0.028766044748668 0.02456471575345 0.021123785495759 0.018303331391846 0.015975410223966 0.014034787078806 0.012390132462678 0.011003117849474 0.0098267438662183 0.0087978584099387 0.0079190684740964 0.0071300987405637 0.0064452894713948 0.0058394840570454 0.0053257755246597 0.0048499850958532 0.0044311033566622
0.049793748843319 0.033876712513872 0.030937073787201 0.028091010079636 0.025287272688668 0.022674534764354 0.020319006669035 0.018227883364384 0.016382310613642 0.014747304632474 0.013313885023319 0.012053661281371 0.010924433611445 0.0099377752441569 0.0090292750542107 0.0082263199556152 0.0075028671116688 0.0068725023963317 0.0062866231932418 0.0057623543478477
0.038855339788219 0.028766044748668 0.028091010079636 0.026950143256013 0.025381816433221 0.02362424503537 0.021838983506204 0.020113923198139 0.018491362954264 0.016983251415035 0.015603632982756 0.014346430180315 0.013193036808688 0.012159123489847 0.011186281397658 0.010310394840434 0.0095057717597741 0.0087918891338322 0.0081230008740274 0.0075146043803062
0.03122727732395 0.02456471575345 0.025287272688668 0.025381816433221 0.024836648490809 0.023876704903857 0.022688602911247 0.021397957414342 0.0200835423337 0.018790293118428 0.017549753344707 0.01637522048972 0.015268772064331 0.014249781699314 0.013269856489946 0.01237015322458 0.011527568346009 0.010768469983267 0.010049192952434 0.0093847557303875
0.025710838561534 0.021123785495759 0.022674534764354 0.02362424503537 0.023876704903857 0.023602494408306 0.022974705684843 0.022127454977439 0.021156090883798 0.020124868510685 0.019077674650936 0.018041369039214 0.017034263204075 0.016079370911323 0.015138962448211 0.014257248651673 0.013415112186768 0.01264515323035 0.011905905796387 0.011212674465273
0.021597601627283 0.018303331391846 0.020319006669035 0.021838983506204 0.022688602911247 0.022974705684843 0.022839637288834 0.022408919876093 0.021780699159696 0.021027757952146 0.020201339275893 0.01933633345084 0.01846277042252 0.017606682201845 0.01674018917219 0.015908885085108 0.015098177287357 0.014345692660661 0.013612480516707 0.012914432284249
0.018443232579205 0.015975410223966 0.018227883364384 0.020113923198139 0.021397957414342 0.022127454977439 0.022408919876093 0.022350769716851 0.022045483494682 0.021566823492704 0.020969216855041 0.02029112529994 0.019570386823448 0.018835037840039 0.018065747440339 0.01730813650218 0.016552123068612 0.015839038676126 0.015132745097775 0.014449671632414
0.015961004938165 0.014034787078806 0.016382310613642 0.018491362954264 0.0200835423337 0.021156090883798 0.021780699159696 0.022045483494682 0.022032688549394 0.021812264944643 0.02143863033774 0.02095062246776 0.020390708353435 0.019787836894983 0.01912985657013 0.018461301424048 0.017776280555516 0.017118621148929 0.016455118260874 0.015802556357925
0.013979677820533 0.012390132462678 0.014747304632474 0.016983251415035 0.018790293118428 0.020124868510685 0.021027757952146 0.021566823492704 0.021812264944643 0.021847650530745 0.02166515109252 0.021362011254738 0.020962804603166 0.020496480964445 0.019956740064253 0.019386174785257 0.01878262774873 0.018191361918683 0.017582067002705 0.016971671884504
0.012319263888566 0.011003117849474 0.013313885023319 0.015603632982756 0.017549753344707 0.019077674650936 0.020201339275893 0.020969216855041 0.02143863033774 0.02166515109252 0.021699311782319 0.021568932066462 0.021325232373873 0.020994267717236 0.020574523962765 0.020105942520471 0.019589673589744 0.019071538621168 0.018523989898507 0.01796391659831
0.010978815037765 0.0098267438662183 0.012053661281371 0.014346430180315 0.01637522048972 0.018041369039214 0.01933633345084 0.02029112529994 0.02095062246776 0.021362011254738 0.021568932066462 0.021611332967891 0.021505133645919 0.021304813494349 0.021003404057836 0.020637723196755 0.020211724425342 0.019771049202723 0.019290626983631 0.018787166307502
0.0098591452487889 0.0087978584099387 0.010924433611445 0.013193036808688 0.015268772064331 0.017034263204075 0.01846277042252 0.019570386823448 0.020390708353435 0.020962804603166 0.021325232373873 0.021505133645919 0.021543601043224 0.021466118687971 0.02127787472718 0.021012238720589 0.020675597219714 0.020312871769182 0.019901195205942 0.019457024534227
0.0089103479898808 0.0079190684740964 0.0099377752441569 0.012159123489847 0.014249781699314 0.016079370911323 0.017606682201845 0.018835037840039 0.019787836894983 0.020496480964445 0.020994267717236 0.021304813494349 0.021466118687971 0.021507594559899 0.021420080800994 0.021249947312129 0.021000107508079 0.020714291439961 0.020371572467398 0.019988061374915
0.0080944077211017 0.0071300987405637 0.0090292750542107 0.011186281397658 0.013269856489946 0.015138962448211 0.01674018917219 0.018065747440339 0.01912985657013 0.019956740064253 0.020574523962765 0.021003404057836 0.02127787472718 0.021420080800994 0.021439782653819 0.021361163467626 0.021196353217773 0.02098700385974 0.020713713373048 0.020392296448518
0.0073993797413836 0.0064452894713948 0.0082263199556152 0.010310394840434 0.01237015322458 0.014257248651673 0.015908885085108 0.01730813650218 0.018461301424048 0.019386174785257 0.020105942520471 0.020637723196755 0.021012238720589 0.021249947312129 0.021361163467626 0.02137080080419 0.021283562101505 0.021146907568532 0.020940481849722 0.020679743328604
0.0067859195086569 0.0058394840570454 0.0075028671116688 0.0095057717597741 0.011527568346009 0.013415112186768 0.015098177287357 0.016552123068612 0.017776280555516 0.01878262774873 0.019589673589744 0.020211724425342 0.020675597219714 0.021000107508079 0.021196353217773 0.021283562101505 0.021277017414085 0.021207646713775 0.0210662940146 0.02086543239713
0.0062912925409138 0.0053257755246597 0.0068725023963317 0.0087918891338322 0.010768469983267 0.01264515323035 0.014345692660661 0.015839038676126 0.017118621148929 0.018191361918683 0.019071538621168 0.019771049202723 0.020312871769182 0.020714291439961 0.02098700385974 0.021146907568532 0.021207646713775 0.021211221743378 0.021126007100693 0.02098220321731
0.0058400652998843 0.0048499850958532 0.0062866231932418 0.0081230008740274 0.010049192952434 0.011905905796387 0.013612480516707 0.015132745097775 0.016455118260874 0.017582067002705 0.018523989898507 0.019290626983631 0.019901195205942 0.020371572467398 0.020713713373048 0.020940481849722 0.0210662940146 0.021126007100693 0.021110852583606 0.02101517304157
0.0054432119747772 0.0044311033566622 0.0057623543478477 0.0075146043803062 0.0093847557303875 0.011212674465273 0.012914432284249 0.014449671632414 0.015802556357925 0.016971671884504 0.01796391659831 0.018787166307502 0.019457024534227 0.019988061374915 0.020392296448518 0.020679743328604 0.02086543239713 0.02098220321731 0.02101517304157 0.020979323884263
