0.031677243641568 -0.011676742738154 0.0088534841980219 -0.0071348798095967 0.0058257479142173 -0.004753419244971 0.0040334668098594 -0.0034709323569943 0.0030439961382482 -0.0027090164228349
-0.011676742738154 0.014969109140306 -0.0070741719357273 0.005231788411876 -0.0042335824406211 0.0034354917121446 -0.0029117163070265 0.0024987466606874 -0.0021775296405997 0.0019229639242937
0.0088534841980219 -0.0070741719357273 0.010742137977252 -0.0067097852274359 0.0051508996249153 -0.0040893655448903 0.0033600730305986 -0.0028224118546362 0.0024163122737141 -0.0021040823780809
-0.0071348798095967 0.005231788411876 -0.0067097852274359 0.0073902180777694 -0.0058440493732879 0.004708914421112 -0.0039123199031891 0.0033059924684314 -0.0028405926665044 0.0024801153219606
0.0058257479142173 -0.0042335824406211 0.0051508996249153 -0.0058440493732879 0.0057066947619981 -0.0048753564110221 0.0041818038276317 -0.0036160390449326 0.0031569240606789 -0.0027868532752627
-0.004753419244971 0.0034354917121446 -0.0040893655448903 0.004708914421112 -0.0048753564110221 0.0045649045637078 -0.004097037407188 0.003649594311708 -0.0032555570231802 0.0029199974937836
0.0040334668098594 -0.0029117163070265 0.0033600730305986 -0.0039123199031891 0.0041818038276317 -0.004097037407188 0.0038550403512329 -0.0035433013969704 0.0032351911305518 -0.0029554389069256
-0.0034709323569943 0.0024987466606874 -0.0028224118546362 0.0033059924684314 -0.0036160390449326 0.003649594311708 -0.0035433013969704 0.0033506927255393 -0.0031280528838524 0.0029090432750923
0.0030439961382482 -0.0021775296405997 0.0024163122737141 -0.0028405926665044 0.0031569240606789 -0.0032555570231802 0.0032351911305518 -0.0031280528838524 0.0029793199360004 -0.0028175396100236
-0.0027090164228349 0.0019229639242937 -0.0021040823780809 0.0024801153219606 -0.0027868532752627 0.0029199974937836 -0.0029554389069256 0.0029090432750923 -0.0028175396100236 0.0027043635563292
