0 3.0581698183929 0.55972993567344 -1.6940275985951 2.1469912055317 -1.295928383174 1.7807361945596 -1.1563370253403 2.4046723994737 -0.29568382132561
-3.0581698183929 0 -3.1057582205893 -0.072114709967068 2.9488389612722 -0.28984351807953 2.7422998821424 -0.47768213088604 2.5941099183342 -0.60737023947868
-0.55972993567344 3.1057582205893 0 3.1050631301633 -0.1370046122122 3.0147306566787 -0.14167942590926 2.9919998373237 -0.16931698218891 2.9505999260183
1.6940275985951 0.072114709967068 -3.1050631301633 0 3.1012833689878 -0.021069785311676 3.1148897190347 -0.032059834868347 3.1004558587291 -0.051555856914031
-2.1469912055317 -2.9488389612722 0.1370046122122 -3.1012833689878 0 -3.1327417619965 0.003151765791808 3.1391553417061 -0.0087526928630151 3.125368062512
1.295928383174 0.28984351807953 -3.0147306566787 0.021069785311676 3.1327417619965 0 3.1395101331252 -0.0035986140155006 3.136486955186 -0.0075308677047976
-1.7807361945596 -2.7422998821424 0.14167942590926 -3.1148897190347 -0.003151765791808 -3.1395101331252 0 3.1405737962225 -0.00061018365495658 3.1410510531499
1.1563370253403 0.47768213088604 -2.9919998373237 0.032059834868347 -3.1391553417061 0.0035986140155006 -3.1405737962225 0 -3.1402682008093 0.00239052972451
-2.4046723994737 -2.5941099183342 0.16931698218891 -3.1004558587291 0.0087526928630151 -3.136486955186 0.00061018365495658 3.1402682008093 0 -3.1402900619037
0.29568382132561 0.60737023947868 -2.9505999260183 0.051555856914031 -3.125368062512 0.0075308677047976 -3.1410510531499 -0.00239052972451 3.1402900619037 0
