0 2.965046018285 0.19370328210296 -2.9163244898773 0.22246977281961 -2.9539977806224 0.067569525270587 -3.1136058004487 -0.031822296169781 3.0765033468807
-2.965046018285 0 -3.1316032681357 0.10506029244017 -3.0121318512435 0.050248086390555 3.0968291738976 -0.10565540415542 2.9955718872152 -0.14503331054898
-0.19370328210296 3.1316032681357 0 -3.1141098479267 0.070813842663168 -3.0601262132144 0.099842832220147 -3.0411531483603 0.095384625970113 -3.0425569136051
2.9163244898773 -0.10506029244017 3.1141098479267 0 3.139653133849 -0.026647935244096 3.0810054643887 -0.069113206579304 3.0663499578237 -0.068596362521019
-0.22246977281961 3.0121318512435 -0.070813842663168 -3.139653133849 0 3.1186867662394 -0.026618600008666 3.1130655462971 -0.033166254748323 3.109395415354
2.9539977806224 -0.050248086390555 3.0601262132144 0.026647935244096 -3.1186867662394 0 -3.1400808535784 0.0034981287462872 -3.1390957736952 0.0040655443129302
-0.067569525270587 -3.0968291738976 -0.099842832220147 -3.0810054643887 0.026618600008666 3.1400808535784 0 -3.13799133537 0.0032117952189004 -3.1365374110871
3.1136058004487 0.10565540415542 3.0411531483603 0.069113206579304 -3.1130655462971 -0.0034981287462872 3.13799133537 0 3.1401089492399 -0.00061605910223586
0.031822296169781 -2.9955718872152 -0.095384625970113 -3.0663499578237 0.033166254748323 3.1390957736952 -0.0032117952189004 -3.1401089492399 0 -3.140909882797
-3.0765033468807 0.14503331054898 3.0425569136051 0.068596362521019 -3.109395415354 -0.0040655443129302 3.1365374110871 0.00061605910223586 3.140909882797 0
