-0.014753490528907 0.0015872346286209 -0.00073813915425695 0.00050868491070238 -0.00031589622802237 0.00019138443187556 -0.0001011625761969 3.1869417510027e-05 1.7582285242985e-05 -5.8904751651557e-05
0.0015872346286209 -0.010487415142555 0.0039183847653189 -0.0023881614604027 0.0017467903342307 -0.0013261957188868 0.0010230655549693 -0.00081108151217155 0.00065854933467912 -0.00054355911910651
-0.00073813915425695 0.0039183847653189 -0.0067349614996935 0.0042611007460985 -0.0031738473077819 0.0024760268530589 -0.0020011352942716 0.0016606765085383 -0.0014061559006941 0.0012088019732855
0.00050868491070238 -0.0023881614604027 0.0042611007460985 -0.0047902488034274 0.0039843218412247 -0.0033337770914525 0.0028351440267387 -0.0024386913024298 0.002122782098047 -0.0018651803477605
-0.00031589622802237 0.0017467903342307 -0.0031738473077819 0.0039843218412247 -0.0039680864092397 0.0035745428766958 -0.0031818915843221 0.0028275658912691 -0.0025234190402587 0.0022620878522509
0.00019138443187556 -0.0013261957188868 0.0024760268530589 -0.0033337770914525 0.0035745428766958 -0.0034795061468568 0.0032439975800132 -0.0029791024884433 0.0027271670513613 -0.0024960434028587
-0.0001011625761969 0.0010230655549693 -0.0020011352942716 0.0028351440267387 -0.0031818915843221 0.0032439975800132 -0.0031509545698122 0.0029815774638577 -0.0027935004665682 0.0026056903283227
3.1869417510027e-05 -0.00081108151217155 0.0016606765085383 -0.0024386913024298 0.0028275658912691 -0.0029791024884433 0.0029815774638577 -0.0028943863854509 0.0027680605485136 -0.0026261806375888
1.7582285242985e-05 0.00065854933467912 -0.0014061559006941 0.002122782098047 -0.0025234190402587 0.0027271670513613 -0.0027935004665682 0.0027680605485136 -0.0026947058483619 0.0025956257087254
-5.8904751651557e-05 -0.00054355911910651 0.0012088019732855 -0.0018651803477605 0.0022620878522509 -0.0024960434028587 0.0026056903283227 -0.0026261806375888 0.0025956257087254 -0.0025337814930952
