0 -3.0681530370325 0.53103927490762 -2.9474048375139 0.13237745041732 -2.9730941732243 0.13360218562661 -3.0355436034339 0.068890581509591 -3.1096409285526
3.0681530370325 0 -2.8940391279507 0.12558670439064 -3.0288070503693 0.14200406907952 -2.9829050976371 0.16549677604517 -2.9792544930815 0.15987538436355
-0.53103927490762 2.8940391279507 0 3.0122649778073 -0.18061355104661 2.9194581445176 -0.28947450722305 2.7819955520266 -0.42137885697012 2.669180698921
2.9474048375139 -0.12558670439064 -3.0122649778073 0 3.1295945282681 -0.043924631061998 3.0384172431176 -0.15845113509791 2.9281819759792 -0.26630139738323
-0.13237745041732 3.0288070503693 0.18061355104661 -3.1295945282681 0 3.1148126978374 -0.064211342132327 3.0381269000088 -0.13817593977398 2.9729174203381
2.9730941732243 -0.14200406907952 -2.9194581445176 0.043924631061998 -3.1148126978374 0 3.1104059865985 -0.06504816139987 3.0503296358192 -0.11225235696554
-0.13360218562661 2.9829050976371 0.28947450722305 -3.0384172431176 0.064211342132327 -3.1104059865985 0 3.1093163376699 -0.055460233047333 3.0694281294399
3.0355436034339 -0.16549677604517 -2.7819955520266 0.15845113509791 -3.0381269000088 0.06504816139987 -3.1093163376699 0 3.1197199444452 -0.036432491195226
-0.068890581509591 2.9792544930815 0.42137885697012 -2.9281819759792 0.13817593977398 -3.0503296358192 0.055460233047333 -3.1197199444452 0 3.1278805323152
3.1096409285526 -0.15987538436355 -2.669180698921 0.26630139738323 -2.9729174203381 0.11225235696554 -3.0694281294399 0.036432491195226 -3.1278805323152 0
