0 3.071204917588 -0.12334219628162 2.9672315873424 -0.22341781250585 2.8726432302986 -0.30922139412443 2.7972309616134 -0.37458219665597 2.7460100541244
-3.071204917588 0 3.0977566250475 -0.080732662778517 3.0285648301331 -0.14092484475112 2.9780145593924 -0.18146010609865 2.9465736885664 -0.20224504608095
0.12334219628162 -3.0977566250475 0 3.1089880547268 -0.05868172338656 3.0619537178144 -0.095596487167324 3.0340805415565 -0.11609013057556 3.0211170714863
-2.9672315873424 0.080732662778517 -3.1089880547268 0 3.117588343105 -0.04212625141531 3.0863122660464 -0.064803657043118 3.0700105333866 -0.075469439027938
0.22341781250585 -3.0285648301331 0.05868172338656 -3.117588343105 0 3.124326783418 -0.029417241840987 3.1034853621987 -0.044364202288822 3.0931078835286
-2.8726432302986 0.14092484475112 -3.0619537178144 0.04212625141531 -3.124326783418 0 3.1296571854371 -0.020461048600883 3.1148758280292 -0.031286771597902
0.30922139412443 -2.9780145593924 0.095596487167324 -3.0863122660464 0.029417241840987 -3.1296571854371 0 3.1330613340071 -0.014883078756565 3.1217485773554
-2.7972309616134 0.18146010609865 -3.0340805415565 0.064803657043118 -3.1034853621987 0.020461048600883 -3.1330613340071 0 3.135180236196 -0.011644770085762
0.37458219665597 -2.9465736885664 0.11609013057556 -3.0700105333866 0.044364202288822 -3.1148758280292 0.014883078756565 -3.135180236196 0 3.136193399197
-2.7460100541244 0.20224504608095 -3.0211170714863 0.075469439027938 -3.0931078835286 0.031286771597902 -3.1217485773554 0.011644770085762 -3.136193399197 0
