0 3.1007060212124 0.023861030221362 -3.1405672695312 -0.0054787910576901 3.1321116314835 -0.011813318343673 3.1278965677471 -0.014668628871345 3.1287072826445
-3.1007060212124 0 3.1408538557842 -0.01276112386859 3.1324686365376 -0.006017479610956 3.1360652829565 -0.0018122515251839 3.1409819737119 0.0033781004779855
-0.023861030221362 -3.1408538557842 0 -3.138711437775 0.0018024824177669 -3.1333347976199 0.011140113583631 -3.1210396426826 0.027526211145187 -3.1058857732337
3.1405672695312 0.01276112386859 3.138711437775 0 -3.1354392976356 0.0051568643469616 -3.1275873169608 0.026613093066224 -3.103747849463 0.049710778301434
0.0054787910576901 -3.1324686365376 -0.0018024824177669 3.1354392976356 0 3.1375407170023 -0.0033459756014191 -3.1412607437596 0.0044064835698194 -3.1318541932843
-3.1321116314835 0.006017479610956 3.1333347976199 -0.0051568643469616 -3.1375407170023 0 -3.1413053961766 0.0024139163142246 -3.136228130193 0.0093581460661834
0.011813318343673 -3.1360652829565 -0.011140113583631 3.1275873169608 0.0033459756014191 3.1413053961766 0 -3.1394461197076 0.0050250441806332 -3.1330108137819
-3.1278965677471 0.0018122515251839 3.1210396426826 -0.026613093066224 3.1412607437596 -0.0024139163142246 3.1394461197076 0 -3.1389540058377 0.0055749765077673
0.014668628871345 -3.1409819737119 -0.027526211145187 3.103747849463 -0.0044064835698194 3.136228130193 -0.0050250441806332 3.1389540058377 0 -3.1390144886507
-3.1287072826445 -0.0033781004779855 3.1058857732337 -0.049710778301434 3.1318541932843 -0.0093581460661834 3.1330108137819 -0.0055749765077673 3.1390144886507 0
