0.00042409566172408 0.00036010045251015 0.00029208022379927 0.00024208479082008 0.00021297877749624 0.00019804057348275 0.00018838610510779 0.00018047317977877 0.00017415745862265 0.00016881331742771
0.00036010045251015 0.0002958742408506 0.00023878272293186 0.00020002130809581 0.00017867050410081 0.00016561194398457 0.00015682095058584 0.00015002775619509 0.00014486095895748 0.00014068259434951
0.00029208022379927 0.00023878272293186 0.00019734454491082 0.00016480620412107 0.00014931613386484 0.00013828620745888 0.00013156706775372 0.0001260050394294 0.00012144223733101 0.00011767398729387
0.00024208479082008 0.00020002130809581 0.00016480620412107 0.00013281735325029 0.00011959475573297 0.00011248977957682 0.00010872165054599 0.0001054476425102 0.00010263441303202 0.00010027487627761
0.00021297877749624 0.00017867050410081 0.00014931613386484 0.00011959475573297 0.00010838117506 0.00010191851655169 9.8106417245202e-05 9.4902368142781e-05 9.2141243581476e-05 8.9834243502395e-05
0.00019804057348275 0.00016561194398457 0.00013828620745888 0.00011248977957682 0.00010191851655169 9.6267200458364e-05 9.2478336293673e-05 8.9305183904749e-05 8.6637672140046e-05 8.4481875516938e-05
0.00018838610510779 0.00015682095058584 0.00013156706775372 0.00010872165054599 9.8106417245202e-05 9.2478336293673e-05 8.8679503960431e-05 8.5617629693626e-05 8.3106834269679e-05 8.1139286081357e-05
0.00018047317977877 0.00015002775619509 0.0001260050394294 0.0001054476425102 9.4902368142781e-05 8.9305183904749e-05 8.5617629693626e-05 8.2676440503524e-05 8.0319614645212e-05 7.8525146957028e-05
0.00017415745862265 0.00014486095895748 0.00012144223733101 0.00010263441303202 9.2141243581476e-05 8.6637672140046e-05 8.3106834269679e-05 8.0319614645212e-05 7.814410579975e-05 7.6538866107786e-05
0.00016881331742771 0.00014068259434951 0.00011767398729387 0.00010027487627761 8.9834243502395e-05 8.4481875516938e-05 8.1139286081357e-05 7.8525146957028e-05 7.6538866107786e-05 7.5127636169548e-05
