3.1415926535898 -3.1341857920894 -0.066361244416341 3.12990192215 0.02042821078642 3.1241525634611 -0.045224799250018 3.0635825919189 -0.11395194033712 3.0174806129606
3.1341857920894 3.1415926535898 0.0085621816355245 -3.0454250510898 0.20748055929881 -3.0524684930682 -0.068657370838298 2.9805280081903 -0.22690349781128 2.8773708656917
0.066361244416341 -0.0085621816355245 3.1415926535898 -0.034245075004826 3.0923440189883 -0.073174380832762 3.0274307430433 -0.14178386815705 2.9753813327481 -0.18897359843216
-3.12990192215 3.0454250510898 0.034245075004826 3.1415926535898 0.0021347502502055 3.1234393963032 -0.033010231129393 3.0796631521505 -0.080645507213931 3.0387172991988
-0.02042821078642 -0.20748055929881 -3.0923440189883 -0.0021347502502055 3.1415926535898 -0.00048378287666723 3.129436321528 -0.028421447285768 3.1132363921445 -0.034076473883144
-3.1241525634611 3.0524684930682 0.073174380832762 -3.1234393963032 0.00048378287666723 3.1415926535898 -0.0090024108732509 3.1228027560476 -0.009455105300086 3.1386418015075
0.045224799250018 0.068657370838298 -3.0274307430433 0.033010231129393 -3.129436321528 0.0090024108732509 3.1415926535898 -0.0061361930238392 -3.1393060242047 0.0076965639848439
-3.0635825919189 -2.9805280081903 0.14178386815705 -3.0796631521505 0.028421447285768 -3.1228027560476 0.0061361930238392 3.1415926535898 0.0058084258311134 -3.1327221112836
0.11395194033712 0.22690349781128 -2.9753813327481 0.080645507213931 -3.1132363921445 0.009455105300086 3.1393060242047 -0.0058084258311134 3.1415926535898 0.0033279751875697
-3.0174806129606 -2.8773708656917 0.18897359843216 -3.0387172991988 0.034076473883144 -3.1386418015075 -0.0076965639848439 3.1327221112836 -0.0033279751875697 3.1415926535898
