0.021080629569321 -0.0073010807845963 0.0054744764393183 -0.0044680411041483 0.0037155176949591 -0.0030858467023845 0.002621348894149 -0.0022742861288605 0.0020017977110352 -0.0017749595733939
-0.0073010807845963 0.013197401589473 -0.0051505431246944 0.003663738834107 -0.0028436060202191 0.0022308916035032 -0.0018419131537004 0.0015592270894233 -0.0013585615093158 0.0011971551178417
0.0054744764393183 -0.0051505431246944 0.0093218487550654 -0.0050694580042229 0.0037256319035836 -0.0028682576749932 0.0023398138277053 -0.0019650389136154 0.0016821679932594 -0.0014591928060167
-0.0044680411041483 0.003663738834107 -0.0050694580042229 0.0063632795208944 -0.0045797515504448 0.0035789127177179 -0.0029500316257708 0.0025075045268887 -0.002180938647948 0.0019194640756862
0.0037155176949591 -0.0028436060202191 0.0037256319035836 -0.0045797515504448 0.0046976451415653 -0.0039012759353148 0.0033175537675738 -0.0028685735048721 0.0025188127152586 -0.002236939025076
-0.0030858467023845 0.0022308916035032 -0.0028682576749932 0.0035789127177179 -0.0039012759353148 0.0037334030049024 -0.0033520957549189 0.0029921525902578 -0.0026840794609077 0.0024220376328994
0.002621348894149 -0.0018419131537004 0.0023398138277053 -0.0029500316257708 0.0033175537675738 -0.0033520957549189 0.0032137181645886 -0.0029702018602881 0.0027300006116407 -0.0025083509757159
-0.0022742861288605 0.0015592270894233 -0.0019650389136154 0.0025075045268887 -0.0028685735048721 0.0029921525902578 -0.0029702018602881 0.0028368006969603 -0.0026674674735225 0.0024930748654955
0.0020017977110352 -0.0013585615093158 0.0016821679932594 -0.002180938647948 0.0025188127152586 -0.0026840794609077 0.0027300006116407 -0.0026674674735225 0.0025607376809572 -0.0024321885124059
-0.0017749595733939 0.0011971551178417 -0.0014591928060167 0.0019194640756862 -0.002236939025076 0.0024220376328994 -0.0025083509757159 0.0024930748654955 -0.0024321885124059 0.0023429326086005
