0.036999081369342 -0.013282562052853 0.010011420331545 -0.0077276415685545 0.0063645860338097 -0.005278329628138 0.0044555728675425 -0.0038081788764449 0.0032968926778806 -0.0028917822377666
-0.013282562052853 0.016436462385534 -0.0078504821093877 0.005467473893858 -0.0044028775387988 0.003547278068423 -0.0029545136437636 0.0024973280543697 -0.0021442862889347 0.0018646113411579
0.010011420331545 -0.0078504821093877 0.011638346479998 -0.0072767490664132 0.0054299783034656 -0.0042807404111203 0.00346384788627 -0.0028904928272364 0.0024582353458233 -0.0021236869135845
-0.0077276415685545 0.005467473893858 -0.0072767490664132 0.007695060514904 -0.0059594144772687 0.0047873122224481 -0.0039569383080041 0.0033479730120336 -0.0028824830068246 0.0025163196077899
0.0063645860338097 -0.0044028775387988 0.0054299783034656 -0.0059594144772687 0.0056958451859761 -0.0049219766844597 0.0042460163142627 -0.0036979452203414 0.0032484157261582 -0.0028774908499282
-0.005278329628138 0.003547278068423 -0.0042807404111203 0.0047873122224481 -0.0049219766844597 0.0046675772584047 -0.0042293462251391 0.0038040682735168 -0.0034222005068987 0.0030879912488786
0.0044555728675425 -0.0029545136437636 0.00346384788627 -0.0039569383080041 0.0042460163142627 -0.0042293462251391 0.0040126469420546 -0.0037241261420759 0.0034296796703617 -0.0031531260950053
-0.0038081788764449 0.0024973280543697 -0.0028904928272364 0.0033479730120336 -0.0036979452203414 0.0038040682735168 -0.0037241261420759 0.0035540323979594 -0.0033464021438515 0.003132855876567
0.0032968926778806 -0.0021442862889347 0.0024582353458233 -0.0028824830068246 0.0032484157261582 -0.0034222005068987 0.0034296796703617 -0.0033464021438515 0.0032135802007271 -0.003059133621259
-0.0028917822377666 0.0018646113411579 -0.0021236869135845 0.0025163196077899 -0.0028774908499282 0.0030879912488786 -0.0031531260950053 0.003132855876567 -0.003059133621259 0.0029556736823132
