0.049971868930962 0.020932469273405 0.01382146280466 0.0098312114701573 0.0072727292650269 0.0057544175685 0.0047377439505078 0.0040231151908601 0.003455275891416 0.00298286716211 0.0025861175467047 0.0022803151096972 0.0020140894196589 0.0017883846243404 0.0015938578829267 0.0014250624345456 0.0012763155568635 0.0011437835648262 0.0010268471823326 0.00091560131015458
0.020932469273405 0.022262450815545 0.011218447541963 0.0075634503463133 0.0057636535413883 0.0045538412107461 0.0036587733621588 0.0029797415996421 0.0024736898900245 0.0020773560418896 0.0017713614137102 0.0015171383259837 0.0013186263314786 0.0011554218500598 0.0010196548522637 0.00090342544805415 0.00080420449898236 0.00071742505711786 0.00064156378699929 0.00057235880543427
0.01382146280466 0.011218447541963 0.015480552017418 0.0091463288063375 0.0066326082859714 0.0051607355476889 0.004072333439793 0.0033241902664056 0.0027581487827209 0.0023172793281322 0.0019755521691122 0.0017085716031756 0.0014944793957248 0.0013216340566498 0.0011766614475349 0.0010550758315622 0.00094938212037931 0.00085707247271475 0.00077838454475608 0.00070127243533171
0.0098312114701573 0.0075634503463133 0.0091463288063375 0.010346297002502 0.0079007644839949 0.0062898858581381 0.0050903747880295 0.004209155792927 0.0035526087578095 0.0030426109444427 0.0026404415103812 0.0023236050687723 0.0020640129786083 0.0018511792032737 0.0016749510454735 0.0015254835673102 0.0013974258182183 0.001285834860068 0.0011877588663205 0.0010999395909671
0.0072727292650269 0.0057636535413883 0.0066326082859714 0.0079007644839949 0.0080277473570248 0.0068556733795955 0.0057918486763647 0.0049373662733366 0.0042647494621834 0.0037246773241117 0.0032864387292148 0.0029266675499631 0.002626196023296 0.002374165745579 0.0021604921381312 0.0019770824362774 0.0018176251494288 0.0016774463067033 0.0015536231920367 0.0014416637668043
0.0057544175685 0.0045538412107461 0.0051607355476889 0.0062898858581381 0.0068556733795955 0.0066630091412884 0.0059780100571585 0.0053105935047024 0.0047242167891307 0.0042143912206393 0.0037829980458349 0.0034153483425973 0.0031005261787582 0.0028294766312091 0.0025947381013622 0.0023895405900436 0.0022088624500263 0.0020484583640861 0.0019052760031758 0.0017758971295047
0.0047377439505078 0.0036587733621588 0.004072333439793 0.0050903747880295 0.0057918486763647 0.0059780100571585 0.005754872339135 0.0053447579697672 0.0049062227699903 0.0044818061684074 0.0040975857984661 0.0037539584459674 0.0034498786652624 0.0031807235703955 0.0029422955319923 0.0027301643040166 0.0025406849717617 0.0023705766447109 0.0022172716902481 0.002078008726519
0.0040231151908601 0.0029797415996421 0.0033241902664056 0.004209155792927 0.0049373662733366 0.0053105935047024 0.0053447579697672 0.0051742657679343 0.0048933613301506 0.0045715226927996 0.0042551264726352 0.0039545249156991 0.0036784739348424 0.0034266251173224 0.0031980924540526 0.002990833772647 0.0028027524545077 0.002631689967099 0.0024756777277728 0.0023329548622234
0.003455275891416 0.0024736898900245 0.0027581487827209 0.0035526087578095 0.0042647494621834 0.0047242167891307 0.0049062227699903 0.0048933613301506 0.0047528638831725 0.0045342137853936 0.004292856754786 0.0040460960539246 0.0038088796198029 0.0035846375930526 0.0033754806247967 0.0031816400063275 0.0030025806942538 0.0028372949239079 0.0026845404411437 0.0025435326801711
0.00298286716211 0.0020773560418896 0.0023172793281322 0.0030426109444427 0.0037246773241117 0.0042143912206393 0.0044818061684074 0.0045715226927996 0.0045342137853936 0.0044069650377149 0.0042385251248625 0.0040488445069752 0.0038555787762154 0.003664900330326 0.0034812495031201 0.0033067476884311 0.0031422545193246 0.0029878443488842 0.0028430059177647 0.0027079017803972
0.0025861175467047 0.0017713614137102 0.0019755521691122 0.0026404415103812 0.0032864387292148 0.0037829980458349 0.0040975857984661 0.0042551264726352 0.004292856754786 0.0042385251248625 0.0041424642236515 0.003999019796668 0.003849633423325 0.0036941361753396 0.0035385331834842 0.0033863470920402 0.0032395692166003 0.003099176072127 0.0029652936681168 0.0028389437682352
0.0022803151096972 0.0015171383259837 0.0017085716031756 0.0023236050687723 0.0029266675499631 0.0034153483425973 0.0037539584459674 0.0039545249156991 0.0040460960539246 0.0040488445069752 0.003999019796668 0.0039130533736644 0.0038056434470309 0.003685180378505 0.0035584264382432 0.0034298742523454 0.0033023786825412 0.0031776774192888 0.0030564629486183 0.0029405245242829
0.0020140894196589 0.0013186263314786 0.0014944793957248 0.0020640129786083 0.002626196023296 0.0031005261787582 0.0034498786652624 0.0036784739348424 0.0038088796198029 0.0038555787762154 0.003849633423325 0.0038056434470309 0.0037355577792531 0.0036474659438148 0.0035483144757203 0.0034430948001824 0.0033352100608407 0.0032269317590291 0.0031193694161756 0.0030149474296332
0.0017883846243404 0.0011554218500598 0.0013216340566498 0.0018511792032737 0.002374165745579 0.0028294766312091 0.0031807235703955 0.0034266251173224 0.0035846375930526 0.003664900330326 0.0036941361753396 0.003685180378505 0.0036474659438148 0.0035884634664087 0.0035148771458493 0.0034318449090725 0.0033430562343682 0.0032511268407483 0.0031574596428414 0.0030649778132895
0.0015938578829267 0.0010196548522637 0.0011766614475349 0.0016749510454735 0.0021604921381312 0.0025947381013622 0.0029422955319923 0.0031980924540526 0.0033754806247967 0.0034812495031201 0.0035385331834842 0.0035584264382432 0.0035483144757203 0.0035148771458493 0.003464396741533 0.0034019077169348 0.0033311845513918 0.0032550277661332 0.0031750264305947 0.0030944688664565
0.0014250624345456 0.00090342544805415 0.0010550758315622 0.0015254835673102 0.0019770824362774 0.0023895405900436 0.0027301643040166 0.002990833772647 0.0031816400063275 0.0033067476884311 0.0033863470920402 0.0034298742523454 0.0034430948001824 0.0034318449090725 0.0034019077169348 0.0033580906588121 0.0033041137396354 0.0032428414393331 0.0031759664844734 0.0031070115519016
0.0012763155568635 0.00080420449898236 0.00094938212037931 0.0013974258182183 0.0018176251494288 0.0022088624500263 0.0025406849717617 0.0028027524545077 0.0030025806942538 0.0031422545193246 0.0032395692166003 0.0033023786825412 0.0033352100608407 0.0033430562343682 0.0033311845513918 0.0033041137396354 0.0032654339989551 0.0032179880080814 0.00316350575424 0.0031056453922788
0.0011437835648262 0.00071742505711786 0.00085707247271475 0.001285834860068 0.0016774463067033 0.0020484583640861 0.0023705766447109 0.002631689967099 0.0028372949239079 0.0029878443488842 0.003099176072127 0.0031776774192888 0.0032269317590291 0.0032511268407483 0.0032550277661332 0.0032428414393331 0.0032179880080814 0.0031832356959804 0.0031403040289398 0.0030929101894182
0.0010268471823326 0.00064156378699929 0.00077838454475608 0.0011877588663205 0.0015536231920367 0.0019052760031758 0.0022172716902481 0.0024756777277728 0.0026845404411437 0.0028430059177647 0.0029652936681168 0.0030564629486183 0.0031193694161756 0.0031574596428414 0.0031750264305947 0.0031759664844734 0.00316350575424 0.0031403040289398 0.0031087290437073 0.0030704217697127
0.00091560131015458 0.00057235880543427 0.00070127243533171 0.0010999395909671 0.0014416637668043 0.0017758971295047 0.002078008726519 0.0023329548622234 0.0025435326801711 0.0027079017803972 0.0028389437682352 0.0029405245242829 0.0030149474296332 0.0030649778132895 0.0030944688664565 0.0031070115519016 0.0031056453922788 0.0030929101894182 0.0030704217697127 0.0030418658805055
