0.10140197065797 0.00046096561310692 -0.00043311900983583 0.0003374393942056 -0.00028442504931455 0.00024108261898016 -0.00020994258594516 0.00018941010513051 -0.0001728454805411 0.00015569407394178
0.00046096561310692 0.008678184882717 -0.0014264337152526 0.0010437252625275 -0.00061402500737236 0.00043594761375318 -0.00020334513325291 7.5058632947439e-05 -4.0873045919722e-06 -4.1676240577151e-05
-0.00043311900983583 -0.0014264337152526 0.0095267949000979 -0.0031152749939605 0.0018753501671762 -0.001236829243326 0.00090921060557423 -0.00075325841397429 0.00064991401149485 -0.00058235522116249
0.0003374393942056 0.0010437252625275 -0.0031152749939605 0.0071447535539004 -0.0038379052667077 0.0028067970622429 -0.0022022791672369 0.0018270782586109 -0.0015431588948929 0.001326310629703
-0.00028442504931455 -0.00061402500737236 0.0018753501671762 -0.0038379052667077 0.0053153444742139 -0.0038831530509666 0.0031119937505181 -0.0026014164320221 0.002207775567031 -0.0018978304769079
0.00024108261898016 0.00043594761375318 -0.001236829243326 0.0028067970622429 -0.0038831530509666 0.0040530875660222 -0.0034743955154765 0.0030175379513402 -0.0026209547077038 0.0022902484969533
-0.00020994258594516 -0.00020334513325291 0.00090921060557423 -0.0022022791672369 0.0031119937505181 -0.0034743955154765 0.0033805620776552 -0.0030984326178769 0.0027853381805269 -0.002499672290289
0.00018941010513051 7.5058632947439e-05 -0.00075325841397429 0.0018270782586109 -0.0026014164320221 0.0030175379513402 -0.0030984326178769 0.0030087248655843 -0.0028006624514996 0.0025812474918785
-0.0001728454805411 -4.0873045919722e-06 0.00064991401149485 -0.0015431588948929 0.002207775567031 -0.0026209547077038 0.0027853381805269 -0.0028006624514996 0.0026952993956123 -0.0025487720818802
0.00015569407394178 -4.1676240577151e-05 -0.00058235522116249 0.001326310629703 -0.0018978304769079 0.0022902484969533 -0.002499672290289 0.0025812474918785 -0.0025487720818802 0.0024673754593893
