0 -0.62724426141122 0.5688081180071 -0.33586717937659 -3.1015093719699 -0.3369208175048 2.4407238970838 -0.86322317828577 2.0875461254949 -1.2716847427462
0.62724426141122 0 3.1353966342012 0.037839109811138 2.7885982586497 -1.0631809968908 1.8043123562607 -1.4617960158879 1.741972293521 -1.370907922014
-0.5688081180071 -3.1353966342012 0 3.0712190957111 0.017643899503528 2.9040206360526 -0.21020117423748 2.921982906729 -0.20302829360831 2.9492895896455
0.33586717937659 -0.037839109811138 -3.0712190957111 0 3.1149488771858 -0.025741331693485 3.081300410207 -0.084550204418767 3.0626648254108 -0.081038701472128
3.1015093719699 -2.7885982586497 -0.017643899503528 -3.1149488771858 0 -3.1412501104239 -0.011223274281799 3.1216240989221 -0.021660140423523 3.1227801138666
0.3369208175048 1.0631809968908 -2.9040206360526 0.025741331693485 3.1412501104239 0 3.1365543449808 -0.0030382689143891 -3.1398469396292 0.0077373380848309
-2.4407238970838 -1.8043123562607 0.21020117423748 -3.081300410207 0.011223274281799 -3.1365543449808 0 3.1392308535649 0.0032082822969234 -3.1337466091045
0.86322317828577 1.4617960158879 -2.921982906729 0.084550204418767 -3.1216240989221 0.0030382689143891 -3.1392308535649 0 -3.1356269760399 0.010512538493638
-2.0875461254949 -1.741972293521 0.20302829360831 -3.0626648254108 0.021660140423523 3.1398469396292 -0.0032082822969234 3.1356269760399 0 -3.1377554747205
1.2716847427462 1.370907922014 -2.9492895896455 0.081038701472128 -3.1227801138666 -0.0077373380848309 3.1337466091045 -0.010512538493638 3.1377554747205 0
