9.714591693912e-05 0.00040463224800471 0.00036154267372372 0.00038844132331775 0.00033976993566819 0.00030430106886578 0.00029363658850634 0.00028898630115247 0.00028404689494069 0.00028087731743888
0.00040463224800471 0.001725437275515 0.001523866319726 0.0015142948218096 0.0013309914727993 0.0012565232051075 0.0012015015089881 0.0011589515933225 0.0011143944577916 0.0010810651259321
0.00036154267372372 0.001523866319726 0.0013022647247524 0.0013579509112443 0.001246346991742 0.0011285819403815 0.0010567627289849 0.0010187184013729 0.001003302242154 0.0010101603391285
0.00038844132331775 0.0015142948218096 0.0013579509112443 0.0014063050635119 0.0012650692326654 0.0011572226276165 0.001115577871194 0.0011019080534318 0.0010995022554821 0.0011081634690896
0.00033976993566819 0.0013309914727993 0.001246346991742 0.0012650692326654 0.0012500522434916 0.001203104508632 0.0011594614336931 0.0011339307408424 0.001104884618656 0.0010860655805089
0.00030430106886578 0.0012565232051075 0.0011285819403815 0.0011572226276165 0.001203104508632 0.0011770047829903 0.0011495454921689 0.0011312398578142 0.001099882843797 0.0010718117345542
0.00029363658850634 0.0012015015089881 0.0010567627289849 0.001115577871194 0.0011594614336931 0.0011495454921689 0.0011344648999323 0.0011200594990567 0.0010858628747533 0.0010500285721692
0.00028898630115247 0.0011589515933225 0.0010187184013729 0.0011019080534318 0.0011339307408424 0.0011312398578142 0.0011200594990567 0.0011038400174621 0.0010667852896648 0.0010265357745471
0.00028404689494069 0.0011143944577916 0.001003302242154 0.0010995022554821 0.001104884618656 0.001099882843797 0.0010858628747533 0.0010667852896648 0.0010313319774698 0.0009941390021455
0.00028087731743888 0.0010810651259321 0.0010101603391285 0.0011081634690896 0.0010860655805089 0.0010718117345542 0.0010500285721692 0.0010265357745471 0.0009941390021455 0.00096357751647025
