0.00032349454746457 0.00027276262194891 0.00021944175503957 0.00018006386030572 0.00015478849551065 0.00014048541744433 0.00012995795837237 0.00012274769383149 0.00011724620834327 0.00011222560722433
0.00027276262194891 0.00022186141001729 0.00019592544825885 0.00015848799700022 0.0001350725821896 0.00011829927875288 0.00010825778325673 0.00010176217634662 9.6525502046896e-05 9.2153008339884e-05
0.00021944175503957 0.00019592544825885 0.00016731336487782 0.00013417322061842 0.00011379664261439 0.00010021388034995 9.1719311260321e-05 8.5978646024228e-05 8.1601891525914e-05 7.7625040390245e-05
0.00018006386030572 0.00015848799700022 0.00013417322061842 0.00010604758921544 9.0905402372439e-05 7.925571340238e-05 7.4088872539391e-05 7.0007282024796e-05 6.6575826452647e-05 6.3470548085649e-05
0.00015478849551065 0.0001350725821896 0.00011379664261439 9.0905402372439e-05 7.8171596489914e-05 6.9750046071921e-05 6.3998151965003e-05 5.9824704385008e-05 5.6653212097486e-05 5.3992053833781e-05
0.00014048541744433 0.00011829927875288 0.00010021388034995 7.925571340238e-05 6.9750046071921e-05 6.2511503513442e-05 5.7261172914418e-05 5.3382352286042e-05 5.0598027920397e-05 4.8278962817367e-05
0.00012995795837237 0.00010825778325673 9.1719311260321e-05 7.4088872539391e-05 6.3998151965003e-05 5.7261172914418e-05 5.2542631383991e-05 4.9168721869554e-05 4.6672071879947e-05 4.4573630542106e-05
0.00012274769383149 0.00010176217634662 8.5978646024228e-05 7.0007282024796e-05 5.9824704385008e-05 5.3382352286042e-05 4.9168721869554e-05 4.6131382808353e-05 4.3854669951926e-05 4.1927801585871e-05
0.00011724620834327 9.6525502046896e-05 8.1601891525914e-05 6.6575826452647e-05 5.6653212097486e-05 5.0598027920397e-05 4.6672071879947e-05 4.3854669951926e-05 4.177553501889e-05 4.0015183330016e-05
0.00011222560722433 9.2153008339884e-05 7.7625040390245e-05 6.3470548085649e-05 5.3992053833781e-05 4.8278962817367e-05 4.4573630542106e-05 4.1927801585871e-05 4.0015183330016e-05 3.8393128218361e-05
