-0.00060999390226539 -0.0016109988341538 0.0010602159251665 -0.00085345359450083 0.0007261955167877 -0.00062857607774265 0.00056677166600169 -0.00051973796267532 0.00048327969935411 -0.00045446140379211
-0.0016109988341538 -0.01138468799724 0.0023645636149845 -0.001382747590929 0.00092968484561466 -0.00064130166605309 0.00053958904855655 -0.00046845654365109 0.00041757046237392 -0.00038002235060203
0.0010602159251665 0.0023645636149845 -0.0092464248827133 0.0042825922541704 -0.0028642915020796 0.0021180423730341 -0.001674858210751 0.0013935951464235 -0.001197881482142 0.0010556410926036
-0.00085345359450083 -0.001382747590929 0.0042825922541704 -0.0064491901633466 0.0046125629818464 -0.0035199506165858 0.0028362012145211 -0.002340642523921 0.0019826168576174 -0.0017132631536201
0.0007261955167877 0.00092968484561466 -0.0028642915020796 0.0046125629818464 -0.0050290000594264 0.004246587006318 -0.0035798650267373 0.0030541245735198 -0.0026477589563081 0.0023267573393665
-0.00062857607774265 -0.00064130166605309 0.0021180423730341 -0.0035199506165858 0.004246587006318 -0.0041913410615459 0.0037703575942286 -0.0033542384527753 0.0029992297326479 -0.0026983183115001
0.00056677166600169 0.00053958904855655 -0.001674858210751 0.0028362012145211 -0.0035798650267373 0.0037703575942286 -0.0036377957558958 0.0033870399407106 -0.0031282282523191 0.0028844553939685
-0.00051973796267532 -0.00046845654365109 0.0013935951464235 -0.002340642523921 0.0030541245735198 -0.0033542384527753 0.0033870399407106 -0.0032893282528446 0.0031324057462036 -0.0029566732561848
0.00048327969935411 0.00041757046237392 -0.001197881482142 0.0019826168576174 -0.0026477589563081 0.0029992297326479 -0.0031282282523191 0.0031324057462036 -0.0030608586001469 0.002948455855595
-0.00045446140379211 -0.00038002235060203 0.0010556410926036 -0.0017132631536201 0.0023267573393665 -0.0026983183115001 0.0028844553939685 -0.0029566732561848 0.002948455855595 -0.0028894249440639
