0.00087179609577919 0.00087063620212166 0.00061183957235981 0.00056578508515024 0.00049633775360609 0.00042673424791866 0.00037528014467559 0.00033915946674248 0.00031624899293055 0.00029938985288458
0.00087063620212166 0.00076744001707161 0.0005805403923926 0.00052340019188896 0.00048103861343099 0.00041788749624964 0.00037763074600079 0.00035323593358991 0.00033213812323078 0.00031408414142428
0.00061183957235981 0.0005805403923926 0.00044941299684444 0.00042864769980107 0.00034737268520319 0.00028357125723734 0.00025895055278604 0.00024928454496101 0.00024040205971972 0.00023055665189466
0.00056578508515024 0.00052340019188896 0.00042864769980107 0.00034619336247805 0.00034456522075649 0.00026598397053684 0.00023798633378976 0.00022005684025772 0.00020754445905171 0.00019623688273278
0.00049633775360609 0.00048103861343099 0.00034737268520319 0.00034456522075649 0.0003097151716339 0.00023297652692604 0.00021535276245879 0.00019855393845567 0.00019275485050435 0.00018268030909311
0.00042673424791866 0.00041788749624964 0.00028357125723734 0.00026598397053684 0.00023297652692604 0.00018574560077673 0.0001701499691349 0.0001625660379969 0.00015819042637203 0.00015114500014807
0.00037528014467559 0.00037763074600079 0.00025895055278604 0.00023798633378976 0.00021535276245879 0.0001701499691349 0.00015122578917228 0.00014540510954311 0.00014192190014818 0.00013690210862874
0.00033915946674248 0.00035323593358991 0.00024928454496101 0.00022005684025772 0.00019855393845567 0.0001625660379969 0.00014540510954311 0.00013929422538165 0.00013592301929962 0.00013147191846757
0.00031624899293055 0.00033213812323078 0.00024040205971972 0.00020754445905171 0.00019275485050435 0.00015819042637203 0.00014192190014818 0.00013592301929962 0.00013232011063475 0.0001273014240045
0.00029938985288458 0.00031408414142428 0.00023055665189466 0.00019623688273278 0.00018268030909311 0.00015114500014807 0.00013690210862874 0.00013147191846757 0.0001273014240045 0.0001216573160725
