3.1415926535898 -0.43971517951132 2.6069692471541 -0.45413298529308 2.5283052817047 -0.57139363946452 2.6462033220753 -0.49740445886802 2.5679029336198 -0.62750157876373
0.43971517951132 3.1415926535898 0.060210297733013 -3.0626371155031 0.059917451042679 -3.0595363464503 0.066507675707422 -3.0550661430331 0.11990235466192 -2.989851858476
-2.6069692471541 -0.060210297733013 3.1415926535898 0.030624672232225 -3.1153761331135 0.032114498776041 -3.1116193916368 0.027219522667775 -3.1187414550924 0.015683914434371
0.45413298529308 3.0626371155031 -0.030624672232225 3.1415926535898 -0.0052774297260145 3.1390648062493 -0.0056822273312581 3.1323831477127 -0.01667513477535 3.1161701842733
-2.5283052817047 -0.059917451042679 3.1153761331135 0.0052774297260145 3.1415926535898 0.0044509014047857 -3.1381158973153 0.0029516549821613 3.1396936120329 -0.0079835933077422
0.57139363946452 3.0595363464503 -0.032114498776041 -3.1390648062493 -0.0044509014047857 3.1415926535898 -0.00047344512726389 3.1394965690237 -0.0064492169698787 3.1295759311931
-2.6462033220753 -0.066507675707422 3.1116193916368 0.0056822273312581 3.1381158973153 0.00047344512726389 3.1415926535898 -0.0018377374660943 3.1359332775388 -0.010533191519117
0.49740445886802 3.0550661430331 -0.027219522667775 -3.1323831477127 -0.0029516549821613 -3.1394965690237 0.0018377374660943 3.1415926535898 -0.0036157902807893 3.1333897393377
-2.5679029336198 -0.11990235466192 3.1187414550924 0.01667513477535 -3.1396936120329 0.0064492169698787 -3.1359332775388 0.0036157902807893 3.1415926535898 -0.0044769925164393
0.62750157876373 2.989851858476 -0.015683914434371 -3.1161701842733 0.0079835933077422 -3.1295759311931 0.010533191519117 -3.1333897393377 0.0044769925164393 3.1415926535898
