0.0090959250252359 -0.0010408454498943 -1.5755407277613e-05 0.00028375038306341 -0.0007640814707686 0.00079342467767496 -0.00072549301108625 0.00065110209477902 -0.00058366082676412 0.00053752246753374
-0.0010408454498943 0.0061728750831231 -0.0009952414155557 0.00062067460612239 -0.00026590965045315 0.0001919510375605 -0.00014334175387718 0.00010108411688476 -0.00014790204907418 0.00017171185275273
-1.5755407277613e-05 -0.0009952414155557 0.0040726949044335 -0.0017656752039694 0.0010463990954302 -0.00088527467763377 0.00072588941833924 -0.00064936108457693 0.00055514554943891 -0.00049968069001082
0.00028375038306341 0.00062067460612239 -0.0017656752039694 0.0027611351274989 -0.0017366019149307 0.0013712135179536 -0.0011237942900902 0.000959158693602 -0.00084190252942443 0.00072822464299771
-0.0007640814707686 -0.00026590965045315 0.0010463990954302 -0.0017366019149307 0.0019765828696343 -0.0015925869414323 0.0013233400089307 -0.001137069426036 0.0009932455465448 -0.00088336666418636
0.00079342467767496 0.0001919510375605 -0.00088527467763377 0.0013712135179536 -0.0015925869414323 0.0016383276907022 -0.0014542388036401 0.001293333428259 -0.0011617032259316 0.0010540435622691
-0.00072549301108625 -0.00014334175387718 0.00072588941833924 -0.0011237942900902 0.0013233400089307 -0.0014542388036401 0.0014099342513008 -0.0012981881498977 0.0011957469063779 -0.0011048927089419
0.00065110209477902 0.00010108411688476 -0.00064936108457693 0.000959158693602 -0.001137069426036 0.001293333428259 -0.0012981881498977 0.0012530834541479 -0.001184254511765 0.0011139217534851
-0.00058366082676412 -0.00014790204907418 0.00055514554943891 -0.00084190252942443 0.0009932455465448 -0.0011617032259316 0.0011957469063779 -0.001184254511765 0.0011501962692053 -0.0011018658417548
0.00053752246753374 0.00017171185275273 -0.00049968069001082 0.00072822464299771 -0.00088336666418636 0.0010540435622691 -0.0011048927089419 0.0011139217534851 -0.0011018658417548 0.0010735633838941
