0.00045471900945099 0.00039657834750283 0.00035018609106087 0.00029062976868247 0.00024882089441634 0.00021759671041627 0.00019978985392089 0.00018819321216947 0.00017957646498238 0.00017293516336724
0.00039657834750283 0.00033345401455284 0.00028396165561775 0.00024405384816152 0.00020774580619649 0.00018028385857674 0.00016620370328504 0.00015854772108742 0.00015237634364726 0.00014782131669034
0.00035018609106087 0.00028396165561775 0.00024659024272846 0.00020547560782702 0.00017753536876381 0.00015594481528733 0.00014279568556215 0.00013611344650498 0.00013033293524509 0.00012591776512227
0.00029062976868247 0.00024405384816152 0.00020547560782702 0.00017116840414795 0.00015039875136426 0.00013144058048467 0.00012033979803682 0.00011330341167734 0.00010783895363279 0.00010364187410698
0.00024882089441634 0.00020774580619649 0.00017753536876381 0.00015039875136426 0.00013016284555698 0.00011405027397161 0.00010456863392498 9.9162446865532e-05 9.5051719816646e-05 9.1906281669024e-05
0.00021759671041627 0.00018028385857674 0.00015594481528733 0.00013144058048467 0.00011405027397161 9.9906969800398e-05 9.2130242448264e-05 8.8276760355277e-05 8.5421363087039e-05 8.3211184627388e-05
0.00019978985392089 0.00016620370328504 0.00014279568556215 0.00012033979803682 0.00010456863392498 9.2130242448264e-05 8.4719536428558e-05 8.1442646423495e-05 7.9156791868564e-05 7.7433962480676e-05
0.00018819321216947 0.00015854772108742 0.00013611344650498 0.00011330341167734 9.9162446865532e-05 8.8276760355277e-05 8.1442646423495e-05 7.8523560024466e-05 7.652785604977e-05 7.5038846037956e-05
0.00017957646498238 0.00015237634364726 0.00013033293524509 0.00010783895363279 9.5051719816646e-05 8.5421363087039e-05 7.9156791868564e-05 7.652785604977e-05 7.4697913824654e-05 7.3334270824546e-05
0.00017293516336724 0.00014782131669034 0.00012591776512227 0.00010364187410698 9.1906281669024e-05 8.3211184627388e-05 7.7433962480676e-05 7.5038846037956e-05 7.3334270824546e-05 7.2037355086245e-05
