0.027777391819099 0.0066935297822346 0.004727657426344 0.0033278197197373 0.0025439407296745 0.002106339687996 0.001791223384692 0.0015562658404815 0.0013627662794407 0.0011996252278449 0.0010635576772494 0.00092756583942586 0.00085127329845364 0.00076770915630034 0.00065670426538598 0.00062476764682035 0.00056874841365714 0.0005120370144086 0.00046389924524028 0.00042283823902105
0.0066935297822346 0.013829180722272 0.0067240622245621 0.0046099950655665 0.0034797769131658 0.0027121812283685 0.0021570561785101 0.0017554566450051 0.0014614005162165 0.0012404785758112 0.0010729320994133 0.00090223682845505 0.00083714683659966 0.00075001868098004 0.0007341961983655 0.00061402588183776 0.000558013513787 0.00051195614058403 0.00046689628356574 0.00043208820371506
0.004727657426344 0.0067240622245621 0.0090067260853042 0.0062422176233811 0.0048228990590955 0.0039036339362529 0.0032297589919487 0.0027297421686162 0.0023347750102189 0.0020220049802365 0.0017709018293202 0.0015645529677971 0.0013949288761091 0.0012517502841984 0.0011630258313809 0.0010261359008789 0.00093646336417098 0.00085523436201744 0.00077797142208714 0.00072085709632143
0.0033278197197373 0.0046099950655665 0.0062422176233811 0.006719882661732 0.0056082791477133 0.0046949087256958 0.0039854082913594 0.0034138226591142 0.00295632993534 0.0025860177449602 0.0022835554497133 0.0020351193674394 0.0018249061096516 0.0016474342469695 0.0015002411252854 0.001365420454656 0.0012516147399885 0.0011510419819407 0.0010616892214346 0.00098263431871916
0.0025439407296745 0.0034797769131658 0.0048228990590955 0.0056082791477133 0.0055340628134321 0.0049560845705212 0.0043829035305176 0.0038672097734094 0.0034284512800747 0.0030588446792906 0.0027476360073416 0.002483846169771 0.0022595270766369 0.0020636901022748 0.0018995710938737 0.001745341951633 0.0016142562434784 0.0014970167149381 0.001392458242813 0.0012980548712086
0.002106339687996 0.0027121812283685 0.0039036339362529 0.0046949087256958 0.0049560845705212 0.0048058288230867 0.0044600064215971 0.0040767571149634 0.0037160645524008 0.0033890081181788 0.0030990628223762 0.0028414489078691 0.0026181932146195 0.0024172051292642 0.0022418160114247 0.0020805650777489 0.0019390057539607 0.0018102895996015 0.0016950315453454 0.0015894160936388
0.001791223384692 0.0021570561785101 0.0032297589919487 0.0039854082913594 0.0043829035305176 0.0044600064215971 0.0043430548018821 0.0041099536845251 0.0038477594084661 0.0035833688056347 0.0033323095910494 0.0030956711147399 0.002888336062972 0.0026943380339713 0.0025170065192911 0.0023587491218317 0.0022142434483688 0.0020807076906037 0.0019603674523965 0.0018482165542492
0.0015562658404815 0.0017554566450051 0.0027297421686162 0.0034138226591142 0.0038672097734094 0.0040767571149634 0.0041099536845251 0.0040146924221186 0.003853723193484 0.0036606394439709 0.0034590746596914 0.0032556378388884 0.0030723032093909 0.0028942808497094 0.0027249071612853 0.0025750465791235 0.0024339938048347 0.0023014061648139 0.002181029386542 0.0020669686507227
0.0013627662794407 0.0014614005162165 0.0023347750102189 0.00295632993534 0.0034284512800747 0.0037160645524008 0.0038477594084661 0.003853723193484 0.0037826024269483 0.0036593291216702 0.0035102499809071 0.00334521505395 0.0031911206285708 0.0030346239295941 0.0028801032995611 0.0027422733647312 0.0026092205122422 0.0024820565868103 0.0023651888394821 0.002253158678285
0.0011996252278449 0.0012404785758112 0.0020220049802365 0.0025860177449602 0.0030588446792906 0.0033890081181788 0.0035833688056347 0.0036606394439709 0.0036593291216702 0.0035971709124379 0.0034977092892245 0.0033718796638003 0.0032484757472968 0.0031161822008169 0.0029798308864811 0.0028570592346166 0.0027351730562662 0.0026166078420596 0.0025059417140116 0.002399021349253
0.0010635576772494 0.0010729320994133 0.0017709018293202 0.0022835554497133 0.0027476360073416 0.0030990628223762 0.0033323095910494 0.0034590746596914 0.0035102499809071 0.0034977092892245 0.0034421249238372 0.0033526871347277 0.0032588895516893 0.0031512188323094 0.0030343975476083 0.0029281579918576 0.0028192942841811 0.0027112988001416 0.0026086631345297 0.0025089580099163
0.00092756583942586 0.00090223682845505 0.0015645529677971 0.0020351193674394 0.002483846169771 0.0028414489078691 0.0030956711147399 0.0032556378388884 0.00334521505395 0.0033718796638003 0.0033526871347277 0.0033307380388463 0.0032309345815293 0.003147641897177 0.0030513041452089 0.0029625858357987 0.0028682759996283 0.0027725455168481 0.0026796289159679 0.0025889278841214
0.00085127329845364 0.00083714683659966 0.0013949288761091 0.0018249061096516 0.0022595270766369 0.0026181932146195 0.002888336062972 0.0030723032093909 0.0031911206285708 0.0032484757472968 0.0032588895516893 0.0032309345815293 0.0031889165332428 0.0031266975305677 0.0030486546298526 0.0029756141905419 0.0028945987994163 0.0028102927607708 0.0027265158867219 0.0026445002860093
0.00076770915630034 0.00075001868098004 0.0012517502841984 0.0016474342469695 0.0020636901022748 0.0024172051292642 0.0026943380339713 0.0028942808497094 0.0030346239295941 0.0031161822008169 0.0031512188323094 0.003147641897177 0.0031266975305677 0.0030847315230822 0.0030245453180388 0.002967162453768 0.0028998025369233 0.002827526056317 0.002753643582291 0.0026810947060547
0.00065670426538598 0.0007341961983655 0.0011630258313809 0.0015002411252854 0.0018995710938737 0.0022418160114247 0.0025170065192911 0.0027249071612853 0.0028801032995611 0.0029798308864811 0.0030343975476083 0.0030513041452089 0.0030486546298526 0.0030245453180388 0.0031063644945719 0.002938147167667 0.002884016742737 0.0028236976612064 0.0027598833330459 0.0026970763370125
0.00062476764682035 0.00061402588183776 0.0010261359008789 0.001365420454656 0.001745341951633 0.0020805650777489 0.0023587491218317 0.0025750465791235 0.0027422733647312 0.0028570592346166 0.0029281579918576 0.0029625858357987 0.0029756141905419 0.002967162453768 0.002938147167667 0.0029086147693934 0.002866351101423 0.0028168087563804 0.0027621399279784 0.002708191849364
0.00056874841365714 0.000558013513787 0.00093646336417098 0.0012516147399885 0.0016142562434784 0.0019390057539607 0.0022142434483688 0.0024339938048347 0.0026092205122422 0.0027351730562662 0.0028192942841811 0.0028682759996283 0.0028945987994163 0.0028998025369233 0.002884016742737 0.002866351101423 0.0028357587903309 0.0027958933925699 0.0027501147590093 0.0027048633690586
0.0005120370144086 0.00051195614058403 0.00085523436201744 0.0011510419819407 0.0014970167149381 0.0018102895996015 0.0020807076906037 0.0023014061648139 0.0024820565868103 0.0026166078420596 0.0027112988001416 0.0027725455168481 0.0028102927607708 0.002827526056317 0.0028236976612064 0.0028168087563804 0.0027958933925699 0.0027663128997232 0.002729060018165 0.002692177936938
0.00046389924524028 0.00046689628356574 0.00077797142208714 0.0010616892214346 0.001392458242813 0.0016950315453454 0.0019603674523965 0.002181029386542 0.0023651888394821 0.0025059417140116 0.0026086631345297 0.0026796289159679 0.0027265158867219 0.002753643582291 0.0027598833330459 0.0027621399279784 0.0027501147590093 0.002729060018165 0.0027020658923964 0.0026701007619789
0.00042283823902105 0.00043208820371506 0.00072085709632143 0.00098263431871916 0.0012980548712086 0.0015894160936388 0.0018482165542492 0.0020669686507227 0.002253158678285 0.002399021349253 0.0025089580099163 0.0025889278841214 0.0026445002860093 0.0026810947060547 0.0026970763370125 0.002708191849364 0.0027048633690586 0.002692177936938 0.0026701007619789 0.0026482080532538
