-0.0095997077539003 0.00047000838893295 -0.00014010299365023 2.668172019588e-05 2.6487213937744e-05 5.4395416978594e-05 -5.8706987715451e-05 8.0019100285697e-05 -9.2944228820824e-05 0.00010178379617691
0.00047000838893295 -0.0073234647372999 0.0015090949423316 -0.0010604585158355 0.00078701165860324 -0.0005968966075123 0.00047546042039984 -0.00037727022929335 0.00030956965755442 -0.00026743251582518
-0.00014010299365023 0.0015090949423316 -0.0052566802968256 0.0022526405938992 -0.0016261388303716 0.0012728693474159 -0.0010584402893289 0.00089384927167123 -0.00076499136977358 0.00067383913318273
2.668172019588e-05 -0.0010604585158355 0.0022526405938992 -0.0034343012123468 0.0023044191910538 -0.0017753509944261 0.0014379857065263 -0.0012055496236882 0.0010359897214853 -0.00090847505537913
2.6487213937744e-05 0.00078701165860324 -0.0016261388303716 0.0023044191910538 -0.002567754852849 0.0021021930968303 -0.0017623025329497 0.0015046814512155 -0.0013124517186624 0.0011643887431593
5.4395416978594e-05 -0.0005968966075123 0.0012728693474159 -0.0017753509944261 0.0021021930968303 -0.0021123707596323 0.001882336343356 -0.0016716029403889 0.001499517271873 -0.0013587596254518
-5.8706987715451e-05 0.00047546042039984 -0.0010584402893289 0.0014379857065263 -0.0017623025329497 0.001882336343356 -0.0018170445806363 0.0016764233029841 -0.0015425343786832 0.0014240304167988
8.0019100285697e-05 -0.00037727022929335 0.00089384927167123 -0.0012055496236882 0.0015046814512155 -0.0016716029403889 0.0016764233029841 -0.0016147370960392 0.0015254896979516 -0.0014352346275295
-9.2944228820824e-05 0.00030956965755442 -0.00076499136977358 0.0010359897214853 -0.0013124517186624 0.001499517271873 -0.0015425343786832 0.0015254896979516 -0.0014779076476998 0.001415914431312
0.00010178379617691 -0.00026743251582518 0.00067383913318273 -0.00090847505537913 0.0011643887431593 -0.0013587596254518 0.0014240304167988 -0.0014352346275295 0.001415914431312 -0.0013788790325147
