3.1415926535898 0.0026696121236021 -3.1361410873906 0.0085851030855111 -3.1295144547922 0.015928575189319 -3.121446282936 0.024831967090229 -3.1119537024387 0.034905190046298
-0.0026696121236021 3.1415926535898 0.0027818002411734 -3.1356786671509 0.0094056259020152 -3.1283391701328 0.017467800764264 -3.1194437199776 0.026949649760099 -3.1093834636085
3.1361410873906 -0.0027818002411734 3.1415926535898 0.0031311684332595 -3.1349711849079 0.010467259142341 -3.1269141318133 0.019355709263015 -3.1174412197563 0.029404788202733
-0.0085851030855111 3.1356786671509 -0.0031311684332595 3.1415926535898 0.0034897606382696 -3.1342583088343 0.011543276043055 -3.1253754636178 0.021008772043714 -3.1153360834817
3.1295144547922 -0.0094056259020152 3.1349711849079 -0.0034897606382696 3.1415926535898 0.0038439542300631 -3.1335414494372 0.012722472033904 -3.1240820930244 0.022753566017824
-0.015928575189319 3.1283391701328 -0.010467259142341 3.1342583088343 -0.0038439542300631 3.1415926535898 0.0042061881788017 -3.1327172580159 0.01366079360851 -3.1226931053951
3.121446282936 -0.017467800764264 3.1269141318133 -0.011543276043055 3.1335414494372 -0.0042061881788017 3.1415926535898 0.004668270692126 -3.1321404779153 0.014687568011476
-0.024831967090229 3.1194437199776 -0.019355709263015 3.1253754636178 -0.012722472033904 3.1327172580159 -0.004668270692126 3.1415926535898 0.0047834224907843 -3.1315762188699
3.1119537024387 -0.026949649760099 3.1174412197563 -0.021008772043714 3.1240820930244 -0.01366079360851 3.1321404779153 -0.0047834224907843 3.1415926535898 0.0052307725751614
-0.034905190046298 3.1093834636085 -0.029404788202733 3.1153360834817 -0.022753566017824 3.1226931053951 -0.014687568011476 3.1315762188699 -0.0052307725751614 3.1415926535898
