0.026068069927194 0.0053831662371637 0.0031126338898377 0.0021815317098117 0.001645323282415 0.0012904013470466 0.0010534607743574 0.00088186634974379 0.0007581880748739 0.00066633624901043 0.0006023139045281 0.00055560434769131 0.0005198883511531 0.00049445268217036 0.00047431021552039 0.0004578311892933 0.00044143159502292 0.0004410250304045 0.00041767519078968 0.00040927414708392
0.0053831662371637 0.010412230279278 0.0051620843690244 0.0034943097492919 0.0025991893074012 0.0020062245820332 0.0016203878509231 0.001342221411798 0.0011372379906858 0.00098608250340571 0.00087303840216241 0.00077224703790846 0.00071802150567914 0.00066279880085779 0.00061674952880246 0.00057737527436522 0.00054078974293609 0.0005155275270289 0.00048511400553015 0.0004602243682736
0.0031126338898377 0.0051620843690244 0.0065913729093086 0.0047801707856747 0.0037387442163385 0.0029995601086486 0.0024934675612145 0.0021371074834067 0.0018643322892756 0.0016516454634504 0.001483579111759 0.0013456270882232 0.0012340367000769 0.0011388361248856 0.0010570582406084 0.00098589225400502 0.00092219536355831 0.00086865423678479 0.00081603144601592 0.00076864538749698
0.0021815317098117 0.0034943097492919 0.0047801707856747 0.0050168493320937 0.004360440168603 0.0037265120614015 0.003240770527031 0.0028536934354804 0.0025427913343953 0.0022900406251417 0.0020807102363239 0.0018977467295584 0.0017533750592935 0.0016227348738569 0.001508421720344 0.0014074196568457 0.0013167260074251 0.0012359703053145 0.0011628713437911 0.0010940345600576
0.001645323282415 0.0025991893074012 0.0037387442163385 0.004360440168603 0.004362075461088 0.0039803892799384 0.0036066091863089 0.0032637105412079 0.0029642280113569 0.0027072288190601 0.0024855915001973 0.0022880243171819 0.0021244005739439 0.0019757173867711 0.0018437113660259 0.0017256908901903 0.0016192455583644 0.0015245805356795 0.001435812096322 0.0013533673200932
0.0012904013470466 0.0020062245820332 0.0029995601086486 0.0037265120614015 0.0039803892799384 0.0039057756151375 0.0037009547066189 0.0034552530133184 0.0032127308565148 0.0029874037726604 0.0027820673735493 0.0025936792737815 0.0024289025945274 0.0022772984471997 0.0021399827672984 0.0020151373448139 0.0019012375488201 0.0017988735517326 0.0017014849751287 0.001611294835425
0.0010534607743574 0.0016203878509231 0.0024934675612145 0.003240770527031 0.0036066091863089 0.0037009547066189 0.0036551414697201 0.0035136332366865 0.0033397498377958 0.0031590943820655 0.0029824130425692 0.0028130946412726 0.0026585354577676 0.0025129823067357 0.0023782537820991 0.0022535457560185 0.0021381426290757 0.0020334006208242 0.0019324114435378 0.0018384853268813
0.00088186634974379 0.001342221411798 0.0021371074834067 0.0028536934354804 0.0032637105412079 0.0034552530133184 0.0035136332366865 0.0034652457413164 0.0033603697359869 0.0032292783944005 0.0030879953737924 0.0029443552671374 0.0028072792099224 0.0026743400541499 0.0025483013335132 0.0024293424436908 0.0023175807741674 0.0022153880929552 0.002114567773077 0.0020206233019627
0.0007581880748739 0.0011372379906858 0.0018643322892756 0.0025427913343953 0.0029642280113569 0.0032127308565148 0.0033397498377958 0.0033603697359869 0.0033161926276971 0.0032331033100974 0.0031289192026346 0.0030143261704585 0.0028983798177674 0.0027820813535367 0.0026687187101972 0.0025593252528465 0.0024547765323591 0.0023584691515944 0.0022607694841828 0.0021697243742676
0.00066633624901043 0.00098608250340571 0.0016516454634504 0.0022900406251417 0.0027072288190601 0.0029874037726604 0.0031590943820655 0.0032292783944005 0.0032331033100974 0.0031921910685367 0.0031229936536381 0.0030372557743465 0.0029437508356661 0.0028458173460829 0.0027471459031827 0.0026494527006866 0.0025542317728162 0.002465701103251 0.0023733344032169 0.0022872146264008
0.0006023139045281 0.00087303840216241 0.001483579111759 0.0020807102363239 0.0024855915001973 0.0027820673735493 0.0029824130425692 0.0030879953737924 0.0031289192026346 0.0031229936536381 0.0030849570900828 0.0030261752274268 0.002954782936184 0.002875507442874 0.0027922811187403 0.0027073141602566 0.002622582246811 0.0025429326147834 0.0024572666191502 0.0023773425033392
0.00055560434769131 0.00077224703790846 0.0013456270882232 0.0018977467295584 0.0022880243171819 0.0025936792737815 0.0028130946412726 0.0029443552671374 0.0030143261704585 0.0030372557743465 0.0030261752274268 0.0030054829489902 0.0029411484425199 0.0028799540135493 0.0028121357251793 0.0027402205506992 0.0026665308330481 0.0025964039114572 0.0025182780146105 0.0024453568063987
0.0005198883511531 0.00071802150567914 0.0012340367000769 0.0017533750592935 0.0021244005739439 0.0024289025945274 0.0026585354577676 0.0028072792099224 0.0028983798177674 0.0029437508356661 0.002954782936184 0.0029411484425199 0.0029094243117598 0.0028649737171758 0.0028117965583392 0.0027525651251324 0.0026898155459009 0.002629230236282 0.0025589666886609 0.0024933339401794
0.00049445268217036 0.00066279880085779 0.0011388361248856 0.0016227348738569 0.0019757173867711 0.0022772984471997 0.0025129823067357 0.0026743400541499 0.0027820813535367 0.0028458173460829 0.002875507442874 0.0028799540135493 0.0028649737171758 0.0028358373692617 0.0027963735786247 0.0027492879666019 0.0026972243004473 0.0026460819033314 0.0025838687862327 0.0025256945980808
0.00047431021552039 0.00061674952880246 0.0010570582406084 0.001508421720344 0.0018437113660259 0.0021399827672984 0.0023782537820991 0.0025483013335132 0.0026687187101972 0.0027471459031827 0.0027922811187403 0.0028121357251793 0.0028117965583392 0.0027963735786247 0.0027694649374793 0.0027337236157283 0.0026918194693569 0.002649768075342 0.0025955124577824 0.002544732338633
0.0004578311892933 0.00057737527436522 0.00098589225400502 0.0014074196568457 0.0017256908901903 0.0020151373448139 0.0022535457560185 0.0024293424436908 0.0025593252528465 0.0026494527006866 0.0027073141602566 0.0027402205506992 0.0027525651251324 0.0027492879666019 0.0027337236157283 0.0027084273409309 0.002676035978812 0.0026426086725442 0.0025960621956007 0.0025524757820179
0.00044143159502292 0.00054078974293609 0.00092219536355831 0.0013167260074251 0.0016192455583644 0.0019012375488201 0.0021381426290757 0.0023175807741674 0.0024547765323591 0.0025542317728162 0.002622582246811 0.0026665308330481 0.0026898155459009 0.0026972243004473 0.0026918194693569 0.002676035978812 0.002652574850637 0.0026270951703326 0.0025879029893815 0.0025512091245234
0.0004410250304045 0.0005155275270289 0.00086865423678479 0.0012359703053145 0.0015245805356795 0.0017988735517326 0.0020334006208242 0.0022153880929552 0.0023584691515944 0.002465701103251 0.0025429326147834 0.0025964039114572 0.002629230236282 0.0026460819033314 0.002649768075342 0.0026426086725442 0.0026270951703326 0.0026165601591654 0.0025769703807854 0.0025467894561225
0.00041767519078968 0.00048511400553015 0.00081603144601592 0.0011628713437911 0.001435812096322 0.0017014849751287 0.0019324114435378 0.002114567773077 0.0022607694841828 0.0023733344032169 0.0024572666191502 0.0025182780146105 0.0025589666886609 0.0025838687862327 0.0025955124577824 0.0025960621956007 0.0025879029893815 0.0025769703807854 0.0025512135371764 0.0025271958018227
0.00040927414708392 0.0004602243682736 0.00076864538749698 0.0010940345600576 0.0013533673200932 0.001611294835425 0.0018384853268813 0.0020206233019627 0.0021697243742676 0.0022872146264008 0.0023773425033392 0.0024453568063987 0.0024933339401794 0.0025256945980808 0.002544732338633 0.0025524757820179 0.0025512091245234 0.0025467894561225 0.0025271958018227 0.0025197384259281
