0.0090137775434509 0.00078704708587068 0.00055162178774001 0.00031990077595042 0.00033285930021559 0.00027489627202594 0.00023100777435266 0.00017135572037402 0.00014662984914295 0.00014113189456303 0.00013455079476508 0.00012826711873646 0.00012497813086894 0.00012047792308284 0.00011463314204677 0.00011078053937003 0.00010613741375896 0.00010144334348007 9.7255919661533e-05 9.8125620174326e-05
0.00078704708587068 0.0053645199331018 0.0012540823044292 0.00076541742040157 0.00047192944591627 0.00038295665354821 0.00033297654887903 0.00028665631488027 0.00024373785279709 0.00022320013283134 0.00019927827370522 0.00018001573613342 0.00016638726411853 0.00015279477204686 0.00014482891362967 0.00013331682954676 0.00012573972769174 0.00011859624356167 0.00011316940937608 0.00010550104979234
0.00055162178774001 0.0012540823044292 0.003977590786887 0.0015408792311556 0.0010205352805045 0.00073777810425721 0.00063352581956689 0.00054723034756027 0.00048126885334232 0.00042879675292211 0.00038484113557157 0.00035495326584881 0.00033225507141596 0.0003114566373025 0.0002942389364373 0.00027738486052155 0.00026232445607912 0.00024865023027437 0.00023423228093168 0.00022418920654015
0.00031990077595042 0.00076541742040157 0.0015408792311556 0.0027144472300703 0.0015110762504468 0.0010835585144066 0.00087674205176652 0.00073608883332734 0.00063303301080707 0.00055175453565496 0.00049322860862222 0.00044617841714127 0.00040693670468506 0.00037299955748578 0.00034546026411401 0.00031822824388487 0.00029538024824309 0.00027537791631718 0.00025690923313349 0.0002404672963069
0.00033285930021559 0.00047192944591627 0.0010205352805045 0.0015110762504468 0.001899878704078 0.0013246405220247 0.0010462276809188 0.00087438661084945 0.0007463179580346 0.00065411804458691 0.0005858588759413 0.00053127311329347 0.00048580666230436 0.00044643659987524 0.00041364388725921 0.0003853072506728 0.00036051195063339 0.00033881394997868 0.00032048889976805 0.0003006088135166
0.00027489627202594 0.00038295665354821 0.00073777810425721 0.0010835585144066 0.0013246405220247 0.0014101776316829 0.0011398172013143 0.00097368349143785 0.00084008046096918 0.0007452422759921 0.0006730928222906 0.00061456244109724 0.00056600356588482 0.00052342649884629 0.00048775594367261 0.0004550723124234 0.00042722118769699 0.00040275180026809 0.00038236644465983 0.00036078889741024
0.00023100777435266 0.00033297654887903 0.00063352581956689 0.00087674205176652 0.0010462276809188 0.0011398172013143 0.001133125208113 0.0010019648793885 0.00088547402197421 0.00079861997588704 0.0007289760904642 0.00067104746173005 0.00062157532984863 0.00057843012417656 0.00054111145495511 0.00050813826574524 0.00047917716852069 0.00045357261487508 0.00043164027397897 0.00040891222216711
0.00017135572037402 0.00028665631488027 0.00054723034756027 0.00073608883332734 0.00087438661084945 0.00097368349143785 0.0010019648793885 0.00098075653529669 0.00089517857360385 0.00082401870106336 0.00076317794609333 0.00070999917353331 0.00066385555783179 0.00062253784307325 0.00058633439354931 0.00055360747677782 0.00052461270659372 0.0004986554660052 0.0004760642516288 0.00045278416309296
0.00014662984914295 0.00024373785279709 0.00048126885334232 0.00063303301080707 0.0007463179580346 0.00084008046096918 0.00088547402197421 0.00089517857360385 0.00086593852532874 0.00081585201274779 0.00076742214943028 0.00072263082915453 0.00068234722946731 0.00064519419551229 0.00061184505065778 0.00058117698330631 0.00055356885358386 0.00052850747397284 0.00050631902284499 0.00048364418106886
0.00014113189456303 0.00022320013283134 0.00042879675292211 0.00055175453565496 0.00065411804458691 0.0007452422759921 0.00079861997588704 0.00082401870106336 0.00081585201274779 0.00079328072119763 0.00075833009466611 0.00072262093399611 0.00068862464931681 0.00065614938884355 0.00062604854200894 0.00059825757812787 0.00057261365364275 0.00054901264821875 0.00052779875403473 0.00050623593165747
0.00013455079476508 0.00019927827370522 0.00038484113557157 0.00049322860862222 0.0005858588759413 0.0006730928222906 0.0007289760904642 0.00076317794609333 0.00076742214943028 0.00075833009466611 0.00073949615299597 0.00071233998811168 0.0006848746715489 0.00065739001365258 0.00063091580576602 0.00060637565358056 0.0005830910026829 0.00056133731648063 0.00054147061261026 0.00052110180233388
0.00012826711873646 0.00018001573613342 0.00035495326584881 0.00044617841714127 0.00053127311329347 0.00061456244109724 0.00067104746173005 0.00070999917353331 0.00072263082915453 0.00072262093399611 0.00071233998811168 0.00069574746736448 0.00067477873496333 0.00065229211585474 0.00062957734739436 0.00060824713141778 0.00058742456350852 0.00056764911390733 0.00054947835962833 0.00053030023792283
0.00012497813086894 0.00016638726411853 0.00033225507141596 0.00040693670468506 0.00048580666230436 0.00056600356588482 0.00062157532984863 0.00066385555783179 0.00068234722946731 0.00068862464931681 0.0006848746715489 0.00067477873496333 0.00066010561498082 0.00064244750119818 0.00062352554934767 0.00060539152001427 0.00058711660952006 0.00056943669267346 0.00055299187204207 0.00053531768382258
0.00012047792308284 0.00015279477204686 0.0003114566373025 0.00037299955748578 0.00044643659987524 0.00052342649884629 0.00057843012417656 0.00062253784307325 0.00064519419551229 0.00065614938884355 0.00065739001365258 0.00065229211585474 0.00064244750119818 0.0006293705286338 0.00061411066124685 0.00059913190673219 0.00058342287830032 0.00056788353586848 0.0005532612208853 0.00053717249464979
0.00011463314204677 0.00014482891362967 0.0002942389364373 0.00034546026411401 0.00041364388725921 0.00048775594367261 0.00054111145495511 0.00058633439354931 0.00061184505065778 0.00062604854200894 0.00063091580576602 0.00062957734739436 0.00062352554934767 0.00061411066124685 0.00060426048124583 0.00059011174779477 0.00057683685645121 0.00056336579443868 0.00055051282510242 0.0005360466580475
0.00011078053937003 0.00013331682954676 0.00027738486052155 0.00031822824388487 0.0003853072506728 0.0004550723124234 0.00050813826574524 0.00055360747677782 0.00058117698330631 0.00059825757812787 0.00060637565358056 0.00060824713141778 0.00060539152001427 0.00059913190673219 0.00059011174779477 0.00058077725828829 0.00056982665177428 0.000558358819197 0.00054723170044509 0.00053437828047151
0.00010613741375896 0.00012573972769174 0.00026232445607912 0.00029538024824309 0.00036051195063339 0.00042722118769699 0.00047917716852069 0.00052461270659372 0.00055356885358386 0.00057261365364275 0.0005830910026829 0.00058742456350852 0.00058711660952006 0.00058342287830032 0.00057683685645121 0.00056982665177428 0.00056096103210626 0.00055132728757752 0.00054181952726893 0.0005304997384497
0.00010144334348007 0.00011859624356167 0.00024865023027437 0.00027537791631718 0.00033881394997868 0.00040275180026809 0.00045357261487508 0.0004986554660052 0.00052850747397284 0.00054901264821875 0.00056133731648063 0.00056764911390733 0.00056943669267346 0.00056788353586848 0.00056336579443868 0.000558358819197 0.00055132728757752 0.00054335923205706 0.00053534585264493 0.00052545030240138
9.7255919661533e-05 0.00011316940937608 0.00023423228093168 0.00025690923313349 0.00032048889976805 0.00038236644465983 0.00043164027397897 0.0004760642516288 0.00050631902284499 0.00052779875403473 0.00054147061261026 0.00054947835962833 0.00055299187204207 0.0005532612208853 0.00055051282510242 0.00054723170044509 0.00054181952726893 0.00053534585264493 0.00053032760240778 0.00052012997587413
9.8125620174326e-05 0.00010550104979234 0.00022418920654015 0.0002404672963069 0.0003006088135166 0.00036078889741024 0.00040891222216711 0.00045278416309296 0.00048364418106886 0.00050623593165747 0.00052110180233388 0.00053030023792283 0.00053531768382258 0.00053717249464979 0.0005360466580475 0.00053437828047151 0.0005304997384497 0.00052545030240138 0.00052012997587413 0.00051655887133046
