3.1415926535898 -0.094648714559345 -2.7296548466897 0.46486538391641 -1.0656321566081 2.3823577468718 -0.43036227282461 2.9067150629357 -0.1118605822991 -3.1412379179696
0.094648714559345 3.1415926535898 -0.032629070952546 3.1375595619436 -0.049115794697151 3.0720801572281 -0.11678227129096 2.9641392787944 -0.25715279732478 2.8012995878484
2.7296548466897 0.032629070952546 3.1415926535898 0.033856887379346 -3.0912224831709 0.085039040481159 -3.0235106006171 0.14435566605711 -2.9756219908232 0.18218951525727
-0.46486538391641 -3.1375595619436 -0.033856887379346 3.1415926535898 -0.0018875740160786 -3.1182260168671 0.040530659358658 -3.0874141420178 0.065244624827418 -3.0691605228558
1.0656321566081 0.049115794697151 3.0912224831709 0.0018875740160786 3.1415926535898 0.022557137653278 -3.1073643291077 0.043501782698053 -3.0907081311035 0.055771834339133
-2.3823577468718 -3.0720801572281 -0.085039040481159 3.1182260168671 -0.022557137653278 3.1415926535898 0.0099896930076431 -3.1227502173305 0.025193643062836 -3.1123695203283
0.43036227282461 0.11678227129096 3.0235106006171 -0.040530659358658 3.1073643291077 -0.0099896930076431 3.1415926535898 0.0089548122156068 -3.1267123701975 0.018616921776526
-2.9067150629357 -2.9641392787944 -0.14435566605711 3.0874141420178 -0.043501782698053 3.1227502173305 -0.0089548122156068 3.1415926535898 0.0054835121626403 -3.1326903087322
0.1118605822991 0.25715279732478 2.9756219908232 -0.065244624827418 3.0907081311035 -0.025193643062836 3.1267123701975 -0.0054835121626403 3.1415926535898 0.0034354773400911
3.1412379179696 -2.8012995878484 -0.18218951525727 3.0691605228558 -0.055771834339133 3.1123695203283 -0.018616921776526 3.1326903087322 -0.0034354773400911 3.1415926535898
