0.0006216405854188 0.00043449562228699 0.00035522868753241 0.0003107059521821 0.00028425086859118 0.0002678937297405 0.00025416312080291 0.00024314422422153 0.00023412528810333 0.00022669971635969
0.00043449562228699 0.00029623435841446 0.00024022564817667 0.00020878101508144 0.00018739829112054 0.00017538629606782 0.00016620254959937 0.00015917041686559 0.00015323400327719 0.00014831609597367
0.00035522868753241 0.00024022564817667 0.00019688102200801 0.00016817859735676 0.0001516851514299 0.00014230554598829 0.00013492560703563 0.00012910844630081 0.0001242750704529 0.0001203292201404
0.0003107059521821 0.00020878101508144 0.00016817859735676 0.00014362625402754 0.00013078451051594 0.00012312409032581 0.00011748298479164 0.0001131559520688 0.00010964620953373 0.00010680996600881
0.00028425086859118 0.00018739829112054 0.0001516851514299 0.00013078451051594 0.00012058596826067 0.00011406514856125 0.00010913209924644 0.00010534464324829 0.00010236655538951 0.00010003718905889
0.0002678937297405 0.00017538629606782 0.00014230554598829 0.00012312409032581 0.00011406514856125 0.00010834788769215 0.00010391782406874 0.00010053945386308 9.7963175682364e-05 9.5995004309916e-05
0.00025416312080291 0.00016620254959937 0.00013492560703563 0.00011748298479164 0.00010913209924644 0.00010391782406874 9.9795339388582e-05 9.6703358294695e-05 9.44093882018e-05 9.2691141647805e-05
0.00024314422422153 0.00015917041686559 0.00012910844630081 0.0001131559520688 0.00010534464324829 0.00010053945386308 9.6703358294695e-05 9.3861075944108e-05 9.1790573568818e-05 9.0255843125118e-05
0.00023412528810333 0.00015323400327719 0.0001242750704529 0.00010964620953373 0.00010236655538951 9.7963175682364e-05 9.44093882018e-05 9.1790573568818e-05 8.989993012421e-05 8.8504186310284e-05
0.00022669971635969 0.00014831609597367 0.0001203292201404 0.00010680996600881 0.00010003718905889 9.5995004309916e-05 9.2691141647805e-05 9.0255843125118e-05 8.8504186310284e-05 8.7211911668815e-05
