3.1415926535898 -0.20145279143889 -3.0521677561435 0.21737868882444 -2.9330787961851 0.28545004898951 -2.913128681993 0.21153176158699 -3.0806982433878 -0.33112447949997
0.20145279143889 3.1415926535898 0.0030322549440489 3.1176141754231 -0.056004813112636 3.0707363280704 -0.081446422721491 3.039262674902 -0.13945287759233 2.9569153208351
3.0521677561435 -0.0030322549440489 3.1415926535898 -0.00084153251685718 -3.1349171819498 0.034207537951327 -3.0939781658303 0.053471606139564 -3.0864848950613 0.055667502082624
-0.21737868882444 -3.1176141754231 0.00084153251685718 3.1415926535898 -0.0066684587239103 -3.1398161866714 0.0035981027962259 -3.1383321615636 0.00080922964264305 3.1402370553232
2.9330787961851 0.056004813112636 3.1349171819498 0.0066684587239103 3.1415926535898 0.0086303662191921 -3.1313693454052 0.010132722614941 -3.1331475015167 0.0070919917012883
-0.28545004898951 -3.0707363280704 -0.034207537951327 3.1398161866714 -0.0086303662191921 3.1415926535898 0.0012186954190932 -3.1401863273504 0.00055283913046108 3.1415156119754
2.913128681993 0.081446422721491 3.0939781658303 -0.0035981027962259 3.1313693454052 -0.0012186954190932 3.1415926535898 0.00026130317391821 3.1412647560959 -0.00078138460885075
-0.21153176158699 -3.039262674902 -0.053471606139564 3.1383321615636 -0.010132722614941 3.1401863273504 -0.00026130317391821 3.1415926535898 -0.00050588494586138 3.140671972024
3.0806982433878 0.13945287759233 3.0864848950613 -0.00080922964264305 3.1331475015167 -0.00055283913046108 -3.1412647560959 0.00050588494586138 3.1415926535898 -0.00043074078529751
0.33112447949997 -2.9569153208351 -0.055667502082624 -3.1402370553232 -0.0070919917012883 -3.1415156119754 0.00078138460885075 -3.140671972024 0.00043074078529751 3.1415926535898
