0.012633502666318 -0.0014908828108951 0.00094003122361806 -0.00060587609795981 0.00051912321664532 -0.00041171422330068 0.00033542969503269 -0.00027451051322093 0.00021489770308053 -0.00016507391624849
-0.0014908828108951 0.0071882883019539 -0.0023277035211256 0.0014032478905583 -0.001043360182768 0.00085858544461424 -0.00070887631912518 0.00060500923993877 -0.00052515826535057 0.00045908645182822
0.00094003122361806 -0.0023277035211256 0.0046814210051261 -0.0024972357957148 0.0018094114745249 -0.0014333138056244 0.0011670816337156 -0.00097387650069443 0.0008269978262038 -0.0007132888505038
-0.00060587609795981 0.0014032478905583 -0.0024972357957148 0.0029222390311693 -0.0021783279529555 0.0017574047843551 -0.0014668796391123 0.0012535572375815 -0.0010862692523144 0.00095283898006977
0.00051912321664532 -0.001043360182768 0.0018094114745249 -0.0021783279529555 0.0022129785113475 -0.0019086584083329 0.001654238849873 -0.0014514153305266 0.0012850542302648 -0.0011475554797322
-0.00041171422330068 0.00085858544461424 -0.0014333138056244 0.0017574047843551 -0.0019086584083329 0.0018636077566386 -0.0017007327299226 0.0015427718425525 -0.0013997880682562 0.0012746200912813
0.00033542969503269 -0.00070887631912518 0.0011670816337156 -0.0014668796391123 0.001654238849873 -0.0017007327299226 0.0016472232583722 -0.0015454813728994 0.0014361688710642 -0.0013322141093075
-0.00027451051322093 0.00060500923993877 -0.00097387650069443 0.0012535572375815 -0.0014514153305266 0.0015427718425525 -0.0015454813728994 0.0014971640182389 -0.001423405223294 0.0013439686724054
0.00021489770308053 -0.00052515826535057 0.0008269978262038 -0.0010862692523144 0.0012850542302648 -0.0013997880682562 0.0014361688710642 -0.001423405223294 0.0013817492742216 -0.0013264601229506
-0.00016507391624849 0.00045908645182822 -0.0007132888505038 0.00095283898006977 -0.0011475554797322 0.0012746200912813 -0.0013322141093075 0.0013439686724054 -0.0013264601229506 0.0012921862587291
