-0.0099910239446868 0.00072643982579656 -0.00021870150243094 1.55839662228e-05 -0.0002193858748855 0.00043096010286103 -0.00051586314690283 0.00051952589536501 -0.00048470572370311 0.00043622028333335
0.00072643982579656 -0.0073010188615905 0.0019232832219972 -0.0013366589807053 0.00065493352144164 -0.00052216005629345 0.00053575493592644 -0.00049663674115502 0.00047164245177566 -0.00044866154500153
-0.00021870150243094 0.0019232832219972 -0.0052149063022857 0.0022612316008103 -0.0016688904941078 0.0011595342556711 -0.00088261901254834 0.00074265289634933 -0.00061589027596817 0.00053514237951401
1.55839662228e-05 -0.0013366589807053 0.0022612316008103 -0.0035302533043858 0.0024465575565149 -0.0017922472473881 0.0013750794749176 -0.0010952348796943 0.00091312542241954 -0.00078410294493796
-0.0002193858748855 0.00065493352144164 -0.0016688904941078 0.0024465575565149 -0.0027829188594471 0.0021199808181876 -0.0017087705169755 0.0013813478070667 -0.0011642741021774 0.0010209119352461
0.00043096010286103 -0.00052216005629345 0.0011595342556711 -0.0017922472473881 0.0021199808181876 -0.0019805697409253 0.0017349689624673 -0.0014931985798052 0.0013089576864385 -0.0011742907403476
-0.00051586314690283 0.00053575493592644 -0.00088261901254834 0.0013750794749176 -0.0017087705169755 0.0017349689624673 -0.0016665173880734 0.0015143314056945 -0.0013797820365395 0.0012675610742267
0.00051952589536501 -0.00049663674115502 0.00074265289634933 -0.0010952348796943 0.0013813478070667 -0.0014931985798052 0.0015143314056945 -0.0014554347750893 0.001376096123027 -0.0012962474388097
-0.00048470572370311 0.00047164245177566 -0.00061589027596817 0.00091312542241954 -0.0011642741021774 0.0013089576864385 -0.0013797820365395 0.001376096123027 -0.0013418613678284 0.0012912442027988
0.00043622028333335 -0.00044866154500153 0.00053514237951401 -0.00078410294493796 0.0010209119352461 -0.0011742907403476 0.0012675610742267 -0.0012962474388097 0.0012912442027988 -0.0012648434819519
