-0.010842257685198 0.00066224937343056 -0.00043438864311875 0.00032427257622024 -0.00026073136871809 0.00027795543138416 -0.00026014944374028 0.00023720373229082 -0.00021663520373894 0.00019753159953568
0.00066224937343056 -0.0078910961455123 0.002112903184626 -0.0015822058942589 0.0011401200862607 -0.0009103357404336 0.00075016463713011 -0.00063628172501619 0.00055167704464582 -0.00048516344917296
-0.00043438864311875 0.002112903184626 -0.0055658485990104 0.0027668647605675 -0.0019480407752973 0.001462690039513 -0.0011843486203609 0.0010104826573012 -0.00088433040309618 0.00078907367553655
0.00032427257622024 -0.0015822058942589 0.0027668647605675 -0.0037137647925397 0.0026110392301228 -0.0020664996202795 0.0017164546496749 -0.0014624081703083 0.0012764073330939 -0.0011301370142722
-0.00026073136871809 0.0011401200862607 -0.0019480407752973 0.0026110392301228 -0.0027640975839426 0.0023344704420762 -0.0020224224768072 0.0017623177825197 -0.0015634017048839 0.0014020110629172
0.00027795543138416 -0.0009103357404336 0.001462690039513 -0.0020664996202795 0.0023344704420762 -0.002320376355701 0.002129587345821 -0.0019253995089047 0.0017505738225373 -0.0015979940314578
-0.00026014944374028 0.00075016463713011 -0.0011843486203609 0.0017164546496749 -0.0020224224768072 0.002129587345821 -0.0020880553914112 0.0019561151709877 -0.0018215892244152 0.0016920313391279
0.00023720373229082 -0.00063628172501619 0.0010104826573012 -0.0014624081703083 0.0017623177825197 -0.0019253995089047 0.0019561151709877 -0.0018982219145555 0.0018099152894851 -0.0017116662814842
-0.00021663520373894 0.00055167704464582 -0.00088433040309618 0.0012764073330939 -0.0015634017048839 0.0017505738225373 -0.0018215892244152 0.0018099152894851 -0.0017629319347565 0.0016950186077834
0.00019753159953568 -0.00048516344917296 0.00078907367553655 -0.0011301370142722 0.0014020110629172 -0.0015979940314578 0.0016920313391279 -0.0017116662814842 0.0016950186077834 -0.0016546389026498
