-0.0098619511913096 0.00061455811939646 -0.0004276281278935 0.00021455958585733 -0.00027587504038421 0.00019121755515364 -0.00017083669040004 0.0001582601070121 -0.00015189814174702 0.00014094148668161
0.00061455811939646 -0.0073668307664838 0.0016120000130245 -0.00096262448791199 0.00069334213826374 -0.0005784931920171 0.00050816703039694 -0.00043210560721797 0.00037116720161299 -0.00032820515383706
-0.0004276281278935 0.0016120000130245 -0.0051561388309015 0.0020022044581318 -0.0013687241200596 0.00096410747073853 -0.00076547978192404 0.00061450374400892 -0.00051108949012062 0.00044383197368538
0.00021455958585733 -0.00096262448791199 0.0020022044581318 -0.0035068630117521 0.0022059012102445 -0.0016495574402002 0.0013128452603921 -0.001091664249265 0.00092824820731386 -0.00080562485129505
-0.00027587504038421 0.00069334213826374 -0.0013687241200596 0.0022059012102445 -0.0025726049118692 0.0020029115616921 -0.0016507666437063 0.001390168001041 -0.0012022510908433 0.0010558691125563
0.00019121755515364 -0.0005784931920171 0.00096410747073853 -0.0016495574402002 0.0020029115616921 -0.0019770594909094 0.0017271327948459 -0.0015178070182605 0.0013449476221466 -0.0012050851265733
-0.00017083669040004 0.00050816703039694 -0.00076547978192404 0.0013128452603921 -0.0016507666437063 0.0017271327948459 -0.0016660802333634 0.0015273951023852 -0.0013922835983311 0.001271953413621
0.0001582601070121 -0.00043210560721797 0.00061450374400892 -0.001091664249265 0.001390168001041 -0.0015178070182605 0.0015273951023852 -0.0014732743637442 0.0013804260475455 -0.0012863286663738
-0.00015189814174702 0.00037116720161299 -0.00051108949012062 0.00092824820731386 -0.0012022510908433 0.0013449476221466 -0.0013922835983311 0.0013804260475455 -0.0013288951320974 0.0012615152125683
0.00014094148668161 -0.00032820515383706 0.00044383197368538 -0.00080562485129505 0.0010558691125563 -0.0012050851265733 0.001271953413621 -0.0012863286663738 0.0012615152125683 -0.0012181225636704
