0 3.1325291789656 -0.035805085320733 3.0922802194624 -0.029420961549545 3.1311589853328 -0.003055027527017 3.1390172579644 -0.002848154914506 3.1366189157993
-3.1325291789656 0 -3.1228295101223 0.03397537717135 -3.1008597571779 0.053639070103119 -3.0731710760933 0.068942542658572 -3.0757726163702 0.062231655653902
0.035805085320733 3.1228295101223 0 3.1215825380845 -0.013692149866784 3.1310200957725 -0.002122974439804 3.1383647271544 -0.0066438361514073 3.1294264344791
-3.0922802194624 -0.03397537717135 -3.1215825380845 0 -3.137678363184 0.017697379796176 -3.1130880722123 0.034402912708957 -3.1047665790801 0.036820449202876
0.029420961549545 3.1008597571779 0.013692149866784 3.137678363184 0 -3.1305214207361 0.016071430103684 -3.1229363740028 0.019048186236378 -3.1234532975707
-3.1311589853328 -0.053639070103119 -3.1310200957725 -0.017697379796176 3.1305214207361 0 -3.1373607938808 0.0072362284454829 -3.1330369786343 0.0089726582534274
0.003055027527017 3.0731710760933 0.002122974439804 3.1130880722123 -0.016071430103684 3.1373607938808 0 -3.1376765322235 0.0060766017340928 -3.1343391445779
-3.1390172579644 -0.068942542658572 -3.1383647271544 -0.034402912708957 3.1229363740028 -0.0072362284454829 3.1376765322235 0 -3.1392284596345 0.0037720993427328
0.002848154914506 3.0757726163702 0.0066438361514073 3.1047665790801 -0.019048186236378 3.1330369786343 -0.0060766017340928 3.1392284596345 0 -3.140153695242
-3.1366189157993 -0.062231655653902 -3.1294264344791 -0.036820449202876 3.1234532975707 -0.0089726582534274 3.1343391445779 -0.0037720993427328 3.140153695242 0
