0 -3.1132742139121 -0.16178090278942 2.9610088580646 -0.17644547853836 2.9376038428625 -0.23473376122618 2.8836246750289 -0.28088831856663 2.8496590259789
3.1132742139121 0 -3.1106924548076 0.053795654438363 -3.0851763775283 0.05150227910993 -3.1043781464014 0.031632358755736 -3.1132525739303 0.023741488059898
0.16178090278942 3.1106924548076 0 -3.1368197953598 0.0017528917599739 3.1342017088693 -0.018083312231202 3.1182191325794 -0.02764450797935 3.112333364983
-2.9610088580646 -0.053795654438363 3.1368197953598 0 -3.1334771638367 0.0087616117326578 -3.1340031576951 0.0084134414339537 -3.1335125190036 0.0085989843120812
0.17644547853836 3.0851763775283 -0.0017528917599739 3.1334771638367 0 -3.1359275407823 0.0080710439736181 -3.1306004872688 0.01269784406028 -3.1266081091804
-2.9376038428625 -0.05150227910993 -3.1342017088693 -0.0087616117326578 3.1359275407823 0 -3.139058905221 0.004557210482051 -3.1361862492151 0.0067892788311277
0.23473376122618 3.1043781464014 0.018083312231202 3.1340031576951 -0.0080710439736181 3.139058905221 0 -3.1400866328961 0.0019069662835452 -3.1387418849493
-2.8836246750289 -0.031632358755736 -3.1182191325794 -0.0084134414339537 3.1306004872688 -0.004557210482051 3.1400866328961 0 -3.1411858904036 0.0013435806159071
0.28088831856663 3.1132525739303 0.02764450797935 3.1335125190036 -0.01269784406028 3.1361862492151 -0.0019069662835452 3.1411858904036 0 -3.1406721909023
-2.8496590259789 -0.023741488059898 -3.112333364983 -0.0085989843120812 3.1266081091804 -0.0067892788311277 3.1387418849493 -0.0013435806159071 3.1406721909023 0
