0.017163762449036 -0.0031388773337726 0.0020032011733421 -0.0016579055775594 0.0012885255844594 -0.0010243080018089 0.00081953798934501 -0.00066961922195491 0.00055912658175982 -0.0004723841297713
-0.0031388773337726 0.0087565716887196 -0.0040738642039724 0.0027403223784025 -0.0020587692704248 0.0016275078133184 -0.0013276279844919 0.0011058227225641 -0.0009305371424914 0.00079073311417467
0.0020032011733421 -0.0040738642039724 0.0058719825393472 -0.0041251446199922 0.0031824824163413 -0.0025836779969042 0.0021721833516088 -0.0018672880160073 0.0016278106364801 -0.001434950269573
-0.0016579055775594 0.0027403223784025 -0.0041251446199922 0.0042927949031221 -0.0036247803484762 0.0031057641501757 -0.0027049361085852 0.0023843097172674 -0.0021239081473888 0.0019063032373358
0.0012885255844594 -0.0020587692704248 0.0031824824163413 -0.0036247803484762 0.0035267778728732 -0.003209695409417 0.0029053719786451 -0.002632506055387 0.0023947824976119 -0.0021871305007063
-0.0010243080018089 0.0016275078133184 -0.0025836779969042 0.0031057641501757 -0.003209695409417 0.0031039722872911 -0.0029131529843048 0.0027072769801429 -0.0025095724562073 0.0023262821603393
0.00081953798934501 -0.0013276279844919 0.0021721833516088 -0.0027049361085852 0.0029053719786451 -0.0029131529843048 0.002826701071189 -0.0026904147613519 0.0025391931297131 -0.0023878547565118
-0.00066961922195491 0.0011058227225641 -0.0018672880160073 0.0023843097172674 -0.002632506055387 0.0027072769801429 -0.0026904147613519 0.0026142031620918 -0.002507866768611 0.0023900132849539
0.00055912658175982 -0.0009305371424914 0.0016278106364801 -0.0021239081473888 0.0023947824976119 -0.0025095724562073 0.0025391931297131 -0.002507866768611 0.002440091292197 -0.002353280630646
-0.0004723841297713 0.00079073311417467 -0.001434950269573 0.0019063032373358 -0.0021871305007063 0.0023262821603393 -0.0023878547565118 0.0023900132849539 -0.002353280630646 0.002294003049032
