3.1415926535898 1.0102798440256 3.0400177877143 0.31901736548133 -2.7258766344038 0.63882711676779 -2.1786809701824 1.1151254829795 -1.9430268548869 1.2109031893207
-1.0102798440256 3.1415926535898 0.46312404170683 -2.2745904555144 0.57123923320885 -2.7521751720234 0.67427035377528 -2.5272878926302 0.59591793695455 -2.5426976622765
-3.0400177877143 -0.46312404170683 3.1415926535898 -0.0038110357809785 3.0218658732538 -0.13750968645712 3.0043282824016 -0.18347147016586 2.9579396743863 -0.19772305027998
-0.31901736548133 2.2745904555144 0.0038110357809785 3.1415926535898 0.0081684518528156 -3.1147917559478 0.053289480968562 -3.057189177388 0.1023632743973 -3.0346449967051
2.7258766344038 -0.57123923320885 -3.0218658732538 -0.0081684518528156 3.1415926535898 0.034265910375707 -3.0642069720447 0.11144288530959 -2.9989410574913 0.16251765408118
-0.63882711676779 2.7521751720234 0.13750968645712 3.1147917559478 -0.034265910375707 3.1415926535898 0.032715647173495 -3.0926944216392 0.064269730006908 -3.0685772586464
2.1786809701824 -0.67427035377528 -3.0043282824016 -0.053289480968562 3.0642069720447 -0.032715647173495 3.1415926535898 0.012561633044226 -3.1168751100011 0.026345703627916
-1.1151254829795 2.5272878926302 0.18347147016586 3.057189177388 -0.11144288530959 3.0926944216392 -0.012561633044226 3.1415926535898 0.0094968604744537 -3.1340641589281
1.9430268548869 -0.59591793695455 -2.9579396743863 -0.1023632743973 2.9989410574913 -0.064269730006908 3.1168751100011 -0.0094968604744537 3.1415926535898 -0.0033654607440267
-1.2109031893207 2.5426976622765 0.19772305027998 3.0346449967051 -0.16251765408118 3.0685772586464 -0.026345703627916 3.1340641589281 0.0033654607440267 3.1415926535898
