0 -3.0810186741332 -0.0030105735858389 -1.3961040186062 0.93925410765462 -1.6949698437058 1.648500818175 -1.4554931746094 1.6392992892918 -1.5417634996322
3.0810186741332 0 -3.1378619273831 0.21027335664733 -2.9019988397349 0.34501945582351 -2.7397269194591 0.41876456978922 -2.7129148367439 0.41090067923205
0.0030105735858389 3.1378619273831 0 3.1253901045245 0.0070147864479007 3.1335999393894 -0.055584461645978 3.0507517360147 -0.10791776753662 3.0177980603788
1.3961040186062 -0.21027335664733 -3.1253901045245 0 3.130384408074 -0.027176965284167 3.0919582157886 -0.061171403827807 3.0783429626384 -0.066593224723703
-0.93925410765462 2.9019988397349 -0.0070147864479007 -3.130384408074 0 3.1282537407404 -0.032743071258846 3.1023494574326 -0.038990684693916 3.1018105129945
1.6949698437058 -0.34501945582351 -3.1335999393894 0.027176965284167 -3.1282537407404 0 3.1301939246782 -0.017024023776171 3.1245025367985 -0.018645581420507
-1.648500818175 2.7397269194591 0.055584461645978 -3.0919582157886 0.032743071258846 -3.1301939246782 0 3.135561135059 -0.0072555796355789 3.1324514566396
1.4554931746094 -0.41876456978922 -3.0507517360147 0.061171403827807 -3.1023494574326 0.017024023776171 -3.135561135059 0 3.1406962303438 -0.0024801147549489
-1.6392992892918 2.7129148367439 0.10791776753662 -3.0783429626384 0.038990684693916 -3.1245025367985 0.0072555796355789 -3.1406962303438 0 3.1402141294295
1.5417634996322 -0.41090067923205 -3.0177980603788 0.066593224723703 -3.1018105129945 0.018645581420507 -3.1324514566396 0.0024801147549489 -3.1402141294295 0
