0.10132095194763 1.6245709339981e-07 5.4201421534844e-07 4.7387328046449e-07 3.0226969322852e-07 4.5707243921441e-07 5.5333897856346e-07 5.7164239066329e-07 4.4640253775912e-07 4.7158932039003e-05 3.3820249127521e-07 3.2050953065281e-07 3.5472286552583e-07 5.146918308812e-07 7.1881271083038e-07 8.3431119829735e-07 7.4577618660442e-07 7.3702092994687e-07 9.9944245189938e-07 1.3819099405911e-06
1.6245709339981e-07 0.046658195419974 0.017255838026724 0.0083170256194532 0.0040109540177003 0.0018940373444727 0.00081203344502408 0.00020620947579603 0.00010578007527434 0.00027377653786507 0.00032236459339405 0.00032287645480601 0.00024290329848139 0.00016733547043095 6.1214251772633e-05 3.8787747418967e-05 0.00013489877397781 0.00023070810972477 0.00031051479889447 0.00039206111206384
5.4201421534844e-07 0.017255838026724 0.036228094534939 0.023890004985581 0.016527748328868 0.011251434522563 0.0077117666875794 0.0053593558023065 0.0037087727194828 0.0025604340458678 0.0017127015540171 0.001145357418141 0.00068568350947619 0.00039200053411941 0.00015142455860771 1.3148619558822e-05 0.00013124151132704 0.00022424901076034 0.00027688044606228 0.00032545442727725
4.7387328046449e-07 0.0083170256194532 0.023890004985581 0.028179843404517 0.023384362497528 0.018386051336214 0.014208056230175 0.010956049658453 0.0085223005674316 0.0066589965436119 0.0053102989995863 0.0042495047383661 0.0034373361387308 0.0028022397216746 0.0023080132152726 0.0019168328964165 0.0016059069795326 0.0013576184439053 0.0011565992281727 0.00099470238579456
3.0226969322852e-07 0.0040109540177003 0.016527748328868 0.023384362497528 0.023255159308458 0.020529899915101 0.017367924153432 0.014488751907856 0.012091613621033 0.01011677541126 0.0085729847302965 0.0072989043694669 0.0062625748107218 0.0054154857757246 0.0047196293481855 0.004144687567977 0.0036668685832338 0.0032673944058253 0.0029315304289695 0.0026475924939006
4.5707243921441e-07 0.0018940373444727 0.011251434522563 0.018386051336214 0.020529899915101 0.0200658468705 0.018347749119776 0.016328394496706 0.014395893784292 0.012641936513023 0.011160704322523 0.009863680968247 0.0087555509239154 0.0078060140946368 0.0069952148375442 0.0062996152882457 0.0057016555392145 0.0051859204261897 0.0047386480479462 0.0043500932333712
5.5333897856346e-07 0.00081203344502408 0.0077117666875794 0.014208056230175 0.017367924153432 0.018347749119776 0.017908131078385 0.016823900562514 0.015514241204769 0.014154241091843 0.012898083833498 0.011720487643122 0.010658820641543 0.0097077704224603 0.0088644936291956 0.0081171226122391 0.00745592997328 0.0068707788327843 0.0063513593557872 0.0058902374476112
5.7164239066329e-07 0.00020620947579603 0.0053593558023065 0.010956049658453 0.014488751907856 0.016328394496706 0.016823900562514 0.016546540738965 0.015850834917452 0.014932809133278 0.013976331165222 0.012997058543443 0.012057305728715 0.011174167541874 0.010359958965028 0.0096148833168659 0.0089375220160299 0.0083236191682088 0.0077673924858983 0.0072642317696653
4.4640253775912e-07 0.00010578007527434 0.0037087727194828 0.0085223005674316 0.012091613621033 0.014395893784292 0.015514241204769 0.015850834917452 0.015680812924515 0.015180459307786 0.014541176227049 0.01379491366166 0.013020680436484 0.012250966808259 0.011510474772552 0.010809435082147 0.010154047665424 0.0095458547123216 0.0089835339134565 0.0084656848343943
4.7158932039003e-05 0.00027377653786507 0.0025604340458678 0.0066589965436119 0.01011677541126 0.012641936513023 0.014154241091843 0.014932809133278 0.015180459307786 0.015061373944621 0.014697357297542 0.014184554302953 0.013588988057465 0.012953071128138 0.012309817513718 0.011677391794161 0.011068190388687 0.010488780430345 0.0099419820962067 0.0094293456189587
3.3820249127521e-07 0.00032236459339405 0.0017127015540171 0.0053102989995863 0.0085729847302965 0.011160704322523 0.012898083833498 0.013976331165222 0.014541176227049 0.014697357297542 0.014622495066903 0.014334028217434 0.013923267106296 0.0134357735821 0.01290992200205 0.012368631558831 0.01182894276661 0.01130150467233 0.010792365380155 0.010306023812754
3.2050953065281e-07 0.00032287645480601 0.001145357418141 0.0042495047383661 0.0072989043694669 0.009863680968247 0.011720487643122 0.012997058543443 0.01379491366166 0.014184554302953 0.014334028217434 0.014242865459223 0.014001639848828 0.013656664834531 0.013248225799055 0.012802394954614 0.012339230674867 0.011872333791064 0.011410448534221 0.010960238936718
3.5472286552583e-07 0.00024290329848139 0.00068568350947619 0.0034373361387308 0.0062625748107218 0.0087555509239154 0.010658820641543 0.012057305728715 0.013020680436484 0.013588988057465 0.013923267106296 0.014001639848828 0.01391318603958 0.013701552251502 0.013407625727602 0.01305845150509 0.012675916201273 0.012275671644817 0.011868208597048 0.011462123258485
5.146918308812e-07 0.00016733547043095 0.00039200053411941 0.0028022397216746 0.0054154857757246 0.0078060140946368 0.0097077704224603 0.011174167541874 0.012250966808259 0.012953071128138 0.0134357735821 0.013656664834531 0.013701552251502 0.013610873998438 0.013424137027088 0.013168458743458 0.012866406534075 0.012534784896145 0.012185348993061 0.011827924001457
7.1881271083038e-07 6.1214251772633e-05 0.00015142455860771 0.0023080132152726 0.0047196293481855 0.0069952148375442 0.0088644936291956 0.010359958965028 0.011510474772552 0.012309817513718 0.01290992200205 0.013248225799055 0.013407625727602 0.013424137027088 0.013335450583504 0.013167644493513 0.012943257111128 0.012679623208014 0.012389103277484 0.012082471725787
8.3431119829735e-07 3.8787747418967e-05 1.3148619558822e-05 0.0019168328964165 0.004144687567977 0.0062996152882457 0.0081171226122391 0.0096148833168659 0.010809435082147 0.011677391794161 0.012368631558831 0.012802394954614 0.01305845150509 0.013168458743458 0.013167644493513 0.013080619094221 0.012929313529705 0.012731069628743 0.012498477518095 0.012242830539092
7.4577618660442e-07 0.00013489877397781 0.00013124151132704 0.0016059069795326 0.0036668685832338 0.0057016555392145 0.00745592997328 0.0089375220160299 0.010154047665424 0.011068190388687 0.01182894276661 0.012339230674867 0.012675916201273 0.012866406534075 0.012943257111128 0.012929313529705 0.012845539857404 0.012708919609971 0.012531952890535 0.012326155968637
7.3702092994687e-07 0.00023070810972477 0.00022424901076034 0.0013576184439053 0.0032673944058253 0.0051859204261897 0.0068707788327843 0.0083236191682088 0.0095458547123216 0.010488780430345 0.01130150467233 0.011872333791064 0.012275671644817 0.012534784896145 0.012679623208014 0.012731069628743 0.012708919609971 0.012629561244013 0.01250514216658 0.012347210116348
9.9944245189938e-07 0.00031051479889447 0.00027688044606228 0.0011565992281727 0.0029315304289695 0.0047386480479462 0.0063513593557872 0.0077673924858983 0.0089835339134565 0.0099419820962067 0.010792365380155 0.011410448534221 0.011868208597048 0.012185348993061 0.012389103277484 0.012498477518095 0.012531952890535 0.01250514216658 0.012429733842868 0.012317066658322
1.3819099405911e-06 0.00039206111206384 0.00032545442727725 0.00099470238579456 0.0026475924939006 0.0043500932333712 0.0058902374476112 0.0072642317696653 0.0084656848343943 0.0094293456189587 0.010306023812754 0.010960238936718 0.011462123258485 0.011827924001457 0.012082471725787 0.012242830539092 0.012326155968637 0.012347210116348 0.012317066658322 0.012246798439139
