-0.0051551558188846 -5.0188859059441e-05 -0.0001247869695691 0.00028426176347695 -0.00016524068813454 0.00012275932307687 -9.2186578109994e-05 5.832300018184e-05 -4.6886147625324e-05 3.957987898672e-05
-5.0188859059441e-05 -0.0077208398234886 0.0011536486614202 -0.0006510200799152 0.0005348921256605 -0.00032498637058627 0.00023242826756216 -0.00016198646629862 0.00010879574577382 -7.0852751458213e-05
-0.0001247869695691 0.0011536486614202 -0.0072491025289141 0.00244441769845 -0.0016282861890102 0.0012336794539279 -0.00089385380212156 0.00067696535662739 -0.00052666159241914 0.00041773109651729
0.00028426176347695 -0.0006510200799152 0.00244441769845 -0.0051482437211535 0.0026791726464952 -0.001936544864114 0.0014846907079608 -0.0012074179403765 0.00099989281332875 -0.0008304454157207
-0.00016524068813454 0.0005348921256605 -0.0016282861890102 0.0026791726464952 -0.0037642680685438 0.0027307522825185 -0.0021324719154042 0.0017543858025071 -0.0014871049802508 0.0012748962560677
0.00012275932307687 -0.00032498637058627 0.0012336794539279 -0.001936544864114 0.0027307522825185 -0.0029317781642223 0.0024532779854788 -0.0020885696991278 0.0018148167576699 -0.0015872347889882
-9.2186578109994e-05 0.00023242826756216 -0.00089385380212156 0.0014846907079608 -0.0021324719154042 0.0024532779854788 -0.0023978345028947 0.0021579187338894 -0.0019399206153214 0.0017437537460543
5.832300018184e-05 -0.00016198646629862 0.00067696535662739 -0.0012074179403765 0.0017543858025071 -0.0020885696991278 0.0021579187338894 -0.002084461204846 0.0019433269967415 -0.0017934349381414
-4.6886147625324e-05 0.00010879574577382 -0.00052666159241914 0.00099989281332875 -0.0014871049802508 0.0018148167576699 -0.0019399206153214 0.0019433269967415 -0.0018773212072582 0.0017752806946191
3.957987898672e-05 -7.0852751458213e-05 0.00041773109651729 -0.0008304454157207 0.0012748962560677 -0.0015872347889882 0.0017437537460543 -0.0017934349381414 0.0017752806946191 -0.001717898411423
