3.1415926535898 -0.71531234946655 2.3383440794176 -0.34279751698897 2.6138353836223 -0.42643195570024 2.8770238085824 -0.22943848128698 2.8757231945749 -0.30625013341973
0.71531234946655 3.1415926535898 0.090810289970562 -2.9847498944336 0.14497368805489 -2.8132087167916 0.23547977253335 -3.0407822062747 0.021260108842378 3.1138699551159
-2.3383440794176 -0.090810289970562 3.1415926535898 -0.0503763586476 -3.0835585331329 0.1836979455505 -2.9316556561723 0.24135381675021 -2.9035601770536 0.22566795214531
0.34279751698897 2.9847498944336 0.0503763586476 3.1415926535898 0.082407199790983 -3.031082052728 0.11713288176095 -3.0205330556449 0.12353737252421 -3.0233726338348
-2.6138353836223 -0.14497368805489 3.0835585331329 -0.082407199790983 3.1415926535898 0.038899432409176 -3.0991963226228 0.053240953558183 -3.0806960220505 0.068011660298764
0.42643195570024 2.8132087167916 -0.1836979455505 3.031082052728 -0.038899432409176 3.1415926535898 0.0047653629910478 -3.1303862666043 0.019977745399867 -3.1124716105143
-2.8770238085824 -0.23547977253335 2.9316556561723 -0.11713288176095 3.0991963226228 -0.0047653629910478 3.1415926535898 0.0024647195760169 -3.1315162385211 0.018153193996086
0.22943848128698 3.0407822062747 -0.24135381675021 3.0205330556449 -0.053240953558183 3.1303862666043 -0.0024647195760169 3.1415926535898 0.0087075835699696 -3.1249338484885
-2.8757231945749 -0.021260108842378 2.9035601770536 -0.12353737252421 3.0806960220505 -0.019977745399867 3.1315162385211 -0.0087075835699696 3.1415926535898 0.0074677636300342
0.30625013341973 -3.1138699551159 -0.22566795214531 3.0233726338348 -0.068011660298764 3.1124716105143 -0.018153193996086 3.1249338484885 -0.0074677636300342 3.1415926535898
