1.558958363117e-05 7.2677392184115e-05 6.6584735219832e-05 5.3043970063152e-05 4.8555847919928e-05 4.2922871678845e-05 3.9826906859427e-05 3.7715163502975e-05 3.6067481706185e-05 3.4728314308726e-05
7.2677392184115e-05 0.00034113760340429 0.00030426699863627 0.00024014226828563 0.00021788939166795 0.00019385745346488 0.00018057391763873 0.00016932164359645 0.00016039804151466 0.0001531698220255
6.6584735219832e-05 0.00030426699863627 0.00028436804449526 0.00022353523253086 0.0001965876600681 0.00017701678010971 0.00016639940932346 0.00015727278031855 0.00015009289035021 0.00014441465608404
5.3043970063152e-05 0.00024014226828563 0.00022353523253086 0.00018799438839618 0.00016684194760868 0.00015062609809093 0.00014167803832679 0.00013340543453305 0.00012681939011652 0.00012149644588844
4.8555847919928e-05 0.00021788939166795 0.0001965876600681 0.00016684194760868 0.00014954169005994 0.00013593684541777 0.00012885039152378 0.00012266256151197 0.00011761609064877 0.00011330365131267
4.2922871678845e-05 0.00019385745346488 0.00017701678010971 0.00015062609809093 0.00013593684541777 0.0001252090154756 0.00011934433801783 0.00011390053573298 0.00010943601591816 0.00010542578226592
3.9826906859427e-05 0.00018057391763873 0.00016639940932346 0.00014167803832679 0.00012885039152378 0.00011934433801783 0.00011438889606574 0.00010943889434468 0.00010521832896542 0.00010132533462164
3.7715163502975e-05 0.00016932164359645 0.00015727278031855 0.00013340543453305 0.00012266256151197 0.00011390053573298 0.00010943889434468 0.00010510444956887 0.0001013037072511 9.7772923098817e-05
3.6067481706185e-05 0.00016039804151466 0.00015009289035021 0.00012681939011652 0.00011761609064877 0.00010943601591816 0.00010521832896542 0.0001013037072511 9.7819948646529e-05 9.4614668705719e-05
3.4728314308726e-05 0.0001531698220255 0.00014441465608404 0.00012149644588844 0.00011330365131267 0.00010542578226592 0.00010132533462164 9.7772923098817e-05 9.4614668705719e-05 9.1736218237096e-05
