0.10192267313007 0.054045758833062 0.044056810864203 0.037239485687139 0.031709300148299 0.027056698781789 0.02312676219922 0.019821603394496 0.017058751705609 0.014765208591784
0.054045758833062 0.031186352850413 0.02674245862745 0.023447884471156 0.020542542724136 0.017933877518397 0.015612612040917 0.01357409155785 0.011805914986761 0.010289580867988
0.044056810864203 0.02674245862745 0.023797756052017 0.021521445850164 0.019376425198524 0.017341820479216 0.015448955966216 0.013723591001211 0.012177587801334 0.010811557321945
0.037239485687139 0.023447884471156 0.021521445850164 0.020018214649767 0.018503022428744 0.016978707265573 0.01549184439179 0.014083006948609 0.012777996780587 0.011589850517568
0.031709300148299 0.020542542724136 0.019376425198524 0.018503022428744 0.01754162276612 0.016496123932214 0.015413775021795 0.01433962499016 0.013305999145882 0.012333166212923
0.027056698781789 0.017933877518397 0.017341820479216 0.016978707265573 0.016496123932214 0.015888571005086 0.015195387259136 0.014458862628035 0.013712086418097 0.012978117063923
0.02312676219922 0.015612612040917 0.015448955966216 0.01549184439179 0.015413775021795 0.015195387259136 0.014863438727806 0.014452743129769 0.013992975104882 0.013506502867995
0.019821603394496 0.01357409155785 0.013723591001211 0.014083006948609 0.01433962499016 0.014458862628035 0.014452743129769 0.014345881427179 0.014161789307024 0.013919675911825
0.017058751705609 0.011805914986761 0.012177587801334 0.012777996780587 0.013305999145882 0.013712086418097 0.013992975104882 0.014161789307024 0.014234307207963 0.014224984909278
0.014765208591784 0.010289580867988 0.010811557321945 0.011589850517568 0.012333166212923 0.012978117063923 0.013506502867995 0.013919675911825 0.014224984909278 0.014431291384476
