0.00025842872996207 0.00022190424278784 0.00018127521128115 0.00015123738427535 0.00012821279907945 0.00010991839558733 9.8180345025128e-05 9.1746885300479e-05 8.7161974628022e-05 8.3936922319235e-05
0.00022190424278784 0.00019445438987693 0.00016163382270281 0.00012751030279323 0.00010635977170089 9.5197132047927e-05 8.6945232954015e-05 8.1522713406385e-05 7.7302200568912e-05 7.414389044504e-05
0.00018127521128115 0.00016163382270281 0.0001289153449625 0.0001023742376839 8.9934165481128e-05 7.8196077764357e-05 7.1469417511949e-05 6.6824113641512e-05 6.3345648283261e-05 6.0758861152318e-05
0.00015123738427535 0.00012751030279323 0.0001023742376839 8.3877788427021e-05 7.1735445944872e-05 6.345654665116e-05 5.8515570930478e-05 5.4978747131038e-05 5.2264985296178e-05 5.0105022512833e-05
0.00012821279907945 0.00010635977170089 8.9934165481128e-05 7.1735445944872e-05 6.1212746645255e-05 5.2935965500707e-05 4.8445229443261e-05 4.5759781636173e-05 4.3597750817161e-05 4.1960455800474e-05
0.00010991839558733 9.5197132047927e-05 7.8196077764357e-05 6.345654665116e-05 5.2935965500707e-05 4.5696756110334e-05 4.1933434081759e-05 3.9836395687096e-05 3.8133231396879e-05 3.6765956031547e-05
9.8180345025128e-05 8.6945232954015e-05 7.1469417511949e-05 5.8515570930478e-05 4.8445229443261e-05 4.1933434081759e-05 3.8542947725816e-05 3.6517306388903e-05 3.4946539384624e-05 3.3707496077689e-05
9.1746885300479e-05 8.1522713406385e-05 6.6824113641512e-05 5.4978747131038e-05 4.5759781636173e-05 3.9836395687096e-05 3.6517306388903e-05 3.4477643020152e-05 3.2995305975269e-05 3.1824849593309e-05
8.7161974628022e-05 7.7302200568912e-05 6.3345648283261e-05 5.2264985296178e-05 4.3597750817161e-05 3.8133231396879e-05 3.4946539384624e-05 3.2995305975269e-05 3.1630589674623e-05 3.0520194354376e-05
8.3936922319235e-05 7.414389044504e-05 6.0758861152318e-05 5.0105022512833e-05 4.1960455800474e-05 3.6765956031547e-05 3.3707496077689e-05 3.1824849593309e-05 3.0520194354376e-05 2.9459990604611e-05
