0.10141953953088 0.00062459105100626 -0.00045469951756886 0.00033430405032684 -0.00028578293823455 0.00024585170420425 -0.00021627718413939 0.00019313526573237 -0.00017463845651984 0.00016154099732813
0.00062459105100626 0.01047051556604 -0.0017565148693462 0.0010649572456644 -0.00066972375340874 0.00031186472048356 -0.00017220694569643 9.6559970792298e-05 -5.5736612158558e-05 3.9647561800561e-05
-0.00045469951756886 -0.0017565148693462 0.010628088853954 -0.0039230268746393 0.0026648222064973 -0.0019882094619082 0.0015692003006041 -0.0012324995650786 0.0009868711966902 -0.00081596708524274
0.00033430405032684 0.0010649572456644 -0.0039230268746393 0.007880851727755 -0.0047311361179419 0.0034470315160329 -0.0026476236625526 0.0020822502954235 -0.0016857863339802 0.0013863721109964
-0.00028578293823455 -0.00066972375340874 0.0026648222064973 -0.0047311361179419 0.0057741468213021 -0.0045016356147135 0.0036666152236956 -0.0030054182903583 0.0025065198583724 -0.0021237237425374
0.00024585170420425 0.00031186472048356 -0.0019882094619082 0.0034470315160329 -0.0045016356147135 0.0045629647116124 -0.0040491537490416 0.0035195307502165 -0.0030719185901796 0.0027038944049785
-0.00021627718413939 -0.00017220694569643 0.0015692003006041 -0.0026476236625526 0.0036666152236956 -0.0040491537490416 0.0039984036581923 -0.0036903181482582 0.0033623304017116 -0.0030584297503624
0.00019313526573237 9.6559970792298e-05 -0.0012324995650786 0.0020822502954235 -0.0030054182903583 0.0035195307502165 -0.0036903181482582 0.0036106278301566 -0.0034249469794186 0.0032089135128764
-0.00017463845651984 -5.5736612158558e-05 0.0009868711966902 -0.0016857863339802 0.0025065198583724 -0.0030719185901796 0.0033623304017116 -0.0034249469794186 0.0033624619587801 -0.0032328846391091
0.00016154099732813 3.9647561800561e-05 -0.00081596708524274 0.0013863721109964 -0.0021237237425374 0.0027038944049785 -0.0030584297503624 0.0032089135128764 -0.0032328846391091 0.0031749471237599
