0 3.1139362581832 -0.0071151544356732 3.0750034970982 -0.067218885201532 3.0691611083222 -0.075396127173271 3.0661895833429 -0.07627472996955 3.0615180728919
-3.1139362581832 0 3.1129748380881 -0.031497576703939 3.0859882986755 -0.087680249888204 3.0288128245951 -0.1355642746596 2.9780298585421 -0.19079001960577
0.0071151544356732 -3.1129748380881 0 3.1283811050626 -0.021685633848047 3.0972586346789 -0.063448004758924 3.0598450365348 -0.10165294799557 3.0211274084551
-3.0750034970982 0.031497576703939 -3.1283811050626 0 3.1363691204146 -0.018734864248032 3.1152704882122 -0.035182444294425 3.0966319863272 -0.052513554401778
0.067218885201532 -3.0859882986755 0.021685633848047 -3.1363691204146 0 3.1333049954153 -0.011805898059968 3.1275631251359 -0.016792928171692 3.1240408603778
-3.0691611083222 0.087680249888204 -3.0972586346789 0.018734864248032 -3.1333049954153 0 3.137006376609 -0.0069717848006959 3.1319393346503 -0.010809231179938
0.075396127173271 -3.0288128245951 0.063448004758924 -3.1152704882122 0.011805898059968 -3.137006376609 0 3.1395375914831 -0.0041251515832178 3.136788734663
-3.0661895833429 0.1355642746596 -3.0598450365348 0.035182444294425 -3.1275631251359 0.0069717848006959 -3.1395375914831 0 3.1398331279845 -0.0021940428700863
0.07627472996955 -2.9780298585421 0.10165294799557 -3.0966319863272 0.016792928171692 -3.1319393346503 0.0041251515832178 -3.1398331279845 0 3.141172853325
-3.0615180728919 0.19079001960577 -3.0211274084551 0.052513554401778 -3.1240408603778 0.010809231179938 -3.136788734663 0.0021940428700863 -3.141172853325 0
