0.00082384017457968 0.00073523554512991 0.00063663544489092 0.00051868771812356 0.00044299646589383 0.00040378532007757 0.00037196311624984 0.0003486091160653 0.00032988847266793 0.0003173266348836
0.00073523554512991 0.00062122199245742 0.00048366663832568 0.0003995775782208 0.000345514715471 0.0003157181097916 0.00030299876419775 0.00029094746498006 0.00028012885143609 0.00027190659109726
0.00063663544489092 0.00048366663832568 0.00042126326067639 0.00037540081643711 0.00027187783885347 0.00024593983397775 0.00022295383606752 0.00021269941835309 0.00020534026823121 0.00019791563734104
0.00051868771812356 0.0003995775782208 0.00037540081643711 0.00032634734410471 0.00021779506118017 0.00021147485675896 0.00019526383238189 0.00018448678476084 0.00017718357186902 0.00017114888026426
0.00044299646589383 0.000345514715471 0.00027187783885347 0.00021779506118017 0.00017301654347323 0.0001773787161192 0.0001692977197654 0.00016044617570554 0.00015575671944633 0.000152616122248
0.00040378532007757 0.0003157181097916 0.00024593983397775 0.00021147485675896 0.0001773787161192 0.00017509445348973 0.00016593355378059 0.00015788702444566 0.00015291011453344 0.0001499946931923
0.00037196311624984 0.00030299876419775 0.00022295383606752 0.00019526383238189 0.0001692977197654 0.00016593355378059 0.00015648516732957 0.00014743789687609 0.00014149694203166 0.0001379953384221
0.0003486091160653 0.00029094746498006 0.00021269941835309 0.00018448678476084 0.00016044617570554 0.00015788702444566 0.00014743789687609 0.00013738705098163 0.00013120770369874 0.00012780679185562
0.00032988847266793 0.00028012885143609 0.00020534026823121 0.00017718357186902 0.00015575671944633 0.00015291011453344 0.00014149694203166 0.00013120770369874 0.00012448319960406 0.00012103522490516
0.0003173266348836 0.00027190659109726 0.00019791563734104 0.00017114888026426 0.000152616122248 0.0001499946931923 0.0001379953384221 0.00012780679185562 0.00012103522490516 0.00011753308582471
