0.00013396767349337 0.00016706433993479 0.00016808100057173 0.00014231439076552 0.00011928006393362 0.00010081919919692 9.0032905858631e-05 8.4453223136254e-05 7.9697480496896e-05 7.6340841770028e-05
0.00016706433993479 0.00020738743368839 0.00021232570830154 0.00017841284643866 0.00014509964691457 0.00012360933695298 0.00010798252950806 0.00010037464218529 9.4748837244439e-05 9.0733025156368e-05
0.00016808100057173 0.00021232570830154 0.00021138653923676 0.00017795591891461 0.00014563667393881 0.0001250124999912 0.00010895457735344 0.00010173147258423 9.5369569742802e-05 9.0805246188729e-05
0.00014231439076552 0.00017841284643866 0.00017795591891461 0.00014513936493624 0.00012415735067363 0.00010833999013233 9.4480976172088e-05 8.7815719826715e-05 8.277598834576e-05 7.9149619692019e-05
0.00011928006393362 0.00014509964691457 0.00014563667393881 0.00012415735067363 0.00010754754980009 8.9633994237176e-05 7.9974473195881e-05 7.4435322060073e-05 7.0310306506527e-05 6.7098936757083e-05
0.00010081919919692 0.00012360933695298 0.0001250124999912 0.00010833999013233 8.9633994237176e-05 7.7915638532194e-05 7.0887721987591e-05 6.6215677788611e-05 6.2370941090288e-05 5.9151070183603e-05
9.0032905858631e-05 0.00010798252950806 0.00010895457735344 9.4480976172088e-05 7.9974473195881e-05 7.0887721987591e-05 6.3868610165376e-05 5.9418758225136e-05 5.5933302670085e-05 5.3027850561146e-05
8.4453223136254e-05 0.00010037464218529 0.00010173147258423 8.7815719826715e-05 7.4435322060073e-05 6.6215677788611e-05 5.9418758225136e-05 5.5104336783266e-05 5.2109766855969e-05 4.9577693427567e-05
7.9697480496896e-05 9.4748837244439e-05 9.5369569742802e-05 8.277598834576e-05 7.0310306506527e-05 6.2370941090288e-05 5.5933302670085e-05 5.2109766855969e-05 4.9394551407207e-05 4.7159429696048e-05
7.6340841770028e-05 9.0733025156368e-05 9.0805246188729e-05 7.9149619692019e-05 6.7098936757083e-05 5.9151070183603e-05 5.3027850561146e-05 4.9577693427567e-05 4.7159429696048e-05 4.5229646301926e-05
