0.00042330994833924 0.00031604293657421 0.00025595544897671 0.00021466990225783 0.00019541058800535 0.00017995142532403 0.00016680071099316 0.00015711674663473 0.00014943872169405 0.00014346376468476
0.00031604293657421 0.00025013125866788 0.00021106132053287 0.00016837335804545 0.00015009042884278 0.00013701317943283 0.00012750633903606 0.00012028128797148 0.00011503738811753 0.00011087440933431
0.00025595544897671 0.00021106132053287 0.00016985857490494 0.00013868762832836 0.00012295820366359 0.00011070633164434 0.00010257266488111 9.6347395688664e-05 9.2211702242279e-05 8.9222655167193e-05
0.00021466990225783 0.00016837335804545 0.00013868762832836 0.00011055189673916 9.8642427773351e-05 8.8983704872714e-05 8.2777604785747e-05 7.8052860648753e-05 7.4766031223562e-05 7.2384916021997e-05
0.00019541058800535 0.00015009042884278 0.00012295820366359 9.8642427773351e-05 8.6373165187865e-05 7.8604509161675e-05 7.369404265514e-05 6.9906880634424e-05 6.7300812490402e-05 6.5409142838052e-05
0.00017995142532403 0.00013701317943283 0.00011070633164434 8.8983704872714e-05 7.8604509161675e-05 7.2042042346338e-05 6.8027562855775e-05 6.4855949068025e-05 6.2629337388349e-05 6.0938668850112e-05
0.00016680071099316 0.00012750633903606 0.00010257266488111 8.2777604785747e-05 7.369404265514e-05 6.8027562855775e-05 6.4368386836637e-05 6.1551832257309e-05 5.9616474098198e-05 5.8143116905006e-05
0.00015711674663473 0.00012028128797148 9.6347395688664e-05 7.8052860648753e-05 6.9906880634424e-05 6.4855949068025e-05 6.1551832257309e-05 5.9090400224455e-05 5.7418916283055e-05 5.6141899670344e-05
0.00014943872169405 0.00011503738811753 9.2211702242279e-05 7.4766031223562e-05 6.7300812490402e-05 6.2629337388349e-05 5.9616474098198e-05 5.7418916283055e-05 5.5941481789987e-05 5.4817148652733e-05
0.00014346376468476 0.00011087440933431 8.9222655167193e-05 7.2384916021997e-05 6.5409142838052e-05 6.0938668850112e-05 5.8143116905006e-05 5.6141899670344e-05 5.4817148652733e-05 5.3817994698597e-05
