-0.0078781863235216 0.00043272524468389 -1.0244092869908e-05 0.00013322519302131 -0.00011091694852248 5.3997186338339e-05 -1.6182909485785e-05 -6.4838010610691e-06 1.5459870392203e-05 -2.5144252944623e-05
0.00043272524468389 -0.0063358051764511 0.0011215487752438 -0.00059620642059282 0.00035466536892755 -0.00029149938973915 0.00021906979057195 -0.00016001900753465 0.00010844009578643 -8.2412340581723e-05
-1.0244092869908e-05 0.0011215487752438 -0.0047398012904202 0.0015459345883587 -0.00089358713935895 0.00065659714492928 -0.00053143288978195 0.00042477401557377 -0.0003351105487281 0.00026996967326701
0.00013322519302131 -0.00059620642059282 0.0015459345883587 -0.0030426101016883 0.0017248078011714 -0.0012013214800611 0.00093946500881344 -0.00076178944702474 0.00063173883328795 -0.00053480493823058
-0.00011091694852248 0.00035466536892755 -0.00089358713935895 0.0017248078011714 -0.0021905131359833 0.001593954568149 -0.0012515608077336 0.0010285829608067 -0.00086992199550896 0.00075195275888439
5.3997186338339e-05 -0.00029149938973915 0.00065659714492928 -0.0012013214800611 0.001593954568149 -0.0016431290981938 0.0013771884413076 -0.00116612870652 0.0010071823488636 -0.00088446566807041
-1.6182909485785e-05 0.00021906979057195 -0.00053143288978195 0.00093946500881344 -0.0012515608077336 0.0013771884413076 -0.0013352774332926 0.001189786391927 -0.0010612320276973 0.00095287042419753
-6.4838010610691e-06 -0.00016001900753465 0.00042477401557377 -0.00076178944702474 0.0010285829608067 -0.00116612870652 0.001189786391927 -0.001136259680974 0.0010506225290493 -0.00096651306276649
1.5459870392203e-05 0.00010844009578643 -0.0003351105487281 0.00063173883328795 -0.00086992199550896 0.0010071823488636 -0.0010612320276973 0.0010506225290493 -0.0010101012010271 0.00095231146249503
-2.5144252944623e-05 -8.2412340581723e-05 0.00026996967326701 -0.00053480493823058 0.00075195275888439 -0.00088446566807041 0.00095287042419753 -0.00096651306276649 0.00095231146249503 -0.0009189843362814
