0.01148479759222 0.0015357444707534 0.00095715261222311 0.00096316130590373 0.0011303633142702 0.00070436209037662 0.00059222867368548 0.00045843954064862 0.00039280512442961 0.00034640622415005 0.00032452054229862 0.00029890344236224 0.00027417648935571 0.00025283271908796 0.00023215097222449 0.00020987349910801 0.00020232574738112 0.00017467478098419 0.00016002166304435 0.00014877455477791
0.0015357444707534 0.007421033178188 0.0024050427088299 0.0017031590599753 0.0012240072137283 0.00093793564434466 0.00076606471481324 0.00063679582936281 0.00054504153373595 0.00047047409923246 0.00042016638520068 0.00037934239250581 0.00034825620857012 0.00031268047960447 0.0002855903218476 0.00025544708359097 0.00022818546560176 0.00021188502252646 0.00019438590868485 0.00018009847491414
0.00095715261222311 0.0024050427088299 0.0058083373169118 0.0028148480355063 0.0020993698200274 0.0016450973954909 0.0013524049107053 0.001126386157033 0.00097147201692315 0.00083807966831155 0.00075551062327299 0.00069084213665957 0.00064045876986274 0.00058942711051844 0.00054841114708422 0.00050972336976685 0.00047341034849944 0.00044595896064441 0.00041903441449369 0.00039529450960743
0.00096316130590373 0.0017031590599753 0.0028148480355063 0.0044282510464088 0.0028810587957177 0.0022365711307051 0.0017974579311896 0.0015271088535088 0.0013066443703856 0.0011303574080187 0.0010019567834546 0.00090442849935384 0.00082966874716905 0.0007635057249649 0.00070399069029575 0.00066030113407777 0.00062173433032329 0.00058228788425939 0.00055060438355406 0.00052241965320566
0.0011303633142702 0.0012240072137283 0.0020993698200274 0.0028810587957177 0.0033682478301045 0.0025774821202534 0.0021234176196683 0.0018211885591088 0.0015944668017024 0.0014038439763702 0.0012595617643734 0.001143950641581 0.0010517728323271 0.00097226365089174 0.00090250326952107 0.00084383950221055 0.00078945334976734 0.00074396499335859 0.00070266103620499 0.0006655385689167
0.00070436209037662 0.00093793564434466 0.0016450973954909 0.0022365711307051 0.0025774821202534 0.002603727587577 0.0022220679957852 0.0019620944799002 0.0017488685727917 0.0015661325259988 0.0014188170811652 0.0012978185781699 0.0011970420498281 0.0011139003534593 0.001043007228218 0.00097579944540505 0.00091850478811679 0.00086619651740382 0.00082013956107972 0.00077828981663226
0.00059222867368548 0.00076606471481324 0.0013524049107053 0.0017974579311896 0.0021234176196683 0.0022220679957852 0.002171622204794 0.0019990897462604 0.0018324679891542 0.0016747081448198 0.0015415503811518 0.0014260562182637 0.0013256078350377 0.0012417776610789 0.0011676973753614 0.0010987268829446 0.0010378212324044 0.00098296315798589 0.00093372091250167 0.0008886693216059
0.00045843954064862 0.00063679582936281 0.001126386157033 0.0015271088535088 0.0018211885591088 0.0019620944799002 0.0019990897462604 0.0019662441195428 0.0018571312543805 0.0017329068260559 0.0016203864489747 0.0015183680010499 0.0014249726051164 0.0013451172179161 0.0012730110692982 0.0012040615955672 0.0011434570471535 0.0010868669154102 0.0010362032795539 0.00098948517812495
0.00039280512442961 0.00054504153373595 0.00097147201692315 0.0013066443703856 0.0015944668017024 0.0017488685727917 0.0018324679891542 0.0018571312543805 0.0018185205247887 0.0017328930995963 0.0016468487773391 0.0015629810786857 0.0014820507813682 0.0014109281707352 0.0013453890311826 0.0012800989873576 0.0012216886799042 0.0011675865141874 0.0011180264045642 0.0010718249399073
0.00034640622415005 0.00047047409923246 0.00083807966831155 0.0011303574080187 0.0014038439763702 0.0015661325259988 0.0016747081448198 0.0017329068260559 0.0017328930995963 0.001687539401268 0.0016277569604686 0.0015631216660412 0.0014958160490398 0.0014355018615585 0.0013779337909232 0.0013186479547064 0.0012641529512473 0.0012141056265514 0.0011670671105479 0.0011227476894397
0.00032452054229862 0.00042016638520068 0.00075551062327299 0.0010019567834546 0.0012595617643734 0.0014188170811652 0.0015415503811518 0.0016203864489747 0.0016468487773391 0.0016277569604686 0.0015931827778737 0.0015474128121404 0.0014944143173516 0.0014455885852193 0.0013971640710524 0.0013447340072467 0.0012959093514305 0.0012500689675409 0.0012064122646644 0.0011647696920061
0.00029890344236224 0.00037934239250581 0.00069084213665957 0.00090442849935384 0.001143950641581 0.0012978185781699 0.0014260562182637 0.0015183680010499 0.0015629810786857 0.0015631216660412 0.0015474128121404 0.001519155832112 0.0014798059436599 0.0014424215171164 0.0014032318731539 0.0013580498614294 0.0013152132870149 0.0012742139467939 0.0012344635738003 0.0011960466779921
0.00027417648935571 0.00034825620857012 0.00064045876986274 0.00082966874716905 0.0010517728323271 0.0011970420498281 0.0013256078350377 0.0014249726051164 0.0014820507813682 0.0014958160490398 0.0014944143173516 0.0014798059436599 0.0014546815686722 0.0014258721077255 0.0013955319048406 0.0013575963853676 0.0013210823579123 0.0012850775041656 0.0012496344965877 0.0012148760224708
0.00025283271908796 0.00031268047960447 0.00058942711051844 0.0007635057249649 0.00097226365089174 0.0011139003534593 0.0012417776610789 0.0013451172179161 0.0014109281707352 0.0014355018615585 0.0014455885852193 0.0014424215171164 0.0014258721077255 0.0014088250773151 0.0013868208181135 0.0013559810220185 0.0013256119550396 0.0012945453365256 0.0012633615946453 0.0012322243082608
0.00023215097222449 0.0002855903218476 0.00054841114708422 0.00070399069029575 0.00090250326952107 0.001043007228218 0.0011676973753614 0.0012730110692982 0.0013453890311826 0.0013779337909232 0.0013971640710524 0.0014032318731539 0.0013955319048406 0.0013868208181135 0.0013756046750129 0.0013479164205298 0.0013232841570174 0.0012969443084848 0.0012699129532218 0.0012423641546266
0.00020987349910801 0.00025544708359097 0.00050972336976685 0.00066030113407777 0.00084383950221055 0.00097579944540505 0.0010987268829446 0.0012040615955672 0.0012800989873576 0.0013186479547064 0.0013447340072467 0.0013580498614294 0.0013575963853676 0.0013559810220185 0.0013479164205298 0.0013296886148342 0.001310500397358 0.0012888723572497 0.0012660361670746 0.0012421860138299
0.00020232574738112 0.00022818546560176 0.00047341034849944 0.00062173433032329 0.00078945334976734 0.00091850478811679 0.0010378212324044 0.0011434570471535 0.0012216886799042 0.0012641529512473 0.0012959093514305 0.0013152132870149 0.0013210823579123 0.0013256119550396 0.0013232841570174 0.001310500397358 0.0013086441825916 0.0012788921873707 0.0012599251645985 0.0012395158540649
0.00017467478098419 0.00021188502252646 0.00044595896064441 0.00058228788425939 0.00074396499335859 0.00086619651740382 0.00098296315798589 0.0010868669154102 0.0011675865141874 0.0012141056265514 0.0012500689675409 0.0012742139467939 0.0012850775041656 0.0012945453365256 0.0012969443084848 0.0012888723572497 0.0012788921873707 0.0012655478263675 0.0012501794518111 0.0012330250491606
0.00016002166304435 0.00019438590868485 0.00041903441449369 0.00055060438355406 0.00070266103620499 0.00082013956107972 0.00093372091250167 0.0010362032795539 0.0011180264045642 0.0011670671105479 0.0012064122646644 0.0012344635738003 0.0012496344965877 0.0012633615946453 0.0012699129532218 0.0012660361670746 0.0012599251645985 0.0012501794518111 0.0012381270209695 0.001223993772393
0.00014877455477791 0.00018009847491414 0.00039529450960743 0.00052241965320566 0.0006655385689167 0.00077828981663226 0.0008886693216059 0.00098948517812495 0.0010718249399073 0.0011227476894397 0.0011647696920061 0.0011960466779921 0.0012148760224708 0.0012322243082608 0.0012423641546266 0.0012421860138299 0.0012395158540649 0.0012330250491606 0.001223993772393 0.0012126603477521
