0 3.0674661767181 -0.18579260047506 2.906966098967 -0.27624735803388 2.8194936672829 -0.36948669111301 2.7369788086634 -0.4216294168304 2.7182976802779
-3.0674661767181 0 3.089000443518 -0.022903948262893 3.1166541678171 -0.0042875150321337 3.1267160064274 -0.039371876490963 3.0686860127596 -0.10858462666472
0.18579260047506 -3.089000443518 0 -3.1283737959969 0.028829940314605 -3.0847925392547 0.077991848934843 -3.0493689689167 0.1045810051793 -3.0247273128657
-2.906966098967 0.022903948262893 3.1283737959969 0 -3.1291897426793 0.028710863168346 -3.1017722680771 0.048226809415074 -3.0827150597191 0.072880654042735
0.27624735803388 -3.1166541678171 -0.028829940314605 3.1291897426793 0 -3.1349995613404 0.011717480772551 -3.1265826260491 0.020151372229261 -3.1129341127402
-2.8194936672829 0.0042875150321337 3.0847925392547 -0.028710863168346 3.1349995613404 0 -3.1373196811147 0.0051623959176057 -3.134841394726 0.01091464834834
0.36948669111301 -3.1267160064274 -0.077991848934843 3.1017722680771 -0.011717480772551 3.1373196811147 0 -3.1408723202686 0.0015088740305629 -3.1370062797962
-2.7369788086634 0.039371876490963 3.0493689689167 -0.048226809415074 3.1265826260491 -0.0051623959176057 3.1408723202686 0 -3.141408189836 0.0023894581358974
0.4216294168304 -3.0686860127596 -0.1045810051793 3.0827150597191 -0.020151372229261 3.134841394726 -0.0015088740305629 3.141408189836 0 -3.1397225612077
-2.7182976802779 0.10858462666472 3.0247273128657 -0.072880654042735 3.1129341127402 -0.01091464834834 3.1370062797962 -0.0023894581358974 3.1397225612077 0
