0.015675478057238 -0.0020434556251194 0.0014172142088255 -0.001291204535545 0.00099502491790895 -0.00079466549453863 0.00067557375326253 -0.00059909461794221 0.00053761806302553 -0.00048423430845044
-0.0020434556251194 0.0078682501039877 -0.0031735669116413 0.0021483277765871 -0.0016542827425875 0.0013360679036177 -0.0011065550094076 0.00094799519475419 -0.00082767605997904 0.00072689418830731
0.0014172142088255 -0.0031735669116413 0.0046718479769122 -0.0031073559910707 0.0023847362442242 -0.0019400364130753 0.001636342134525 -0.0014217951669745 0.0012572900559797 -0.001128195892599
-0.001291204535545 0.0021483277765871 -0.0031073559910707 0.0034898327777216 -0.0028981424667033 0.0024617345031614 -0.0021329731315683 0.0018747576107034 -0.0016619268830282 0.0014915417885266
0.00099502491790895 -0.0016542827425875 0.0023847362442242 -0.0028981424667033 0.0028919200899704 -0.002622008330096 0.0023604591562537 -0.0021300301368432 0.0019251490979132 -0.0017516543577515
-0.00079466549453863 0.0013360679036177 -0.0019400364130753 0.0024617345031614 -0.002622008330096 0.0025604577934275 -0.0024023936282513 0.0022314417327861 -0.0020616187674955 0.0019070318874557
0.00067557375326253 -0.0011065550094076 0.001636342134525 -0.0021329731315683 0.0023604591562537 -0.0024023936282513 0.0023422610604336 -0.002234968546007 0.0021083236780072 -0.0019826519550452
-0.00059909461794221 0.00094799519475419 -0.0014217951669745 0.0018747576107034 -0.0021300301368432 0.0022314417327861 -0.002234968546007 0.0021845541011532 -0.0021002431769445 0.0020054360272203
0.00053761806302553 -0.00082767605997904 0.0012572900559797 -0.0016619268830282 0.0019251490979132 -0.0020616187674955 0.0021083236780072 -0.0021002431769445 0.0020526820201889 -0.0019869497530308
-0.00048423430845044 0.00072689418830731 -0.001128195892599 0.0014915417885266 -0.0017516543577515 0.0019070318874557 -0.0019826519550452 0.0020054360272203 -0.0019869497530308 0.0019488294192675
