0.016923010114029 -0.0031654662092217 0.0019044323951344 -0.0014382358737757 0.0011384053046125 -0.00092000468524696 0.00077651362545705 -0.00066564143002165 0.00057668250811397 -0.00050783491427621
-0.0031654662092217 0.0084838662494574 -0.0034978852619315 0.0023848036116806 -0.0018253916489345 0.0014846035400209 -0.0012483551091881 0.0010727807872278 -0.0009334354092223 0.00081991884686252
0.0019044323951344 -0.0034978852619315 0.0051806336145894 -0.0035287131127974 0.0027398673048623 -0.0022699187822503 0.0019333624169608 -0.0016749343301543 0.0014682155973469 -0.0013014285123072
-0.0014382358737757 0.0023848036116806 -0.0035287131127974 0.0037827944861196 -0.0031489187703758 0.0026925202011909 -0.0023373570106738 0.0020542746906971 -0.0018170259353212 0.0016216651663679
0.0011384053046125 -0.0018253916489345 0.0027398673048623 -0.0031489187703758 0.0030927029112531 -0.0027998167222862 0.0025220513505589 -0.0022760400848625 0.0020558902569178 -0.0018650532255053
-0.00092000468524696 0.0014846035400209 -0.0022699187822503 0.0026925202011909 -0.0027998167222862 0.0027079337438122 -0.0025329004826739 0.0023473094697744 -0.0021649428467223 0.0019972675498227
0.00077651362545705 -0.0012483551091881 0.0019333624169608 -0.0023373570106738 0.0025220513505589 -0.0025329004826739 0.0024551315951909 -0.0023323136610154 0.002193007544545 -0.0020550792788418
-0.00066564143002165 0.0010727807872278 -0.0016749343301543 0.0020542746906971 -0.0022760400848625 0.0023473094697744 -0.0023323136610154 0.0022643967484612 -0.0021666817409544 0.0020598852287904
0.00057668250811397 -0.0009334354092223 0.0014682155973469 -0.0018170259353212 0.0020558902569178 -0.0021649428467223 0.002193007544545 -0.0021666817409544 0.0021052746391526 -0.0020277397979317
-0.00050783491427621 0.00081991884686252 -0.0013014285123072 0.0016216651663679 -0.0018650532255053 0.0019972675498227 -0.0020550792788418 0.0020598852287904 -0.0020277397979317 0.0019758966929813
