0 3.1007057507288 0.02385952314441 -3.1405677700349 -0.005479637343125 3.1321110533303 -0.011814433154662 3.1278681789384 -0.015378156578874 3.1287074705348
-3.1007057507288 0 3.1408553437029 -0.012761898940686 3.1324684958498 -0.0060178530471341 3.136084729356 -0.0018743237948418 3.139630323991 0.0033770858061301
-0.02385952314441 -3.1408553437029 0 -3.1387123579831 0.0018009437901088 -3.1333363292619 0.011153497880958 -3.121148966773 0.027955443153009 -3.1058883844389
3.1405677700349 0.012761898940686 3.1387123579831 0 -3.1354396384873 0.0051568902843179 -3.1275839960975 0.02656817871855 -3.1036546080514 0.049710345479614
0.005479637343125 -3.1324684958498 -0.0018009437901088 3.1354396384873 0 3.1375410014289 -0.0033432248824635 -3.1412847885369 0.0046483725212464 -3.1318536421831
-3.1321110533303 0.0060178530471341 3.1333363292619 -0.0051568902843179 -3.1375410014289 0 -3.1413011606272 0.0023975677827885 -3.1358994130744 0.0093588828036355
0.011814433154662 -3.136084729356 -0.011153497880958 3.1275839960975 0.0033432248824635 3.1413011606272 0 -3.1394607894005 0.0053955557629777 -3.1330148768026
-3.1278681789384 0.0018743237948418 3.121148966773 -0.02656817871855 3.1412847885369 -0.0023975677827885 3.1394607894005 0 -3.1385570894985 0.0055742452307624
0.015378156578874 -3.139630323991 -0.027955443153009 3.1036546080514 -0.0046483725212464 3.1358994130744 -0.0053955557629777 3.1385570894985 0 -3.1394183385347
-3.1287074705348 -0.0033770858061301 3.1058883844389 -0.049710345479614 3.1318536421831 -0.0093588828036355 3.1330148768026 -0.0055742452307624 3.1394183385347 0
