3.1415926535898 -2.410943139061 1.8604881465691 -0.97696272494078 2.2525450434969 -1.1039915813939 1.9498326544336 -1.1515463984148 1.975437001425 -1.2638040566423
2.410943139061 3.1415926535898 0.013080349733317 2.6993376645023 -0.46730651270104 2.5667149067717 -0.62087903884036 2.507065949134 -0.60085486420302 2.519031218774
-1.8604881465691 -0.013080349733317 3.1415926535898 -0.11285256423646 3.0693186648836 -0.090019102968341 2.9676875082525 -0.21029416346253 2.9123554644146 -0.23517068680422
0.97696272494078 -2.6993376645023 0.11285256423646 3.1415926535898 -0.00032240110501545 -3.133213732991 0.0069085833874598 3.1407654706769 0.005357537637443 -3.1225094507842
-2.2525450434969 0.46730651270104 -3.0693186648836 0.00032240110501545 3.1415926535898 -0.0072674834380067 3.1266717094015 -0.031728137284154 3.097316990528 -0.056218471795127
1.1039915813939 -2.5667149067717 0.090019102968341 3.133213732991 0.0072674834380067 3.1415926535898 -0.011625244534615 3.1196127471159 -0.02725095358255 3.1083808104404
-1.9498326544336 0.62087903884036 -2.9676875082525 -0.0069085833874598 -3.1266717094015 0.011625244534615 3.1415926535898 -0.0056321277676309 3.1353193106921 -0.007230255450293
1.1515463984148 -2.507065949134 0.21029416346253 -3.1407654706769 0.031728137284154 -3.1196127471159 0.0056321277676309 3.1415926535898 0.00014537616307805 -3.1410413571005
-1.975437001425 0.60085486420302 -2.9123554644146 -0.005357537637443 -3.097316990528 0.02725095358255 -3.1353193106921 -0.00014537616307805 3.1415926535898 0.00064470675556588
1.2638040566423 -2.519031218774 0.23517068680422 3.1225094507842 0.056218471795127 -3.1083808104404 0.007230255450293 3.1410413571005 -0.00064470675556588 3.1415926535898
