0.00014060749367465 0.00018360575178803 0.00017472685955027 0.00014840090109805 0.00012313579005302 0.00010831982554506 9.9827071857224e-05 9.372348839974e-05 8.7733594971396e-05 8.3259802154682e-05
0.00018360575178803 0.00022110765177971 0.00022046307405688 0.00018758760594929 0.00015729939950253 0.00013263247650478 0.00012053560651254 0.00011357084675417 0.00010709830782324 0.00010234901758512
0.00017472685955027 0.00022046307405688 0.00021168105208152 0.00018323365550824 0.00015480887617315 0.00013130178959179 0.00011956788351665 0.00011172114032397 0.00010500909616149 9.9921872340789e-05
0.00014840090109805 0.00018758760594929 0.00018323365550824 0.00015730322769998 0.0001343509422637 0.00011217053487027 0.00010122217630922 9.3646948042183e-05 8.8247277937372e-05 8.4298812502612e-05
0.00012313579005302 0.00015729939950253 0.00015480887617315 0.0001343509422637 0.00010527216374862 9.0645072968772e-05 8.3868622298902e-05 7.7492664377803e-05 7.3110202104321e-05 6.9764490800017e-05
0.00010831982554506 0.00013263247650478 0.00013130178959179 0.00011217053487027 9.0645072968772e-05 7.8892246429838e-05 7.3173027747706e-05 6.8095328911443e-05 6.427666822247e-05 6.1334424946177e-05
9.9827071857224e-05 0.00012053560651254 0.00011956788351665 0.00010122217630922 8.3868622298902e-05 7.3173027747706e-05 6.7159717152347e-05 6.2678752291503e-05 5.9531069753161e-05 5.6996723696614e-05
9.372348839974e-05 0.00011357084675417 0.00011172114032397 9.3646948042183e-05 7.7492664377803e-05 6.8095328911443e-05 6.2678752291503e-05 5.8955024433199e-05 5.6209149072123e-05 5.3971061406083e-05
8.7733594971396e-05 0.00010709830782324 0.00010500909616149 8.8247277937372e-05 7.3110202104321e-05 6.427666822247e-05 5.9531069753161e-05 5.6209149072123e-05 5.3759011619287e-05 5.1715726081165e-05
8.3259802154682e-05 0.00010234901758512 9.9921872340789e-05 8.4298812502612e-05 6.9764490800017e-05 6.1334424946177e-05 5.6996723696614e-05 5.3971061406083e-05 5.1715726081165e-05 4.9791043449107e-05
