0.01047632963553 -0.0036088945983784 0.0031451715176893 -0.0023710711167982 0.0019619586232662 -0.0015905835491722 0.0014757819963266 -0.0013670130398991 0.0012680542410529 -0.0011941728757165
-0.0036088945983784 0.011844405524689 -0.0049396628543181 0.0032386327998576 -0.0025780563555802 0.002194998593132 -0.0018682115630994 0.0017053224850819 -0.0015232849178008 0.0013765369909033
0.0031451715176893 -0.0049396628543181 0.01045598913439 -0.0051074964786044 0.0038599700531 -0.0032500567499605 0.0027345428498599 -0.002433215380888 0.0022050695409054 -0.0020080014168441
-0.0023710711167982 0.0032386327998576 -0.0051074964786044 0.0081950185388029 -0.0052713223995323 0.0042134682623752 -0.0035248081746692 0.0030833538170679 -0.0027466613494626 0.0025024379750139
0.0019619586232662 -0.0025780563555802 0.0038599700531 -0.0052713223995323 0.0062304366917094 -0.0048203461249578 0.0040509213323413 -0.003554894859514 0.0031711568076528 -0.0028924904276826
-0.0015905835491722 0.002194998593132 -0.0032500567499605 0.0042134682623752 -0.0048203461249578 0.0051745460697655 -0.0045404883238595 0.0040431939724454 -0.0036240863853275 0.0032886743517512
0.0014757819963266 -0.0018682115630994 0.0027345428498599 -0.0035248081746692 0.0040509213323413 -0.0045404883238595 0.00452094830868 -0.0042271244281819 0.0038946081970709 -0.0035949113884798
-0.0013670130398991 0.0017053224850819 -0.002433215380888 0.0030833538170679 -0.003554894859514 0.0040431939724454 -0.0042271244281819 0.0041980427430363 -0.004002850867602 0.0037783680000266
0.0012680542410529 -0.0015232849178008 0.0022050695409054 -0.0027466613494626 0.0031711568076528 -0.0036240863853275 0.0038946081970709 -0.004002850867602 0.0039419793193173 -0.0038081416305189
-0.0011941728757165 0.0013765369909033 -0.0020080014168441 0.0025024379750139 -0.0028924904276826 0.0032886743517512 -0.0035949113884798 0.0037783680000266 -0.0038081416305189 0.0037518502492534
