0.018126473206858 -0.0032429301996098 0.0019455725139805 -0.0013749727549439 0.0010601965894469 -0.00086400496564227 0.00068219878779128 -0.00054531634545806 0.0004371945216341 -0.00034782708601795
-0.0032429301996098 0.0089038662552425 -0.0037465145000864 0.0026034822488788 -0.0019539786816532 0.0015247681185596 -0.0012332021080846 0.0010148528938869 -0.00085075030497421 0.00072621559825637
0.0019455725139805 -0.0037465145000864 0.0052773800722741 -0.003653506387426 0.0028532213135466 -0.0022725939702591 0.0018701323657997 -0.0015674611583922 0.0013337511802683 -0.0011496733033553
-0.0013749727549439 0.0026034822488788 -0.003653506387426 0.0039109189421095 -0.003316877873544 0.0028121114059604 -0.002410327918549 0.0020943591037256 -0.0018390977194583 0.0016336677811812
0.0010601965894469 -0.0019539786816532 0.0028532213135466 -0.003316877873544 0.0032541590202811 -0.002943458165084 0.0026341474004605 -0.0023630613338324 0.0021281440330427 -0.0019300140718176
-0.00086400496564227 0.0015247681185596 -0.0022725939702591 0.0028121114059604 -0.002943458165084 0.0028575739837357 -0.0026683915090801 0.0024693429053161 -0.0022773198263427 0.0021042150071048
0.00068219878779128 -0.0012332021080846 0.0018701323657997 -0.002410327918549 0.0026341474004605 -0.0026683915090801 0.0025848658341046 -0.002456836617827 0.0023135907297387 -0.0021731266940462
-0.00054531634545806 0.0010148528938869 -0.0015674611583922 0.0020943591037256 -0.0023630613338324 0.0024693429053161 -0.002456836617827 0.0023892009502181 -0.002291731421478 0.0021846051077088
0.0004371945216341 -0.00085075030497421 0.0013337511802683 -0.0018390977194583 0.0021281440330427 -0.0022773198263427 0.0023135907297387 -0.002291731421478 0.0022336449803077 -0.0021575750463902
-0.00034782708601795 0.00072621559825637 -0.0011496733033553 0.0016336677811812 -0.0019300140718176 0.0021042150071048 -0.0021731266940462 0.0021846051077088 -0.0021575750463902 0.0021098364694683
