0.00056529013549539 0.00069755702741713 0.00076038720972515 0.00059967524219631 0.00049252592089814 0.00041687062839041 0.00038972315175788 0.00037700339841885 0.0003666829985619 0.00036047081506552
0.00069755702741713 0.0010812966413444 0.0011641743328542 0.00086404803579551 0.00073796431982121 0.00057291772076275 0.00053190385876712 0.00051506130273354 0.00049025225842931 0.0004706955570245
0.00076038720972515 0.0011641743328542 0.00097389996814589 0.00080558802382939 0.00072692102161439 0.00055670852947333 0.00052165958044563 0.00048608294264496 0.00045172608979543 0.00042434135811398
0.00059967524219631 0.00086404803579551 0.00080558802382939 0.00072340718228502 0.00060683655285796 0.00050726481555994 0.0004614619568584 0.00043538358764629 0.00041121968755962 0.00039126783244093
0.00049252592089814 0.00073796431982121 0.00072692102161439 0.00060683655285796 0.00056570984777902 0.00045395042119407 0.00041918930078735 0.0003974313048547 0.00038105686546657 0.00036789963157518
0.00041687062839041 0.00057291772076275 0.00055670852947333 0.00050726481555994 0.00045395042119407 0.00041400089537115 0.00039304639195497 0.00037881068430741 0.0003616506852238 0.00034878300729054
0.00038972315175788 0.00053190385876712 0.00052165958044563 0.0004614619568584 0.00041918930078735 0.00039304639195497 0.00037166359376197 0.00035759966862512 0.0003414571056484 0.00032937574000402
0.00037700339841885 0.00051506130273354 0.00048608294264496 0.00043538358764629 0.0003974313048547 0.00037881068430741 0.00035759966862512 0.00034464959836317 0.00033025890196894 0.00032012917279418
0.0003666829985619 0.00049025225842931 0.00045172608979543 0.00041121968755962 0.00038105686546657 0.0003616506852238 0.0003414571056484 0.00033025890196894 0.00031864364087667 0.00031051196972799
0.00036047081506552 0.0004706955570245 0.00042434135811398 0.00039126783244093 0.00036789963157518 0.00034878300729054 0.00032937574000402 0.00032012917279418 0.00031051196972799 0.00030370136290556
