-0.0044145407787786 -0.00085901569709101 -4.4946298895561e-05 5.4736805623333e-05 -0.000185702785832 -9.344886107001e-05 0.00019173738187767 -0.00014380344413947 0.0001084164319481 -0.00011212905203753
-0.00085901569709101 -0.0076111341799286 0.0010683522008188 -0.00043529149239266 -0.00015216809731865 0.00023746503370176 -0.00017442754050609 0.00014358960579773 -0.00018360408830063 0.0001849388968489
-4.4946298895561e-05 0.0010683522008188 -0.0067336525604052 0.0017759472606959 -0.0013996844439548 0.001068295136766 -0.0010122875124715 0.00075779571330993 -0.00065501115414402 0.00058016236685681
5.4736805623333e-05 -0.00043529149239266 0.0017759472606959 -0.005501062787262 0.0022505332465179 -0.0012415195514669 0.00094082826234409 -0.00079302185478535 0.00063471094714545 -0.00056200398304411
-0.000185702785832 -0.00015216809731865 -0.0013996844439548 0.0022505332465179 -0.0032311456628591 0.0019822447057404 -0.0015323594181356 0.0012129335005157 -0.0010495435441312 0.00089831883527106
-9.344886107001e-05 0.00023746503370176 0.001068295136766 -0.0012415195514669 0.0019822447057404 -0.0022514403849731 0.0018654144490911 -0.0015022381586676 0.0012668581674889 -0.0011082425847199
0.00019173738187767 -0.00017442754050609 -0.0010122875124715 0.00094082826234409 -0.0015323594181356 0.0018654144490911 -0.0019772620940783 0.0016893901270095 -0.0014672996584196 0.0012931876311734
-0.00014380344413947 0.00014358960579773 0.00075779571330993 -0.00079302185478535 0.0012129335005157 -0.0015022381586676 0.0016893901270095 -0.0015964164946193 0.0014445876069475 -0.0012990644943772
0.0001084164319481 -0.00018360408830063 -0.00065501115414402 0.00063471094714545 -0.0010495435441312 0.0012668581674889 -0.0014672996584196 0.0014445876069475 -0.0013826723139543 0.001281862058352
-0.00011212905203753 0.0001849388968489 0.00058016236685681 -0.00056200398304411 0.00089831883527106 -0.0011082425847199 0.0012931876311734 -0.0012990644943772 0.001281862058352 -0.0012294232962194
