3.1415926535898 -0.17185556880434 2.9531964676751 -0.25246985134069 2.9389906128385 -0.1473506225592 2.6250348563079 0.23874016023016 -3.0123114123723 0.26357616912981
0.17185556880434 3.1415926535898 -0.052552224442811 -2.8710755742735 0.18812979100971 -3.0788471344869 -0.02355854741766 3.1217690687523 -0.0070714319611985 -3.1141113965155
-2.9531964676751 0.052552224442811 3.1415926535898 -0.059049474194115 3.0161205484111 0.051687361550735 -3.1051879602785 -0.05659000370655 3.0405977299503 -0.17426958489103
0.25246985134069 2.8710755742735 0.059049474194115 3.1415926535898 0.078435586794456 -3.098418723048 0.13606447883658 -3.0279474104063 0.096171105157463 -3.0801739983859
-2.9389906128385 -0.18812979100971 -3.0161205484111 -0.078435586794456 3.1415926535898 0.00094129466325153 -3.0927080986796 0.073586805866632 -3.0580345084766 0.086309815911903
0.1473506225592 3.0788471344869 -0.051687361550735 3.098418723048 -0.00094129466325153 3.1415926535898 0.040123805924864 -3.0912757381828 0.057569042061458 -3.0796846286796
-2.6250348563079 0.02355854741766 3.1051879602785 -0.13606447883658 3.0927080986796 -0.040123805924864 3.1415926535898 0.0033496614427673 3.141075405651 0.0064775352413229
-0.23874016023016 -3.1217690687523 0.05659000370655 3.0279474104063 -0.073586805866632 3.0912757381828 -0.0033496614427673 3.1415926535898 -0.0015325826321293 -3.1389039051035
3.0123114123723 0.0070714319611985 -3.0405977299503 -0.096171105157463 3.0580345084766 -0.057569042061458 -3.141075405651 0.0015325826321293 3.1415926535898 0.0039555083755216
-0.26357616912981 3.1141113965155 0.17426958489103 3.0801739983859 -0.086309815911903 3.0796846286796 -0.0064775352413229 3.1389039051035 -0.0039555083755216 3.1415926535898
