0.015650889320366 0.003571844826593 0.0026197915259086 0.0018461281694928 0.0013968102721481 0.0011905704887704 0.0011368359552392 0.0011092280811448 0.0010815677587124 0.001058667389421
0.003571844826593 0.0048523594168066 0.0027813992832986 0.0019264111238326 0.0015016881378962 0.0012689489038239 0.0011259617751076 0.0010070224021005 0.00091130473736763 0.00082764388568917
0.0026197915259086 0.0027813992832986 0.0033566008352379 0.0023916197763477 0.0019123288860383 0.0016313354966988 0.0014358871748495 0.001293047710908 0.0011820501338083 0.0010904456867245
0.0018461281694928 0.0019264111238326 0.0023916197763477 0.0023486786115301 0.0019979891912537 0.0017831270371004 0.0016191618465838 0.0014869189371843 0.0013855679401613 0.0012967829891606
0.0013968102721481 0.0015016881378962 0.0019123288860383 0.0019979891912537 0.0019232426340288 0.001797609975379 0.0016810660445819 0.0015711939087791 0.0014820024636876 0.0013980977543235
0.0011905704887704 0.0012689489038239 0.0016313354966988 0.0017831270371004 0.001797609975379 0.0017833791439494 0.0017175222935599 0.0016399775501648 0.001573087245629 0.0015039427293502
0.0011368359552392 0.0011259617751076 0.0014358871748495 0.0016191618465838 0.0016810660445819 0.0017175222935599 0.0017083973848123 0.0016667813512204 0.0016254173053607 0.0015747456371602
0.0011092280811448 0.0010070224021005 0.001293047710908 0.0014869189371843 0.0015711939087791 0.0016399775501648 0.0016667813512204 0.0016602708073187 0.0016435241548753 0.0016113748705275
0.0010815677587124 0.00091130473736763 0.0011820501338083 0.0013855679401613 0.0014820024636876 0.001573087245629 0.0016254173053607 0.0016435241548753 0.001648917355635 0.0016340795780655
0.001058667389421 0.00082764388568917 0.0010904456867245 0.0012967829891606 0.0013980977543235 0.0015039427293502 0.0015747456371602 0.0016113748705275 0.0016340795780655 0.0016349209141552
