0.024231044897124 0.0055456073063577 0.0031627943119128 0.0023642307987688 0.0019873990093909 0.0016737214441515 0.0014136273015316 0.0012335870519235 0.0010983302387218 0.00099151481050168 0.00090310186563386 0.00081628692540523 0.00074364338593478 0.00068011179656423 0.00062183513130555 0.0005691847468914 0.00052111667202086 0.00047444920535334 0.00043339358849038 0.00039554622094017
0.0055456073063577 0.0090196511643476 0.0050075393452755 0.0035999210591245 0.0027654841776177 0.0022062784820435 0.0018037960056309 0.0015138417745482 0.001301548650529 0.0011285993631495 0.00099833738454276 0.00089230498602832 0.00080444895440278 0.00073180351000444 0.00066935933731284 0.00061645965739257 0.00057053967085068 0.00052949622912791 0.00049327674294216 0.00046260609443937
0.0031627943119128 0.0050075393452755 0.0058208224274023 0.0045153019854074 0.003651310402966 0.0030219556693609 0.0025403949832058 0.0021740587923386 0.0018925261853882 0.0016646836681176 0.0014861157062748 0.0013390206640978 0.001215298989575 0.001111831996569 0.0010207735583693 0.00094308068133572 0.00087485656781774 0.00081276861950817 0.00076151381443194 0.00071438531910214
0.0023642307987688 0.0035999210591245 0.0045153019854074 0.0045221904023487 0.0039762596041533 0.0034651746144899 0.0030265011586331 0.0026663913815256 0.0023755267180041 0.0021339771739766 0.0019316566775377 0.0017636495812339 0.0016186009908697 0.001494559468383 0.0013844288238238 0.0012888124681654 0.0012035231819824 0.0011264398021489 0.001060323440948 0.00099946788584515
0.0019873990093909 0.0027654841776177 0.003651310402966 0.0039762596041533 0.0038927258566066 0.0035973395123198 0.0032742123546511 0.0029750887155701 0.0027140817082399 0.0024866801511482 0.0022857782842579 0.0021126938244692 0.0019599332857142 0.0018256093122736 0.0017050712129808 0.0015983263185787 0.0015021400000595 0.0014138940127121 0.0013373656280877 0.0012664031020504
0.0016737214441515 0.0022062784820435 0.0030219556693609 0.0034651746144899 0.0035973395123198 0.0035204706483484 0.00332769524632 0.0031095542138828 0.0028988933877623 0.0027021449161678 0.0025195999916793 0.0023558973428108 0.0022070677715094 0.0020726988606775 0.0019503306968551 0.0018398434384969 0.0017390886219921 0.001645419430143 0.0015632408159179 0.0014865078860347
0.0014136273015316 0.0018037960056309 0.0025403949832058 0.0030265011586331 0.0032742123546511 0.00332769524632 0.0032581011092783 0.0031269287255614 0.0029767959198314 0.0028220943962468 0.0026685983643268 0.0025241745783908 0.0023881447049624 0.0022617440258855 0.0021442366444063 0.0020359786443174 0.0019358092156231 0.0018412182389977 0.0017573515512158 0.0016782511555728
0.0012335870519235 0.0015138417745482 0.0021740587923386 0.0026663913815256 0.0029750887155701 0.0031095542138828 0.0031269287255614 0.0030731498763127 0.0029824695071134 0.0028722488864765 0.0027514491145108 0.0026310599306214 0.0025124212176911 0.0023984281434259 0.0022899487219795 0.0021877731603488 0.0020916697328943 0.0019994580912356 0.0019167117645103 0.0018378149437263
0.0010983302387218 0.001301548650529 0.0018925261853882 0.0023755267180041 0.0027140817082399 0.0028988933877623 0.0029767959198314 0.0029824695071134 0.0029438167523621 0.0028754835275899 0.0027874281586135 0.0026926174547046 0.0025934601114359 0.0024943097999427 0.0023973298947185 0.0023037318117336 0.0022140814003048 0.0021265366749609 0.0020470707817119 0.0019703468653614
0.00099151481050168 0.0011285993631495 0.0016646836681176 0.0021339771739766 0.0024866801511482 0.0027021449161678 0.0028220943962468 0.0028722488864765 0.0028754835275899 0.0028471219335278 0.0027863980938193 0.0027165990664669 0.0026374781642497 0.0025543231015565 0.0024702420020556 0.002386830519616 0.0023052735678239 0.0022240329230709 0.0021495283184497 0.0020765010330245
0.00090310186563386 0.00099833738454276 0.0014861157062748 0.0019316566775377 0.0022857782842579 0.0025195999916793 0.0026685983643268 0.0027514491145108 0.0027874281586135 0.0027863980938193 0.0027572988791536 0.0027092966451816 0.0026496270659258 0.0025826942943696 0.0025121034105883 0.0024398120038649 0.0023674302718871 0.0022936975344516 0.0022253900199496 0.0021572935687161
0.00081628692540523 0.00089230498602832 0.0013390206640978 0.0017636495812339 0.0021126938244692 0.0023558973428108 0.0025241745783908 0.0026310599306214 0.0026926174547046 0.0027165990664669 0.0027092966451816 0.0026835806320935 0.0026418833522918 0.0025905621668908 0.002533272069498 0.0024722801442918 0.0024094524399578 0.0023437831473097 0.0022822803523142 0.0022197865674126
0.00074364338593478 0.00080444895440278 0.001215298989575 0.0016186009908697 0.0019599332857142 0.0022070677715094 0.0023881447049624 0.0025124212176911 0.0025934601114359 0.0026374781642497 0.0026496270659258 0.0026418833522918 0.0026166491772901 0.0025798959453237 0.0025353275903148 0.0024854328520199 0.0024321987132809 0.0023748381740789 0.0023204917673475 0.0022640445049786
0.00068011179656423 0.00073180351000444 0.001111831996569 0.001494559468383 0.0018256093122736 0.0020726988606775 0.0022617440258855 0.0023984281434259 0.0024943097999427 0.0025543231015565 0.0025826942943696 0.0025905621668908 0.0025798959453237 0.0025569188597188 0.0025238771557831 0.0024846295345177 0.0024407682641616 0.0023916904546639 0.0023445938431728 0.0022943860320579
0.00062183513130555 0.00066935933731284 0.0010207735583693 0.0013844288238238 0.0017050712129808 0.0019503306968551 0.0021442366444063 0.0022899487219795 0.0023973298947185 0.0024702420020556 0.0025121034105883 0.002533272069498 0.0025353275903148 0.0025238771557831 0.0025021329259693 0.0024727795465678 0.0024377788848299 0.002396675627546 0.0023566668405647 0.0023126601582741
0.0005691847468914 0.00061645965739257 0.00094308068133572 0.0012888124681654 0.0015983263185787 0.0018398434384969 0.0020359786443174 0.0021877731603488 0.0023037318117336 0.002386830519616 0.0024398120038649 0.0024722801442918 0.0024854328520199 0.0024846295345177 0.0024727795465678 0.0024525862268484 0.0024259087301472 0.0023924142886934 0.00235925578521 0.0023213240057699
0.00052111667202086 0.00057053967085068 0.00087485656781774 0.0012035231819824 0.0015021400000595 0.0017390886219921 0.0019358092156231 0.0020916697328943 0.0022140814003048 0.0023052735678239 0.0023674302718871 0.0024094524399578 0.0024321987132809 0.0024407682641616 0.0024377788848299 0.0024259087301472 0.002407062961706 0.0023805075687132 0.00235382449356 0.0023217026094747
0.00047444920535334 0.00052949622912791 0.00081276861950817 0.0011264398021489 0.0014138940127121 0.001645419430143 0.0018412182389977 0.0019994580912356 0.0021265366749609 0.0022240329230709 0.0022936975344516 0.0023437831473097 0.0023748381740789 0.0023916904546639 0.002396675627546 0.0023924142886934 0.0023805075687132 0.0023612094344024 0.0023402869678946 0.0023137713538987
0.00043339358849038 0.00049327674294216 0.00076151381443194 0.001060323440948 0.0013373656280877 0.0015632408159179 0.0017573515512158 0.0019167117645103 0.0020470707817119 0.0021495283184497 0.0022253900199496 0.0022822803523142 0.0023204917673475 0.0023445938431728 0.0023566668405647 0.00235925578521 0.00235382449356 0.0023402869678946 0.002325732700925 0.0023042821925192
0.00039554622094017 0.00046260609443937 0.00071438531910214 0.00099946788584515 0.0012664031020504 0.0014865078860347 0.0016782511555728 0.0018378149437263 0.0019703468653614 0.0020765010330245 0.0021572935687161 0.0022197865674126 0.0022640445049786 0.0022943860320579 0.0023126601582741 0.0023213240057699 0.0023217026094747 0.0023137713538987 0.0023042821925192 0.0022879470086505
