3.1415926535898 0.64058803680914 2.5885065140963 -0.034857830212038 -2.9985366224837 0.078961208859473 -2.9327480233858 0.53104127777966 -2.1632448103294 1.4254557319858
-0.64058803680914 3.1415926535898 0.00090347330576964 2.9405549073095 -0.36223982873585 2.7885836743585 -0.37336035383976 2.7061802922744 -0.58748472055485 2.3656656371608
-2.5885065140963 -0.00090347330576964 3.1415926535898 -0.015095018442052 -3.1402232399429 0.0052360976576778 -3.1270539024857 0.019462600609854 -3.1141995403276 0.032811234411473
0.034857830212038 -2.9405549073095 0.015095018442052 3.1415926535898 -0.01098137497689 3.117691793436 -0.016183462995767 3.1312574148834 0.00059576213612791 -3.1319483478835
2.9985366224837 0.36223982873585 3.1402232399429 0.01098137497689 3.1415926535898 0.00066014250112577 -3.1336245223954 0.01759540605387 -3.1139761716713 0.035258138904946
-0.078961208859473 -2.7885836743585 -0.0052360976576778 -3.117691793436 -0.00066014250112577 3.1415926535898 0.0062855858187773 -3.1292461160939 0.018538596412167 -3.1196662519444
2.9327480233858 0.37336035383976 3.1270539024857 0.016183462995767 3.1336245223954 -0.0062855858187773 3.1415926535898 0.00392656188664 -3.1339395648736 0.0092663104512677
-0.53104127777966 -2.7061802922744 -0.019462600609854 -3.1312574148834 -0.01759540605387 3.1292461160939 -0.00392656188664 3.1415926535898 0.002931038944136 -3.1378334607542
2.1632448103294 0.58748472055485 3.1141995403276 -0.00059576213612791 3.1139761716713 -0.018538596412167 3.1339395648736 -0.002931038944136 3.1415926535898 0.00076713532485283
-1.4254557319858 -2.3656656371608 -0.032811234411473 3.1319483478835 -0.035258138904946 3.1196662519444 -0.0092663104512677 3.1378334607542 -0.00076713532485283 3.1415926535898
