0 -3.0858491029606 -1.6854755518568 -1.4947386723667 1.4099120966432 3.0625930099524 -1.0074371754621 1.5123477370087 2.8294510221926 -1.0763528846074
3.0858491029606 0 3.0570388164354 -0.17921977159662 2.9281674568894 -0.29579254688115 2.8081344964441 -0.38722372758303 2.7238185505637 -0.43967760168605
1.6854755518568 -3.0570388164354 0 3.1112423760161 0.015185719433594 3.0364703306126 -0.088172117423792 3.0449717662458 -0.080241879163507 3.0681877833524
1.4947386723667 0.17921977159662 -3.1112423760161 0 -3.1009222057208 0.013663136004417 -3.1249269406507 0.03812759203119 -3.1077723407503 0.027156819039108
-1.4099120966432 -2.9281674568894 -0.015185719433594 3.1009222057208 0 3.1301844608995 -0.02298320265126 3.1244650688403 -0.03059234509749 3.1023804624583
-3.0625930099524 0.29579254688115 -3.0364703306126 -0.013663136004417 -3.1301844608995 0 3.1262005569287 -0.00800410584667 3.127072748611 -0.018083300493809
1.0074371754621 -2.8081344964441 0.088172117423792 3.1249269406507 0.02298320265126 -3.1262005569287 0 -3.1415063062532 -0.011049673742032 3.1217000835037
-1.5123477370087 0.38722372758303 -3.0449717662458 -0.03812759203119 -3.1244650688403 0.00800410584667 3.1415063062532 0 3.1286939248509 -0.022351166084308
-2.8294510221926 -2.7238185505637 0.080241879163507 3.1077723407503 0.03059234509749 -3.127072748611 0.011049673742032 -3.1286939248509 0 3.1341385158156
1.0763528846074 0.43967760168605 -3.0681877833524 -0.027156819039108 -3.1023804624583 0.018083300493809 -3.1217000835037 0.022351166084308 -3.1341385158156 0
