0.013525081476922 -0.0018029731156364 0.0011256309702051 -0.00079220736758187 0.00058305702849302 -0.00045694674801059 0.00039180939141137 -0.00034365983262048 0.00031023236727831 -0.00028360384457154
-0.0018029731156364 0.0074706867435547 -0.002741763781751 0.0015979126900171 -0.0011386124890319 0.00087595995865518 -0.00072170851101832 0.0006236534648514 -0.0005446249009467 0.00048667614379085
0.0011256309702051 -0.002741763781751 0.0049396639144773 -0.0028029425619238 0.002036141385622 -0.0016085149606993 0.0013119445528851 -0.0011294503703707 0.00098581924253857 -0.00087302534127833
-0.00079220736758187 0.0015979126900171 -0.0028029425619238 0.0031182146752663 -0.0024458438926426 0.0019970846408756 -0.0016661593491199 0.0014364638044899 -0.0012598614765624 0.0011197760732741
0.00058305702849302 -0.0011386124890319 0.002036141385622 -0.0024458438926426 0.0024726215813333 -0.0021621067493438 0.001888237065964 -0.0016794284083849 0.001507429177219 -0.0013646915798937
-0.00045694674801059 0.00087595995865518 -0.0016085149606993 0.0019970846408756 -0.0021621067493438 0.0020722320678032 -0.0018964559156599 0.001738031058142 -0.0015959761149649 0.0014702653090782
0.00039180939141137 -0.00072170851101832 0.0013119445528851 -0.0016661593491199 0.001888237065964 -0.0018964559156599 0.0018270220244217 -0.0017276816491387 0.0016237334453416 -0.0015232786238086
-0.00034365983262048 0.0006236534648514 -0.0011294503703707 0.0014364638044899 -0.0016794284083849 0.001738031058142 -0.0017276816491387 0.0016798992108443 -0.0016117261328284 0.0015366077078162
0.00031023236727831 -0.0005446249009467 0.00098581924253857 -0.0012598614765624 0.001507429177219 -0.0015959761149649 0.0016237334453416 -0.0016117261328284 0.0015744224733604 -0.0015228776723081
-0.00028360384457154 0.00048667614379085 -0.00087302534127833 0.0011197760732741 -0.0013646915798937 0.0014702653090782 -0.0015232786238086 0.0015366077078162 -0.0015228776723081 0.0014918090820741
