0.025142545028867 0.008092481825345 0.0046574882745558 0.0037201815952935 0.0029992918150625 0.0024706995163598 0.0019658385974779 0.0015738927552192 0.0012792600215194 0.0010388699113306
0.008092481825345 0.011218787366652 0.0058815575441347 0.0044334793117387 0.0036689674358259 0.0031683922026624 0.0027171858851122 0.0023149383829523 0.0019741601965975 0.0016957145947121
0.0046574882745558 0.0058815575441347 0.0074545034432051 0.0057412603112458 0.0045699255302042 0.0039046894931495 0.0033310975506511 0.0028623589755511 0.0024700751217668 0.0021450820229542
0.0037201815952935 0.0044334793117387 0.0057412603112458 0.0058930038775414 0.0050299051199965 0.0043554847740195 0.0037760764337359 0.003304382103069 0.0029154230072465 0.0025803697742219
0.0029992918150625 0.0036689674358259 0.0045699255302042 0.0050299051199965 0.0047760177906849 0.0043441516043576 0.0038765930764375 0.0034689854762524 0.0031183413450657 0.0028059794956229
0.0024706995163598 0.0031683922026624 0.0039046894931495 0.0043554847740195 0.0043441516043576 0.00419672701494 0.0038843429461606 0.0035609559687338 0.0032620389119333 0.0029835586401337
0.0019658385974779 0.0027171858851122 0.0033310975506511 0.0037760764337359 0.0038765930764375 0.0038843429461606 0.0037228908674393 0.0035055353688601 0.0032785395549375 0.003052221888322
0.0015738927552192 0.0023149383829523 0.0028623589755511 0.003304382103069 0.0034689854762524 0.0035609559687338 0.0035055353688601 0.0033887189996995 0.0032368349105257 0.0030661575875513
0.0012792600215194 0.0019741601965975 0.0024700751217668 0.0029154230072465 0.0031183413450657 0.0032620389119333 0.0032785395549375 0.0032368349105257 0.0031490579358115 0.0030287446920224
0.0010388699113306 0.0016957145947121 0.0021450820229542 0.0025803697742219 0.0028059794956229 0.0029835586401337 0.003052221888322 0.0030661575875513 0.0030287446920224 0.0029517875734329
