0.00062603182209539 0.00044628704667373 0.00035409348451483 0.00030748796084916 0.00027816513646145 0.00026453853299026 0.00025373104360775 0.00024524000420354 0.00023792623501917 0.00023150781899151
0.00044628704667373 0.00029333228069527 0.00024189106079552 0.00021069143764502 0.00018943643133812 0.00017694627565568 0.00016723565852378 0.00015969817046323 0.00015363970587742 0.00014873662871836
0.00035409348451483 0.00024189106079552 0.00018878432048224 0.00016563987094435 0.00015078319514395 0.00014194409571367 0.00013528111223747 0.00012999589782428 0.00012565260535614 0.00012214518820833
0.00030748796084916 0.00021069143764502 0.00016563987094435 0.0001453803266011 0.00013539064738214 0.0001287808451556 0.00012326142877239 0.0001185549345306 0.00011462583765259 0.00011143279798385
0.00027816513646145 0.00018943643133812 0.00015078319514395 0.00013539064738214 0.0001269906030625 0.0001215491989578 0.00011682936325462 0.00011274860799061 0.00010925518509577 0.00010633801487518
0.00026453853299026 0.00017694627565568 0.00014194409571367 0.0001287808451556 0.0001215491989578 0.0001168187244363 0.00011278656657141 0.00010934245776678 0.00010630902721806 0.00010369972360642
0.00025373104360775 0.00016723565852378 0.00013528111223747 0.00012326142877239 0.00011682936325462 0.00011278656657141 0.00010943697568876 0.0001066177359228 0.00010404260763704 0.00010174711183553
0.00024524000420354 0.00015969817046323 0.00012999589782428 0.0001185549345306 0.00011274860799061 0.00010934245776678 0.0001066177359228 0.00010434328359013 0.0001021583081453 0.00010013035154751
0.00023792623501917 0.00015363970587742 0.00012565260535614 0.00011462583765259 0.00010925518509577 0.00010630902721806 0.00010404260763704 0.0001021583081453 0.00010025733684293 9.8433852640099e-05
0.00023150781899151 0.00014873662871836 0.00012214518820833 0.00011143279798385 0.00010633801487518 0.00010369972360642 0.00010174711183553 0.00010013035154751 9.8433852640099e-05 9.6745053036423e-05
