0.016561341002171 -0.0048292086218989 0.0037596449532432 -0.0028251192666158 0.0025162587551894 -0.0022908079876132 0.002020131569751 -0.0017795547953117 0.0015750757488546 -0.0014008747608793
-0.0048292086218989 0.010959178762034 -0.003568631600495 0.0027899355670617 -0.0020645405498491 0.0017888854268067 -0.0015025840698542 0.0012740294891782 -0.0010977554769783 0.00096927431081342
0.0037596449532432 -0.003568631600495 0.0077948734107303 -0.0038373005638239 0.002746533044508 -0.0022099660107075 0.0017753997713209 -0.001470655632439 0.0012366911502551 -0.0010635975032442
-0.0028251192666158 0.0027899355670617 -0.0038373005638239 0.0055083913180795 -0.0037340689926764 0.0029113190464087 -0.0023370772723309 0.0019465767335331 -0.0016605943744202 0.0014410802322353
0.0025162587551894 -0.0020645405498491 0.002746533044508 -0.0037340689926764 0.004022569479106 -0.0032662804045275 0.0027109324632815 -0.0023085796727097 0.0019978133817451 -0.0017574520749458
-0.0022908079876132 0.0017888854268067 -0.0022099660107075 0.0029113190464087 -0.0032662804045275 0.0031980736109814 -0.0028065344704062 0.0024715306901514 -0.0021851316744886 0.0019535639762624
0.002020131569751 -0.0015025840698542 0.0017753997713209 -0.0023370772723309 0.0027109324632815 -0.0028065344704062 0.0026654286333522 -0.0024420102425018 0.0022198146562445 -0.0020242579936823
-0.0017795547953117 0.0012740294891782 -0.001470655632439 0.0019465767335331 -0.0023085796727097 0.0024715306901514 -0.0024420102425018 0.0023368870491921 -0.0021856684392951 0.0020359738491743
0.0015750757488546 -0.0010977554769783 0.0012366911502551 -0.0016605943744202 0.0019978133817451 -0.0021851316744886 0.0022198146562445 -0.0021856684392951 0.0020995883212563 -0.0019951974512893
-0.0014008747608793 0.00096927431081342 -0.0010635975032442 0.0014410802322353 -0.0017574520749458 0.0019535639762624 -0.0020242579936823 0.0020359738491743 -0.0019951974512893 0.0019297106716408
