0.015675465667104 -0.0020434610180918 0.0014171977137982 -0.0012911134001821 0.0009950172944328 -0.00079465855547517 0.00067567688514591 -0.00059908704323303 0.00054008930461519 -0.00048752133677263
-0.0020434610180918 0.0078682329303791 -0.0031735484908969 0.0021483466425972 -0.0016542790033111 0.0013360653574085 -0.0011066240515641 0.00094799556389213 -0.00082773937795028 0.00073334957885009
0.0014171977137982 -0.0031735484908969 0.0046718224796317 -0.0031073745979481 0.0023847278534254 -0.0019400321225574 0.0016363645381096 -0.0014217915723875 0.0012565398553855 -0.0011283643306047
-0.0012911134001821 0.0021483466425972 -0.0031073745979481 0.003489945199994 -0.0028981840541266 0.0024617729361621 -0.0021330395229162 0.0018747870414856 -0.001662285143964 0.0014897166825235
0.0009950172944328 -0.0016542790033111 0.0023847278534254 -0.0028981840541266 0.0028919229284803 -0.0026220110345167 0.0023604636349928 -0.0021300325688652 0.0019259331392989 -0.0017498088047043
-0.00079465855547517 0.0013360653574085 -0.0019400321225574 0.0024617729361621 -0.0026220110345167 0.0025604588521768 -0.0024023897717013 0.0022314419953179 -0.0020622552535852 0.0019055345329296
0.00067567688514591 -0.0011066240515641 0.0016363645381096 -0.0021330395229162 0.0023604636349928 -0.0024023897717013 0.0023422411438519 -0.0022349531762891 0.0021087977418674 -0.001981153812089
-0.00059908704323303 0.00094799556389213 -0.0014217915723875 0.0018747870414856 -0.0021300325688652 0.0022314419953179 -0.0022349531762891 0.0021845536286461 -0.0021006479348929 0.0020039352215167
0.00054008930461519 -0.00082773937795028 0.0012565398553855 -0.001662285143964 0.0019259331392989 -0.0020622552535852 0.0021087977418674 -0.0021006479348929 0.0020539434688771 -0.0019856989620772
-0.00048752133677263 0.00073334957885009 -0.0011283643306047 0.0014897166825235 -0.0017498088047043 0.0019055345329296 -0.001981153812089 0.0020039352215167 -0.0019856989620772 0.0019432172669658
