0 -3.0504731530975 0.10465288892491 -3.1123045991334 0.14661573798876 -2.9974544495995 0.086485923835967 -3.0928399571561 -0.018010408251761 3.081122847594
3.0504731530975 0 3.103338201609 -0.036905737629138 3.0981396621375 -0.062194094578231 3.0549688130008 -0.098641013448627 3.0389664906595 -0.097784481828537
-0.10465288892491 -3.103338201609 0 -3.1299064188349 0.048872522168649 -3.0486246920178 0.12254840369271 -2.9826933588687 0.19591374431851 -2.9073645702525
3.1123045991334 0.036905737629138 3.1299064188349 0 -3.1167290839991 0.03887040017885 -3.0964146412407 0.056725919120933 -3.073069893038 0.08018165031488
-0.14661573798876 -3.0981396621375 -0.048872522168649 3.1167290839991 0 -3.1323844776914 0.014734853710603 -3.1195174785171 0.030287658355925 -3.1030388534692
2.9974544495995 0.062194094578231 3.0486246920178 -0.03887040017885 3.1323844776914 0 -3.1349406957424 0.013897276479424 -3.119310461089 0.030224040243229
-0.086485923835967 -3.0549688130008 -0.12254840369271 3.0964146412407 -0.014734853710603 3.1349406957424 0 -3.134511378951 0.014791269182912 -3.1196496337091
3.0928399571561 0.098641013448627 2.9826933588687 -0.056725919120933 3.1195174785171 -0.013897276479424 3.134511378951 0 -3.134739189326 0.013047415147913
0.018010408251761 -3.0389664906595 -0.19591374431851 3.073069893038 -0.030287658355925 3.119310461089 -0.014791269182912 3.134739189326 0 -3.1355579056069
-3.081122847594 0.097784481828537 2.9073645702525 -0.08018165031488 3.1030388534692 -0.030224040243229 3.1196496337091 -0.013047415147913 3.1355579056069 0
