0.041135587347984 0.01163671131684 0.0078658158656394 0.0056452161809478 0.0042993637354901 0.0035235478423063 0.0029361016912252 0.0025095149872155 0.0021923412837643 0.0019409675840221
0.01163671131684 0.016717308016394 0.0095378379974121 0.0065821308076081 0.0051114847062703 0.0041501175466236 0.0034572783526869 0.0029418331180468 0.0025445970524984 0.0022284116638722
0.0078658158656394 0.0095378379974121 0.010887009861228 0.0082962694406323 0.0066686222396289 0.0055675475677489 0.0047197532754765 0.0040586102521989 0.0035399196272196 0.003120337700246
0.0056452161809478 0.0065821308076081 0.0082962694406323 0.0083010606163344 0.007303406294185 0.0064124990938586 0.0056277627424843 0.0049601090950855 0.0044019563952991 0.0039320743985176
0.0042993637354901 0.0051114847062703 0.0066686222396289 0.007303406294185 0.0071623541723383 0.0066436528376603 0.0060524763884921 0.0054856090267694 0.0049718796691336 0.0045156292747746
0.0035235478423063 0.0041501175466236 0.0055675475677489 0.0064124990938586 0.0066436528376603 0.0065069166587759 0.0061565226339829 0.0057408431080115 0.0053208102766614 0.0049214707620249
0.0029361016912252 0.0034572783526869 0.0047197532754765 0.0056277627424843 0.0060524763884921 0.0061565226339829 0.0060280425838628 0.0057730471775042 0.0054656382947408 0.0051448723159767
0.0025095149872155 0.0029418331180468 0.0040586102521989 0.0049601090950855 0.0054856090267694 0.0057408431080115 0.0057730471775042 0.0056607933748958 0.0054650174818665 0.0052290062520526
0.0021923412837643 0.0025445970524984 0.0035399196272196 0.0044019563952991 0.0049718796691336 0.0053208102766614 0.0054656382947408 0.0054650174818665 0.0053675576909713 0.0052123269177868
0.0019409675840221 0.0022284116638722 0.003120337700246 0.0039320743985176 0.0045156292747746 0.0049214707620249 0.0051448723159767 0.0052290062520526 0.0052123269177868 0.005128693545185
