0.00052533785801902 0.00037935993863359 0.00030791489808355 0.0002615278029312 0.00024240987671863 0.00023054419309816 0.00022023877023988 0.00021118048032767 0.00020373325600817 0.00019733764557443
0.00037935993863359 0.00026457606212882 0.00021609184194883 0.00018419679790085 0.00016874054123142 0.0001596742334232 0.00015273348782146 0.00014693379828384 0.00014239688981579 0.00013856134207625
0.00030791489808355 0.00021609184194883 0.00017446055392899 0.0001532821912761 0.00014167411271937 0.00013378135537341 0.00012750267728683 0.00012192200056515 0.00011735423921008 0.00011353618600752
0.0002615278029312 0.00018419679790085 0.0001532821912761 0.00013546694120296 0.00012584446801403 0.00011858182486297 0.00011269300108007 0.00010760531028356 0.00010366827052545 0.00010062787192027
0.00024240987671863 0.00016874054123142 0.00014167411271937 0.00012584446801403 0.00011663142482549 0.00011000096367907 0.00010473064074313 0.00010037841915985 9.7094116122829e-05 9.4603050256788e-05
0.00023054419309816 0.0001596742334232 0.00013378135537341 0.00011858182486297 0.00011000096367907 0.00010375529684965 9.9035004104539e-05 9.5284848724599e-05 9.2464210641067e-05 9.0315491138228e-05
0.00022023877023988 0.00015273348782146 0.00012750267728683 0.00011269300108007 0.00010473064074313 9.9035004104539e-05 9.4876782514422e-05 9.1715227287839e-05 8.933722028518e-05 8.7497727406482e-05
0.00021118048032767 0.00014693379828384 0.00012192200056515 0.00010760531028356 0.00010037841915985 9.5284848724599e-05 9.1715227287839e-05 8.90670904893e-05 8.7067360911503e-05 8.5481311285042e-05
0.00020373325600817 0.00014239688981579 0.00011735423921008 0.00010366827052545 9.7094116122829e-05 9.2464210641067e-05 8.933722028518e-05 8.7067360911503e-05 8.534857909941e-05 8.3956184152298e-05
0.00019733764557443 0.00013856134207625 0.00011353618600752 0.00010062787192027 9.4603050256788e-05 9.0315491138228e-05 8.7497727406482e-05 8.5481311285042e-05 8.3956184152298e-05 8.2694902249791e-05
