0.0015337219081544 0.0012046890196753 0.00095499335713794 0.0008101657200465 0.00070496781018893 0.00065571353702481 0.00063325878088066 0.00061730347931442 0.00060604965197827 0.00059546193248222
0.0012046890196753 0.0010604122369731 0.00082746680366452 0.00066196286725947 0.00056791343747579 0.00054824328985814 0.00052600259651125 0.00051006777671671 0.0004987503358788 0.00048951438480195
0.00095499335713794 0.00082746680366452 0.00063577061873452 0.00056813065939824 0.00049015871583175 0.00046824669849117 0.00045949547352052 0.00045390474741805 0.00045076105735001 0.00044675242794818
0.0008101657200465 0.00066196286725947 0.00056813065939824 0.00044518977805122 0.00036965004110999 0.00035473683281946 0.00035865124583018 0.00036249486468862 0.00036422127954778 0.00036202846734692
0.00070496781018893 0.00056791343747579 0.00049015871583175 0.00036965004110999 0.00033736730497167 0.00032469536763757 0.00032735663671649 0.00033119339948119 0.00033325352475147 0.00033240856236101
0.00065571353702481 0.00054824328985814 0.00046824669849117 0.00035473683281946 0.00032469536763757 0.00031026562347004 0.00031149755420924 0.00031499472467607 0.00031774406839681 0.00031823452180567
0.00063325878088066 0.00052600259651125 0.00045949547352052 0.00035865124583018 0.00032735663671649 0.00031149755420924 0.0003131680443835 0.00031634449642265 0.00031887928471216 0.00031945811674907
0.00061730347931442 0.00051006777671671 0.00045390474741805 0.00036249486468862 0.00033119339948119 0.00031499472467607 0.00031634449642265 0.00031831836735332 0.00031978359756924 0.00031973448855069
0.00060604965197827 0.0004987503358788 0.00045076105735001 0.00036422127954778 0.00033325352475147 0.00031774406839681 0.00031887928471216 0.00031978359756924 0.00032017733300149 0.00031943738944096
0.00059546193248222 0.00048951438480195 0.00044675242794818 0.00036202846734692 0.00033240856236101 0.00031823452180567 0.00031945811674907 0.00031973448855069 0.00031943738944096 0.00031833322314478
