-0.009920437042245 0.00084309573695729 -0.00078994729547495 0.0012757402819626 -0.00092525217081479 0.00064961459136127 -0.00057054862730851 0.00054518799688197 -0.00051187709777495 0.0004956694248798
0.00084309573695729 -0.0074928205052488 0.0025019787100482 -0.0017128533417602 0.0014221486994793 -0.00092332891781344 0.00068225675969678 -0.00057205154082175 0.00049292151789785 -0.00045195797603565
-0.00078994729547495 0.0025019787100482 -0.0058934895401645 0.0025822549798299 -0.0018858810141945 0.0014073118919243 -0.0011479729401635 0.00094604830348586 -0.0008271055059459 0.00072588956206575
0.0012757402819626 -0.0017128533417602 0.0025822549798299 -0.0037785806883348 0.0023590058159079 -0.0017420883653128 0.0014487654722221 -0.0012289987598587 0.0010865844349301 -0.00098689446416855
-0.00092525217081479 0.0014221486994793 -0.0018858810141945 0.0023590058159079 -0.0024726440947914 0.0019931805247888 -0.0017099879429953 0.0014581285784148 -0.0012864279063556 0.0011589625048228
0.00064961459136127 -0.00092332891781344 0.0014073118919243 -0.0017420883653128 0.0019931805247888 -0.0019702190194106 0.0018006220861067 -0.0015963665423797 0.0014389168782119 -0.0013110782957505
-0.00057054862730851 0.00068225675969678 -0.0011479729401635 0.0014487654722221 -0.0017099879429953 0.0018006220861067 -0.0017911733499136 0.0016532425378692 -0.0015260017093194 0.001408857028143
0.00054518799688197 -0.00057205154082175 0.00094604830348586 -0.0012289987598587 0.0014581285784148 -0.0015963665423797 0.0016532425378692 -0.0016012698428579 0.0015214695213707 -0.0014325193429058
-0.00051187709777495 0.00049292151789785 -0.0008271055059459 0.0010865844349301 -0.0012864279063556 0.0014389168782119 -0.0015260017093194 0.0015214695213707 -0.001486204552599 0.0014271306747962
0.0004956694248798 -0.00045195797603565 0.00072588956206575 -0.00098689446416855 0.0011589625048228 -0.0013110782957505 0.001408857028143 -0.0014325193429058 0.0014271306747962 -0.0013939073543783
