0.00073516136791089 0.00057359402039412 0.00048882080237442 0.00040221886900501 0.00034941073743298 0.00032371151113403 0.00030799942252982 0.00029386616435728 0.00028188911644166 0.00027182705540697
0.00057359402039412 0.00044336567116026 0.00036455340570553 0.00030207747343415 0.00026207522444684 0.00024230414753446 0.00022787842818838 0.00021694505738758 0.00020735592112065 0.00019921300544283
0.00048882080237442 0.00036455340570553 0.00030620808613609 0.00025076445103576 0.00022500740557237 0.00020863441024473 0.00019810103737146 0.00018866589587738 0.00018105415908303 0.00017454532157674
0.00040221886900501 0.00030207747343415 0.00025076445103576 0.00020246424076644 0.00017778279698579 0.00016625428314307 0.00015821405663915 0.00015134852423267 0.00014563330892494 0.00014072613815018
0.00034941073743298 0.00026207522444684 0.00022500740557237 0.00017778279698579 0.00015785666127253 0.00014693811745602 0.00014162985870268 0.00013618102788538 0.00013154917015881 0.00012764239896231
0.00032371151113403 0.00024230414753446 0.00020863441024473 0.00016625428314307 0.00014693811745602 0.00013615268305026 0.00013134246381754 0.00012652513034259 0.00012250497460808 0.00011918337106708
0.00030799942252982 0.00022787842818838 0.00019810103737146 0.00015821405663915 0.00014162985870268 0.00013134246381754 0.00012657945054138 0.00012200168380357 0.00011820337451019 0.00011509271841539
0.00029386616435728 0.00021694505738758 0.00018866589587738 0.00015134852423267 0.00013618102788538 0.00012652513034259 0.00012200168380357 0.00011771385577217 0.00011419780085301 0.00011130342759702
0.00028188911644166 0.00020735592112065 0.00018105415908303 0.00014563330892494 0.00013154917015881 0.00012250497460808 0.00011820337451019 0.00011419780085301 0.00011094355986953 0.00010826683346827
0.00027182705540697 0.00019921300544283 0.00017454532157674 0.00014072613815018 0.00012764239896231 0.00011918337106708 0.00011509271841539 0.00011130342759702 0.00010826683346827 0.00010577696081429
