0.033491720977976 -0.012797335580439 0.0090473763676571 -0.0071763052383629 0.0059894419200784 -0.005118385336946 0.0043800501733163 -0.0037761615386933 0.0032898183386931 -0.002888596198143
-0.012797335580439 0.016297090426233 -0.0074468802561481 0.0053961007823444 -0.0043854207077497 0.0037183138836962 -0.0031545716771758 0.0027013965874304 -0.0023250701246995 0.0020212901230554
0.0090473763676571 -0.0074468802561481 0.010698611329243 -0.0064242063309543 0.004863981374695 -0.0039737877315657 0.0032913103838315 -0.0027645498505529 0.0023549317674947 -0.0020291930556822
-0.0071763052383629 0.0053961007823444 -0.0064242063309543 0.00708203013511 -0.0054848275528143 0.0045166001845385 -0.0037778249793835 0.0031956947526656 -0.0027311884412301 0.0023632591904969
0.0059894419200784 -0.0043854207077497 0.004863981374695 -0.0054848275528143 0.0054287377156796 -0.0047616676590509 0.0041139117907923 -0.0035717861752265 0.0031141466636802 -0.0027342208930338
-0.005118385336946 0.0037183138836962 -0.0039737877315657 0.0045166001845385 -0.0047616676590509 0.0045618825947628 -0.004117951125979 0.0036861860720509 -0.0032927336402389 0.0029478435685697
0.0043800501733163 -0.0031545716771758 0.0032913103838315 -0.0037778249793835 0.0041139117907923 -0.004117951125979 0.0038924511108614 -0.0035945879588861 0.0032882311948837 -0.0030014728864831
-0.0037761615386933 0.0027013965874304 -0.0027645498505529 0.0031956947526656 -0.0035717861752265 0.0036861860720509 -0.0035945879588861 0.0034130379237166 -0.0031910460157909 0.0029652778797549
0.0032898183386931 -0.0023250701246995 0.0023549317674947 -0.0027311884412301 0.0031141466636802 -0.0032927336402389 0.0032882311948837 -0.0031910460157909 0.0030420025858549 -0.0028735845363681
-0.002888596198143 0.0020212901230554 -0.0020291930556822 0.0023632591904969 -0.0027342208930338 0.0029478435685697 -0.0030014728864831 0.0029652778797549 -0.0028735845363681 0.002754657535406
