0.1014102461346 0.00053122364586366 -0.0004211429933759 0.00033478001639663 -0.00025282397442136 0.00021170682623665 -0.00018949607993489 0.00017210371943724 -0.0001573789444037 0.00014389072235035
0.00053122364586366 0.0092736057236067 -0.0015819228622963 0.001193618852254 -0.00082279020027538 0.0006128006399366 -0.00049887927039223 0.00041742291118697 -0.00035243140589289 0.00029360801907381
-0.0004211429933759 -0.0015819228622963 0.0096657914519119 -0.0032727237592293 0.0018462096947464 -0.0011762100549877 0.00087227873984687 -0.00067359591654722 0.00054437032125622 -0.00045194581013058
0.00033478001639663 0.001193618852254 -0.0032727237592293 0.0066532886940496 -0.0036099649568084 0.0024530600503589 -0.001815063848724 0.0013742446454433 -0.0010996757399653 0.00090513920427594
-0.00025282397442136 -0.00082279020027538 0.0018462096947464 -0.0036099649568084 0.0049891035554266 -0.0037576845044041 0.0029317972929598 -0.0023517553731604 0.0019427687753638 -0.0016335649621624
0.00021170682623665 0.0006128006399366 -0.0011762100549877 0.0024530600503589 -0.0037576845044041 0.0038925620377353 -0.0033656414627633 0.0028812611059695 -0.002486377221805 0.0021595349651271
-0.00018949607993489 -0.00049887927039223 0.00087227873984687 -0.001815063848724 0.0029317972929598 -0.0033656414627633 0.0032779136755021 -0.0029923897277689 0.0027020845135399 -0.0024326070433835
0.00017210371943724 0.00041742291118697 -0.00067359591654722 0.0013742446454433 -0.0023517553731604 0.0028812611059695 -0.0029923897277689 0.0029142212113963 -0.0027498221276194 0.0025594358939738
-0.0001573789444037 -0.00035243140589289 0.00054437032125622 -0.0010996757399653 0.0019427687753638 -0.002486377221805 0.0027020845135399 -0.0027498221276194 0.0026964467854428 -0.0025833262190607
0.00014389072235035 0.00029360801907381 -0.00045194581013058 0.00090513920427594 -0.0016335649621624 0.0021595349651271 -0.0024326070433835 0.0025594358939738 -0.0025833262190607 0.0025350773008251
