0.10142421693269 0.00059051649397777 -0.00039368020019155 0.00033320459562798 -0.00028751090340397 0.00025166771530648 -0.00022652292155152 0.00020110827040404 -0.00018019904924175 0.00016417413296362
0.00059051649397777 0.010992628195899 -0.00097951538759273 0.00058962120808073 -0.00045850586875536 0.00026284501495359 -0.00023191142205735 0.00020122037642892 -0.00018112661760423 0.00017968658686986
-0.00039368020019155 -0.00097951538759273 0.010762515776652 -0.0040976882160222 0.002743113506263 -0.0017349974534528 0.0012244902289319 -0.00086509183664665 0.00059631807165585 -0.0004126427952237
0.00033320459562798 0.00058962120808073 -0.0040976882160222 0.0078513598930562 -0.0048343271061265 0.0034541393642276 -0.0025791277070382 0.0019513188511625 -0.0015138529662089 0.0011982973001089
-0.00028751090340397 -0.00045850586875536 0.002743113506263 -0.0048343271061265 0.0058721673824907 -0.0046120815697694 0.0037026944129118 -0.0030027180778625 0.0024656629664787 -0.0020600827210565
0.00025166771530648 0.00026284501495359 -0.0017349974534528 0.0034541393642276 -0.0046120815697694 0.0046772230070356 -0.0041116246414044 0.0035388785209236 -0.0030473513144408 0.0026415053620999
-0.00022652292155152 -0.00023191142205735 0.0012244902289319 -0.0025791277070382 0.0037026944129118 -0.0041116246414044 0.0040064323161357 -0.0036638840277274 0.0032968881718219 -0.0029580669729608
0.00020110827040404 0.00020122037642892 -0.00086509183664665 0.0019513188511625 -0.0030027180778625 0.0035388785209236 -0.0036638840277274 0.0035459247463244 -0.0033231630960171 0.0030760029384176
-0.00018019904924175 -0.00018112661760423 0.00059631807165585 -0.0015138529662089 0.0024656629664787 -0.0030473513144408 0.0032968881718219 -0.0033231630960171 0.0032257943503287 -0.0030691161173232
0.00016417413296362 0.00017968658686986 -0.0004126427952237 0.0011982973001089 -0.0020600827210565 0.0026415053620999 -0.0029580669729608 0.0030760029384176 -0.0030691161173232 0.0029889931473769
