-0.011477370151612 0.0012126086220512 -0.00081706542055314 0.00054723431826641 -0.00042083948293941 0.00030415660341264 -0.00021768473265063 0.00015530945918134 -0.00011096217555519 7.912831158428e-05
0.0012126086220512 -0.008295485520388 0.0023725967264163 -0.0014122011925313 0.00097774188820666 -0.00070204824097654 0.00052991527056248 -0.00040974253597468 0.00031538466438791 -0.00024395965896647
-0.00081706542055314 0.0023725967264163 -0.0058483146602224 0.0027733742823158 -0.0020484830600188 0.0015662502417833 -0.0012283582451797 0.00099851291024805 -0.000825181559678 0.00069126103446352
0.00054723431826641 -0.0014122011925313 0.0027733742823158 -0.0037262688423466 0.0026615495667896 -0.0021054189518274 0.0016938469311708 -0.0013959683456327 0.0011716378262422 -0.0009938266382875
-0.00042083948293941 0.00097774188820666 -0.0020484830600188 0.0026615495667896 -0.0028102248166145 0.0023784583053988 -0.0020113769950694 0.0017172232614854 -0.00148287963288 0.0012927075244806
0.00030415660341264 -0.00070204824097654 0.0015662502417833 -0.0021054189518274 0.0023784583053988 -0.0023490431611605 0.0021122932152233 -0.0018793644202989 0.0016749012707639 -0.0014986047223326
-0.00021768473265063 0.00052991527056248 -0.0012283582451797 0.0016938469311708 -0.0020113769950694 0.0021122932152233 -0.0020474844255497 0.0019016091967819 -0.0017489719823863 0.0016045130762414
0.00015530945918134 -0.00040974253597468 0.00099851291024805 -0.0013959683456327 0.0017172232614854 -0.0018793644202989 0.0019016091967819 -0.0018356082737864 0.0017345174746506 -0.0016254869635118
-0.00011096217555519 0.00031538466438791 -0.000825181559678 0.0011716378262422 -0.00148287963288 0.0016749012707639 -0.0017489719823863 0.0017345174746506 -0.0016791428315726 0.0016039590305619
7.912831158428e-05 -0.00024395965896647 0.00069126103446352 -0.0009938266382875 0.0012927075244806 -0.0014986047223326 0.0016045130762414 -0.0016254869635118 0.0016039590305619 -0.0015581100362948
