0.0048461829663788 -0.00066740077887735 0.00054739004632924 -0.00052031417087642 0.0003262765043703 -0.0002537130275126 0.00031900244375213 -0.00027200964722522 0.0002816983573454 -0.00022421182556374
-0.00066740077887735 0.0051446817786924 -0.00079666036171494 0.00074143655115048 -0.00054404958884865 0.00022824115705895 -0.0001989306161453 0.00010122346201152 -0.00013872355041235 0.0001375739435373
0.00054739004632924 -0.00079666036171494 0.0059610593546224 -0.0015772828663445 0.00099164595008736 -0.00067338027494579 0.00059785935122509 -0.00057243122919817 0.00048607390984412 -0.00044167044742087
-0.00052031417087642 0.00074143655115048 -0.0015772828663445 0.0048925594190774 -0.0019435545838486 0.0012857287607814 -0.00097068452545639 0.00087453875928202 -0.00077018600042395 0.00069182154621044
0.0003262765043703 -0.00054404958884865 0.00099164595008736 -0.0019435545838486 0.004068011600118 -0.0020471768344783 0.001373466376098 -0.0011907630779218 0.0010592186464105 -0.0009208610477305
-0.0002537130275126 0.00022824115705895 -0.00067338027494579 0.0012857287607814 -0.0020471768344783 0.00313544347299 -0.0019799354460454 0.0016368689420648 -0.0013887643257273 0.0011896773756595
0.00031900244375213 -0.0001989306161453 0.00059785935122509 -0.00097068452545639 0.001373466376098 -0.0019799354460454 0.0023264443168945 -0.0018648649505871 0.0015594417088008 -0.0013354441649711
-0.00027200964722522 0.00010122346201152 -0.00057243122919817 0.00087453875928202 -0.0011907630779218 0.0016368689420648 -0.0018648649505871 0.0020289864301491 -0.0017605827594193 0.0015526848657323
0.0002816983573454 -0.00013872355041235 0.00048607390984412 -0.00077018600042395 0.0010592186464105 -0.0013887643257273 0.0015594417088008 -0.0017605827594193 0.0017447201167602 -0.0016008475677662
-0.00022421182556374 0.0001375739435373 -0.00044167044742087 0.00069182154621044 -0.0009208610477305 0.0011896773756595 -0.0013354441649711 0.0015526848657323 -0.0016008475677662 0.0015846552635552
