0.027294027764375 0.012615937014732 0.010229265464224 0.0087964042920804 0.0077671830361815 0.0069572741180832 0.0063529050482101 0.0058552661476542 0.0054520345142722 0.0051228061728762
0.012615937014732 0.0073563998065318 0.0062875393610734 0.0055762106414116 0.0050217473537983 0.0045653946983754 0.0042055677041354 0.003897806772026 0.0036374652439736 0.0034149069114246
0.010229265464224 0.0062875393610734 0.0057280047824706 0.0052785851553224 0.0048851466023459 0.0045344350517134 0.004232974786618 0.0039627193404746 0.0037230962300917 0.0035097043275896
0.0087964042920804 0.0055762106414116 0.0052785851553224 0.005023250464099 0.0047658109704304 0.0045126118945392 0.0042763725677106 0.0040516211931896 0.0038424633642688 0.0036485921410698
0.0077671830361815 0.0050217473537983 0.0048851466023459 0.0047658109704304 0.0046193875636948 0.0044530836268652 0.0042822705863207 0.0041068097259833 0.0039342238544588 0.0037670547660266
0.0069572741180832 0.0045653946983754 0.0045344350517134 0.0045126118945392 0.0044530836268652 0.0043613671271706 0.004250742387951 0.0041240532885475 0.0039902091435946 0.0038534370587203
0.0063529050482101 0.0042055677041354 0.004232974786618 0.0042763725677106 0.0042822705863207 0.004250742387951 0.0041963842203124 0.0041169768415574 0.0040232101441508 0.0039199194912112
0.0058552661476542 0.003897806772026 0.0039627193404746 0.0040516211931896 0.0041068097259833 0.0041240532885475 0.0041169768415574 0.0040800675931203 0.0040240423782939 0.0039536253759111
0.0054520345142722 0.0036374652439736 0.0037230962300917 0.0038424633642688 0.0039342238544588 0.0039902091435946 0.0040232101441508 0.0040240423782939 0.0040029563653839 0.0039640894632509
0.0051228061728762 0.0034149069114246 0.0035097043275896 0.0036485921410698 0.0037670547660266 0.0038534370587203 0.0039199194912112 0.0039536253759111 0.0039640894632509 0.0039546083734302
