0 -3.0889015623072 0.027498574166141 -3.1303996970177 0.035213939448606 -3.0755808761488 0.10188985912105 -3.0034067208273 0.18147207008132 -2.913153195167
3.0889015623072 0 -3.134012912862 0.0052018224068042 3.1382204879161 -0.020090976517125 3.1015712053651 -0.056997237310832 3.0745857718303 -0.063897400280779
-0.027498574166141 3.134012912862 0 3.1276345038476 -0.032660617837851 3.0892085358658 -0.069299999610862 3.0592488749105 -0.091039535238964 3.0501043592512
3.1303996970177 -0.0052018224068042 -3.1276345038476 0 3.1291660923646 -0.025817811107686 3.1051088480891 -0.044723192537656 3.0910479031064 -0.050658267555253
-0.035213939448606 -3.1382204879161 0.032660617837851 -3.1291660923646 0 3.1297478092754 -0.020197861392724 3.1151658190552 -0.030993654822917 3.1105658513968
3.0755808761488 0.020090976517125 -3.0892085358658 0.025817811107686 -3.1297478092754 0 3.1341546031327 -0.012681909597877 3.1249575926271 -0.016937680929466
-0.10188985912105 -3.1015712053651 0.069299999610862 -3.1051088480891 0.020197861392724 -3.1341546031327 0 3.136574156297 -0.0088451675805307 3.1319744995131
3.0034067208273 0.056997237310832 -3.0592488749105 0.044723192537656 -3.1151658190552 0.012681909597877 -3.136574156297 0 3.1377558902622 -0.0050821785354955
-0.18147207008132 -3.0745857718303 0.091039535238964 -3.0910479031064 0.030993654822917 -3.1249575926271 0.0088451675805307 -3.1377558902622 0 3.1399647148068
2.913153195167 0.063897400280779 -3.0501043592512 0.050658267555253 -3.1105658513968 0.016937680929466 -3.1319744995131 0.0050821785354955 -3.1399647148068 0
