-0.0097799816352753 0.00044489274943492 -0.00037132259099342 0.0001614017677979 -0.00021698961662337 0.00014715886063145 -9.443726271499e-05 7.348055230592e-05 -6.9789976668009e-05 6.2805246665048e-05
0.00044489274943492 -0.0073086065607333 0.0013838992819539 -0.00087791834295362 0.00068056827339596 -0.00056589756201416 0.00050269575591872 -0.00043142546280479 0.00037775090189978 -0.00033236544474181
-0.00037132259099342 0.0013838992819539 -0.005070103077621 0.0019260262434356 -0.0013331096269716 0.00096335708177643 -0.00075907483727135 0.0006207868906684 -0.00051668762564449 0.00044306587666711
0.0001614017677979 -0.00087791834295362 0.0019260262434356 -0.0033878135290154 0.0021712612327868 -0.0016187304837988 0.001285678613237 -0.0010597860106851 0.00089386058750271 -0.00076772598225275
-0.00021698961662337 0.00068056827339596 -0.0013331096269716 0.0021712612327868 -0.0024908355322845 0.0019654125753077 -0.0016352700264985 0.0013839550643188 -0.0011978895679733 0.0010498211669172
0.00014715886063145 -0.00056589756201416 0.00096335708177643 -0.0016187304837988 0.0019654125753077 -0.0019516065444342 0.0017254165631185 -0.0015177066990102 0.0013463768038423 -0.0012025064194314
-9.443726271499e-05 0.00050269575591872 -0.00075907483727135 0.001285678613237 -0.0016352700264985 0.0017254165631185 -0.0016716809327199 0.0015313614226383 -0.001395120855009 0.0012693609788106
7.348055230592e-05 -0.00043142546280479 0.0006207868906684 -0.0010597860106851 0.0013839550643188 -0.0015177066990102 0.0015313614226383 -0.0014702589787049 0.0013764072654235 -0.0012772649607348
-6.9789976668009e-05 0.00037775090189978 -0.00051668762564449 0.00089386058750271 -0.0011978895679733 0.0013463768038423 -0.001395120855009 0.0013764072654235 -0.0013234529655257 0.0012512900104951
6.2805246665048e-05 -0.00033236544474181 0.00044306587666711 -0.00076772598225275 0.0010498211669172 -0.0012025064194314 0.0012693609788106 -0.0012772649607348 0.0012512900104951 -0.0012033826933802
