0.00038287193498407 0.00032150504734484 0.00029232360937414 0.00025853464321487 0.00022745834540995 0.00019098562611393 0.00017780645766451 0.00016637169292643 0.00015861615730686 0.00015400277968517
0.00032150504734484 0.00025392379276364 0.00024109304715692 0.00020402799068589 0.00019295598606432 0.00015955364069729 0.00014890402078056 0.0001377410151043 0.00013232881212926 0.00012694823287745
0.00029232360937414 0.00024109304715692 0.00021655519080396 0.00018212124809591 0.00016891555598886 0.00014264480839943 0.00013175584070453 0.00012037577946214 0.00011625109671089 0.00011249887584895
0.00025853464321487 0.00020402799068589 0.00018212124809591 0.00016620450286112 0.00014687308395603 0.00012634625859182 0.00011661199697004 0.00010750459757674 0.00010339802414645 9.988141353164e-05
0.00022745834540995 0.00019295598606432 0.00016891555598886 0.00014687308395603 0.00013413346121005 0.00011085233088718 0.00010394147878128 9.6762314356399e-05 9.3758165109878e-05 9.0682180884286e-05
0.00019098562611393 0.00015955364069729 0.00014264480839943 0.00012634625859182 0.00011085233088718 9.5514695727919e-05 9.054714049667e-05 8.4357896033129e-05 8.1686266604249e-05 7.9484638032898e-05
0.00017780645766451 0.00014890402078056 0.00013175584070453 0.00011661199697004 0.00010394147878128 9.054714049667e-05 8.5979643963696e-05 7.9641018637241e-05 7.6771914920674e-05 7.4330045075421e-05
0.00016637169292643 0.0001377410151043 0.00012037577946214 0.00010750459757674 9.6762314356399e-05 8.4357896033129e-05 7.9641018637241e-05 7.4083134814746e-05 7.1530458777205e-05 6.9264517655422e-05
0.00015861615730686 0.00013232881212926 0.00011625109671089 0.00010339802414645 9.3758165109878e-05 8.1686266604249e-05 7.6771914920674e-05 7.1530458777205e-05 6.8954326002735e-05 6.6757946341395e-05
0.00015400277968517 0.00012694823287745 0.00011249887584895 9.988141353164e-05 9.0682180884286e-05 7.9484638032898e-05 7.4330045075421e-05 6.9264517655422e-05 6.6757946341395e-05 6.4657262305181e-05
