0 2.9377067927492 -0.56867259884233 -2.3122061608402 0.8324223773846 -3.0772448134461 1.0677627798162 -2.111329011209 1.0413565032735 -1.6941242355566
-2.9377067927492 0 -3.0166360552081 0.026345053463349 3.1082825650245 -0.15522039462318 2.9959539494707 -0.22026622318035 2.9005930088164 -0.25799863383525
0.56867259884233 3.0166360552081 0 3.1212183922637 -0.091818030240022 3.0472264348402 -0.046215010633516 3.1140325674964 -0.037127692645822 3.1006747642576
2.3122061608402 -0.026345053463349 -3.1212183922637 0 3.0946148204946 -0.03216215275498 3.1239652875177 -0.022737582986616 3.1130177795196 -0.026774109103011
-0.8324223773846 -3.1082825650245 0.091818030240022 -3.0946148204946 0 -3.1329387644899 0.017385934377693 -3.1232196132933 0.021150888391225 -3.119820496208
3.0772448134461 0.15522039462318 -3.0472264348402 0.03216215275498 3.1329387644899 0 -3.1328502727187 0.0090728268271067 -3.1295518333289 0.011967810050602
-1.0677627798162 -2.9959539494707 0.046215010633516 -3.1239652875177 -0.017385934377693 3.1328502727187 0 -3.1413057346641 0.0023465308984824 -3.1404373311883
2.111329011209 0.22026622318035 -3.1140325674964 0.022737582986616 3.1232196132933 -0.0090728268271067 3.1413057346641 0 -3.1399587341389 0.00020240537383522
-1.0413565032735 -2.9005930088164 0.037127692645822 -3.1130177795196 -0.021150888391225 3.1295518333289 -0.0023465308984824 3.1399587341389 0 3.1403908750774
1.6941242355566 0.25799863383525 -3.1006747642576 0.026774109103011 3.119820496208 -0.011967810050602 3.1404373311883 -0.00020240537383522 -3.1403908750774 0
