3.1415926535898 3.1184726365041 -0.016737106984195 -3.0990351807291 0.061550821893964 -3.0959173454321 0.038995370819892 -3.1089505661821 0.041355122794616 -3.0873574142398
-3.1184726365041 3.1415926535898 -0.021072171269725 -3.0393890196581 0.14377397357107 -3.0314259334106 0.0041344553092396 2.9816167486679 -0.21473990070578 2.9235363995592
0.016737106984195 0.021072171269725 3.1415926535898 -0.079145432122835 3.0958885188376 -0.047585168002839 3.1334486251344 -0.018674582964154 3.1302826215981 0.0054478626200606
3.0990351807291 3.0393890196581 0.079145432122835 3.1415926535898 0.02790170301438 3.1167580268702 0.00035180071496128 3.1245636825334 -0.011360989606775 3.1357092388486
-0.061550821893964 -0.14377397357107 -3.0958885188376 -0.02790170301438 3.1415926535898 -0.0215116441493 3.1272527120877 -0.016112179323602 3.131209228184 -0.0035725638753526
3.0959173454321 3.0314259334106 0.047585168002839 -3.1167580268702 0.0215116441493 3.1415926535898 -0.0082028375041505 3.1315284184054 -0.00083861595460388 -3.1300672452696
-0.038995370819892 -0.0041344553092396 -3.1334486251344 -0.00035180071496128 -3.1272527120877 0.0082028375041505 3.1415926535898 -0.0037349857006353 -3.1390207385856 0.011745263115409
3.1089505661821 -2.9816167486679 0.018674582964154 -3.1245636825334 0.016112179323602 -3.1315284184054 0.0037349857006353 3.1415926535898 0.004111692986347 -3.1306031512093
-0.041355122794616 0.21473990070578 -3.1302826215981 0.011360989606775 -3.131209228184 0.00083861595460388 3.1390207385856 -0.004111692986347 3.1415926535898 0.006053208109743
3.0873574142398 -2.9235363995592 -0.0054478626200606 -3.1357092388486 0.0035725638753526 3.1300672452696 -0.011745263115409 3.1306031512093 -0.006053208109743 3.1415926535898
