3.1415926535898 -0.011631555628936 1.7895874947735 -0.68613388574088 2.4100468104156 -0.62958497802033 2.4155344974108 -0.62415524954072 2.8612622857743 -0.12328623711965
0.011631555628936 3.1415926535898 -0.3309238911227 -3.138208112007 0.027863104827588 3.015654543271 -0.22571278908147 2.5943897773355 -0.90059859045756 1.6906557588119
-1.7895874947735 0.3309238911227 3.1415926535898 0.027449060317936 -3.1245060672869 0.021647785729894 -3.0639786846887 0.098722139023566 -3.0043222822611 0.15700229691792
0.68613388574088 3.138208112007 -0.027449060317936 3.1415926535898 -0.0028712549814889 -3.1075071423811 0.059065201185846 -3.0681739483601 0.088541913775268 -3.0434233634623
-2.4100468104156 -0.027863104827588 3.1245060672869 0.0028712549814889 3.1415926535898 0.023429358970669 -3.0910512114176 0.066793908752975 -3.0596789147182 0.093274245274667
0.62958497802033 -3.015654543271 -0.021647785729894 3.1075071423811 -0.023429358970669 3.1415926535898 0.030635991282629 -3.094593853029 0.061040718943661 -3.070855401203
-2.4155344974108 0.22571278908147 3.0639786846887 -0.059065201185846 3.0910512114176 -0.030635991282629 3.1415926535898 0.014479376240981 -3.1152973801992 0.033903877663614
0.62415524954072 -2.5943897773355 -0.098722139023566 3.0681739483601 -0.066793908752975 3.094593853029 -0.014479376240981 3.1415926535898 0.010933482402743 -3.124265929506
-2.8612622857743 0.90059859045756 3.0043222822611 -0.088541913775268 3.0596789147182 -0.061040718943661 3.1152973801992 -0.010933482402743 3.1415926535898 0.0061055268282555
0.12328623711965 -1.6906557588119 -0.15700229691792 3.0434233634623 -0.093274245274667 3.070855401203 -0.033903877663614 3.124265929506 -0.0061055268282555 3.1415926535898
