0.00031844826158792 0.00024932326872628 0.00020937847422804 0.0001651174958705 0.00013870178623651 0.0001234430505883 0.00011349371017752 0.00010621948090992 0.00010127262379227 9.6893812247124e-05
0.00024932326872628 0.00021386798651244 0.00017050663569881 0.00012907472523928 0.00011016787756565 9.9747139541776e-05 9.2704731341422e-05 8.7610326322146e-05 8.3832356823486e-05 8.0428925613128e-05
0.00020937847422804 0.00017050663569881 0.00014119035420378 0.00011007385620856 9.2272854146715e-05 8.2293404115116e-05 7.5356044774172e-05 7.0189488267525e-05 6.673276901584e-05 6.4008035026063e-05
0.0001651174958705 0.00012907472523928 0.00011007385620856 8.5999561542939e-05 7.6005565307228e-05 6.8815541185416e-05 6.29900031206e-05 5.8647379125307e-05 5.556557956731e-05 5.2940837412874e-05
0.00013870178623651 0.00011016787756565 9.2272854146715e-05 7.6005565307228e-05 6.5788346147258e-05 6.0277251039195e-05 5.5753957901392e-05 5.1928287819353e-05 4.9246546300977e-05 4.6954615868345e-05
0.0001234430505883 9.9747139541776e-05 8.2293404115116e-05 6.8815541185416e-05 6.0277251039195e-05 5.5173345702578e-05 5.1665619772633e-05 4.8507014421657e-05 4.621077082178e-05 4.411897629196e-05
0.00011349371017752 9.2704731341422e-05 7.5356044774172e-05 6.29900031206e-05 5.5753957901392e-05 5.1665619772633e-05 4.8547955626294e-05 4.5780242085583e-05 4.3758823114648e-05 4.1890547034727e-05
0.00010621948090992 8.7610326322146e-05 7.0189488267525e-05 5.8647379125307e-05 5.1928287819353e-05 4.8507014421657e-05 4.5780242085583e-05 4.3282620133855e-05 4.1493989711817e-05 3.9798513700899e-05
0.00010127262379227 8.3832356823486e-05 6.673276901584e-05 5.556557956731e-05 4.9246546300977e-05 4.621077082178e-05 4.3758823114648e-05 4.1493989711817e-05 3.9902204748189e-05 3.8365792113481e-05
9.6893812247124e-05 8.0428925613128e-05 6.4008035026063e-05 5.2940837412874e-05 4.6954615868345e-05 4.411897629196e-05 4.1890547034727e-05 3.9798513700899e-05 3.8365792113481e-05 3.6955891166702e-05
