1.421297579844e-05 6.9470483516699e-05 6.1705700596255e-05 5.1656442419679e-05 4.4333462646139e-05 3.9551960128591e-05 3.6332292657511e-05 3.4261201280133e-05 3.2882716732603e-05 3.1790116749034e-05
6.9470483516699e-05 0.00033340368471778 0.00027529884280406 0.00022811391209698 0.00019353212723536 0.00017393680707573 0.00016229371804141 0.00015343967214595 0.00014674812788037 0.00014174646968653
6.1705700596255e-05 0.00027529884280406 0.00026723616036851 0.00021832803493335 0.00018330212734838 0.00016119881763996 0.00014784370849248 0.00013829109527089 0.00013175641489288 0.0001271010266374
5.1656442419679e-05 0.00022811391209698 0.00021832803493335 0.00019404644186031 0.00016352379544147 0.00014648035263028 0.00013361685848411 0.0001248004681668 0.00011854700888967 0.00011338481032204
4.4333462646139e-05 0.00019353212723536 0.00018330212734838 0.00016352379544147 0.00013955790335528 0.00012746059197847 0.00011723633685176 0.00011010778449253 0.00010517507087973 0.00010087678399414
3.9551960128591e-05 0.00017393680707573 0.00016119881763996 0.00014648035263028 0.00012746059197847 0.00011567601635815 0.00010708677510412 0.00010096524459499 9.6800940598208e-05 9.324350969327e-05
3.6332292657511e-05 0.00016229371804141 0.00014784370849248 0.00013361685848411 0.00011723633685176 0.00010708677510412 0.0001000315885448 9.4812315924286e-05 9.1076852081157e-05 8.7814368215064e-05
3.4261201280133e-05 0.00015343967214595 0.00013829109527089 0.0001248004681668 0.00011010778449253 0.00010096524459499 9.4812315924286e-05 9.0188019996531e-05 8.6724061691878e-05 8.3682220439245e-05
3.2882716732603e-05 0.00014674812788037 0.00013175641489288 0.00011854700888967 0.00010517507087973 9.6800940598208e-05 9.1076852081157e-05 8.6724061691878e-05 8.3413956457011e-05 8.0513744168287e-05
3.1790116749034e-05 0.00014174646968653 0.0001271010266374 0.00011338481032204 0.00010087678399414 9.324350969327e-05 8.7814368215064e-05 8.3682220439245e-05 8.0513744168287e-05 7.7759959554817e-05
