0.00017758893541021 0.0008954976804209 0.00094585361890415 0.00080894425763933 0.00069282248636139 0.00059099801422228 0.00052508160452424 0.00048683349118549 0.00046164121209308 0.00044302952173795
0.0008954976804209 0.00037257538795943 0.00025574086292011 0.00021113600722155 0.00019169751568069 0.00015975682020041 0.0001422209483194 0.00013012358934347 0.00012424119646176 0.00011957976122608
0.00094585361890415 0.00025574086292011 0.00040194118890811 0.00027352235671348 0.00021516078354895 0.000177837140301 0.00015274755760407 0.0001397572178347 0.00013090013012893 0.00012549595563032
0.00080894425763933 0.00021113600722155 0.00027352235671348 0.00029540363629764 0.00020848246403642 0.00016219581519618 0.00014332163939208 0.00013127008641648 0.00012435650937691 0.00011903989748351
0.00069282248636139 0.00019169751568069 0.00021516078354895 0.00020848246403642 0.00020834240000749 0.0001533981210577 0.00012725467046463 0.00011385444925257 0.00010587328098169 0.00010008417099063
0.00059099801422228 0.00015975682020041 0.000177837140301 0.00016219581519618 0.0001533981210577 0.00014272245762871 0.00012136669568779 0.00010866325195748 0.00010042540281722 9.4083203201175e-05
0.00052508160452424 0.0001422209483194 0.00015274755760407 0.00014332163939208 0.00012725467046463 0.00012136669568779 0.00011402238396871 0.00010561108428679 9.8229104530577e-05 9.1975150973606e-05
0.00048683349118549 0.00013012358934347 0.0001397572178347 0.00013127008641648 0.00011385444925257 0.00010866325195748 0.00010561108428679 0.00010223080670391 9.7010194566553e-05 9.1778055271518e-05
0.00046164121209308 0.00012424119646176 0.00013090013012893 0.00012435650937691 0.00010587328098169 0.00010042540281722 9.8229104530577e-05 9.7010194566553e-05 9.3947248165116e-05 9.0111465906353e-05
0.00044302952173795 0.00011957976122608 0.00012549595563032 0.00011903989748351 0.00010008417099063 9.4083203201175e-05 9.1975150973606e-05 9.1778055271518e-05 9.0111465906353e-05 8.7692754516428e-05
