0.001539169190429 0.0011839031250645 0.00080843350009027 0.00081181343802073 0.00074554425785709 0.00067816960669185 0.00063524589108597 0.00060847968922507 0.00058779062112988 0.00057325641663626
0.0011839031250645 0.00081226757552576 0.00062856834209867 0.00056973897192383 0.00050118813305166 0.00045218076862279 0.00042967188889062 0.00042470623752485 0.00041256103608618 0.00040259219320197
0.00080843350009027 0.00062856834209867 0.00044784808458588 0.00037617524070316 0.00032707049173524 0.00030020347080655 0.00028900490155265 0.00028952840137004 0.00028505816527606 0.00028172882502291
0.00081181343802073 0.00056973897192383 0.00037617524070316 0.00034520271801849 0.00031355764286957 0.00028667368154233 0.00027353745923368 0.00026841805851321 0.00026320647357239 0.00025911695204893
0.00074554425785709 0.00050118813305166 0.00032707049173524 0.00031355764286957 0.00028187704842056 0.00025992687209647 0.00025090243081394 0.00024690581580947 0.00024511174036349 0.0002432857275637
0.00067816960669185 0.00045218076862279 0.00030020347080655 0.00028667368154233 0.00025992687209647 0.00024066955216236 0.0002339563834692 0.00023149261011963 0.00023103534458719 0.0002304195007443
0.00063524589108597 0.00042967188889062 0.00028900490155265 0.00027353745923368 0.00025090243081394 0.0002339563834692 0.00022764699375984 0.00022589285103234 0.0002261130323756 0.0002260397778266
0.00060847968922507 0.00042470623752485 0.00028952840137004 0.00026841805851321 0.00024690581580947 0.00023149261011963 0.00022589285103234 0.00022483260260427 0.00022532957122767 0.00022555911211235
0.00058779062112988 0.00041256103608618 0.00028505816527606 0.00026320647357239 0.00024511174036349 0.00023103534458719 0.0002261130323756 0.00022532957122767 0.00022601927778331 0.00022642581585069
0.00057325641663626 0.00040259219320197 0.00028172882502291 0.00025911695204893 0.0002432857275637 0.0002304195007443 0.0002260397778266 0.00022555911211235 0.00022642581585069 0.00022694696580694
