0 -3.1070495374406 0.035987792617381 3.0976377177242 -0.00014029356280519 3.1183441327122 -0.039057397643857 3.0996235154594 -0.042787067777506 3.092266792128
3.1070495374406 0 -3.0885242402226 0.0082293249076869 -3.1256146205336 0.033045721270131 -3.0940792250792 0.077442774126604 -3.0351734306483 0.13766781177118
-0.035987792617381 3.0885242402226 0 -3.1365881984698 -0.0016479296294587 -3.1362734851587 0.011862186382004 -3.1206616673848 0.031763203077973 -3.0973747800907
-3.0976377177242 -0.0082293249076869 3.1365881984698 0 3.1410151297661 0.008257934716361 -3.1237813813968 0.026461090564784 -3.1063081339543 0.044011844167144
0.00014029356280519 3.1256146205336 0.0016479296294587 -3.1410151297661 0 -3.1335261510098 0.015145606433283 -3.1204449585001 0.027099360530006 -3.1084462059814
-3.1183441327122 -0.033045721270131 3.1362734851587 -0.008257934716361 3.1335261510098 0 -3.1357942247138 0.011081403982004 -3.1255887682116 0.020950470568229
0.039057397643857 3.0940792250792 -0.011862186382004 3.1237813813968 -0.015145606433283 3.1357942247138 0 -3.1362894313297 0.0100464317167 -3.1268829126155
-3.0996235154594 -0.077442774126604 3.1206616673848 -0.026461090564784 3.1204449585001 -0.011081403982004 3.1362894313297 0 -3.1370107605293 0.0089841947610006
0.042787067777506 3.0351734306483 -0.031763203077973 3.1063081339543 -0.027099360530006 3.1255887682116 -0.0100464317167 3.1370107605293 0 -3.1373065243187
-3.092266792128 -0.13766781177118 3.0973747800907 -0.044011844167144 3.1084462059814 -0.020950470568229 3.1268829126155 -0.0089841947610006 3.1373065243187 0
