-0.013206238604616 0.00016034707450226 -0.00039445113589849 -0.0008069996483669 0.0011587211942223 -0.0011203333180874 0.0010683710294208 -0.0010110298763613 0.00094610158741996 -0.00088588342060895
0.00016034707450226 -0.0077212835867124 0.0027630366280346 -0.0015274936744525 0.0013539670822543 -0.0010961790630739 0.00092396668736132 -0.00082439490580225 0.00073051453991002 -0.00064943079740848
-0.00039445113589849 0.0027630366280346 -0.0062484032805781 0.0031967758851361 -0.0025008334421536 0.0020145636752574 -0.0016579379656711 0.0014267322920101 -0.0012208311503873 0.0010603711052513
-0.0008069996483669 -0.0015274936744525 0.0031967758851361 -0.004218003939144 0.0032336924952508 -0.0026328289005731 0.0022542991076763 -0.0019824317109266 0.0017503069265695 -0.0015618123426204
0.0011587211942223 0.0013539670822543 -0.0025008334421536 0.0032336924952508 -0.0033810683818096 0.0029097517116394 -0.0025397162778366 0.0022537822865574 -0.0019983680068935 0.0017813520491176
-0.0011203333180874 -0.0010961790630739 0.0020145636752574 -0.0026328289005731 0.0029097517116394 -0.0028218587227197 0.0025663598783164 -0.0023424917641706 0.002126088271228 -0.0019270574873537
0.0010683710294208 0.00092396668736132 -0.0016579379656711 0.0022542991076763 -0.0025397162778366 0.0025663598783164 -0.0024495928022806 0.0023023979705153 -0.0021367186841546 0.0019744070574583
-0.0010110298763613 -0.00082439490580225 0.0014267322920101 -0.0019824317109266 0.0022537822865574 -0.0023424917641706 0.0023023979705153 -0.0022281535846414 0.0021122481865102 -0.0019859675264744
0.00094610158741996 0.00073051453991002 -0.0012208311503873 0.0017503069265695 -0.0019983680068935 0.002126088271228 -0.0021367186841546 0.0021122481865102 -0.0020411589101063 0.0019496463560939
-0.00088588342060895 -0.00064943079740848 0.0010603711052513 -0.0015618123426204 0.0017813520491176 -0.0019270574873537 0.0019744070574583 -0.0019859675264744 0.0019496463560939 -0.0018889477325708
