0.00049357268432938 0.00043853697386998 0.00037730604691123 0.00031176718515687 0.00027628357769895 0.00024702347280363 0.0002243876820942 0.00020840916554963 0.00019606192539753 0.00018668150880162
0.00043853697386998 0.00032781712679322 0.00030477603913972 0.00025073839375497 0.00021899089407543 0.00019218848089576 0.00017366291331825 0.00016149252923529 0.0001524441182051 0.00014578408549541
0.00037730604691123 0.00030477603913972 0.00027220072913146 0.00021758819148024 0.00019075932823542 0.00017162173329967 0.00015677420381472 0.00014563312574736 0.00013737615309232 0.00013118281252259
0.00031176718515687 0.00025073839375497 0.00021758819148024 0.00017518007858152 0.00015580721712938 0.0001420783315043 0.00013065465120841 0.00012152226705244 0.00011441154913868 0.00010917738578778
0.00027628357769895 0.00021899089407543 0.00019075932823542 0.00015580721712938 0.00013456171248057 0.00012271158751877 0.00011401363928761 0.00010655837956245 0.00010076100464243 9.6429349707905e-05
0.00024702347280363 0.00019218848089576 0.00017162173329967 0.0001420783315043 0.00012271158751877 0.00011153081121378 0.0001032848030468 9.6380089438438e-05 9.1215396353036e-05 8.7351994908528e-05
0.0002243876820942 0.00017366291331825 0.00015677420381472 0.00013065465120841 0.00011401363928761 0.0001032848030468 9.5362223062017e-05 8.914270066976e-05 8.452774897084e-05 8.1092235731531e-05
0.00020840916554963 0.00016149252923529 0.00014563312574736 0.00012152226705244 0.00010655837956245 9.6380089438438e-05 8.914270066976e-05 8.3515575738538e-05 7.9392988071693e-05 7.6365166720188e-05
0.00019606192539753 0.0001524441182051 0.00013737615309232 0.00011441154913868 0.00010076100464243 9.1215396353036e-05 8.452774897084e-05 7.9392988071693e-05 7.5597029687276e-05 7.2842737560161e-05
0.00018668150880162 0.00014578408549541 0.00013118281252259 0.00010917738578778 9.6429349707905e-05 8.7351994908528e-05 8.1092235731531e-05 7.6365166720188e-05 7.2842737560161e-05 7.030724434507e-05
