0.1013830192273 0.00031804628923318 -0.00022104886895062 0.00020234614655821 -0.00018970534791495 0.00014359698427575 -0.0001292184898122 0.00011035212736883 -0.00010026172023978 9.5034116754658e-05
0.00031804628923318 0.006138735562003 -0.00060823151732699 0.00065800810179377 -0.00041838567786792 0.00026880524928228 -0.00029493022054161 0.00027286651906784 -0.00022339208276433 0.00021008479154996
-0.00022104886895062 -0.00060823151732699 0.0066881823599693 -0.0013569866560804 0.00086080742501432 -0.00064248945908541 0.00054723686389916 -0.00042472589559912 0.00037587154726668 -0.00032871669819729
0.00020234614655821 0.00065800810179377 -0.0013569866560804 0.0062048886383494 -0.0026201153802775 0.0016875226062559 -0.0013156261673296 0.00096226072635452 -0.00071787097764353 0.00060550553262017
-0.00018970534791495 -0.00041838567786792 0.00086080742501432 -0.0026201153802775 0.0045033493926674 -0.0025329961627814 0.0018334967273549 -0.0014634594573968 0.001181147564044 -0.00099765311470504
0.00014359698427575 0.00026880524928228 -0.00064248945908541 0.0016875226062559 -0.0025329961627814 0.0030039035368946 -0.0021415094034438 0.0017039399432558 -0.0014398069091966 0.0012494776411344
-0.0001292184898122 -0.00029493022054161 0.00054723686389916 -0.0013156261673296 0.0018334967273549 -0.0021415094034438 0.0022873629506755 -0.0018989738216503 0.001629057148772 -0.0014368843213712
0.00011035212736883 0.00027286651906784 -0.00042472589559912 0.00096226072635452 -0.0014634594573968 0.0017039399432558 -0.0018989738216503 0.0018415933840398 -0.0016587456877723 0.0014973629175644
-0.00010026172023978 -0.00022339208276433 0.00037587154726668 -0.00071787097764353 0.001181147564044 -0.0014398069091966 0.001629057148772 -0.0016587456877723 0.0016078237713512 -0.0015000806655629
9.5034116754658e-05 0.00021008479154996 -0.00032871669819729 0.00060550553262017 -0.00099765311470504 0.0012494776411344 -0.0014368843213712 0.0014973629175644 -0.0015000806655629 0.0014522197584586
