0 -3.0643866539096 0.67322210562635 -2.1734187356341 0.71130418862477 -1.9197385280875 1.3708765083968 -1.8219689879225 1.1594880834624 -2.0504549191334
3.0643866539096 0 -3.0571492210997 0.24846316001177 -2.830913243658 0.32063893490952 -2.7029150016881 0.49209937884624 -2.6044839460906 0.58538215237301
-0.67322210562635 3.0571492210997 0 -3.1188920776947 0.03708642545685 -3.1250420906406 -0.017974797581915 3.1078463431595 -0.046742341419338 3.0830778036459
2.1734187356341 -0.24846316001177 3.1188920776947 0 3.1398325703855 -0.015479622071351 3.1114561054866 -0.041535015978066 3.0944706200662 -0.046537409035925
-0.71130418862477 2.830913243658 -0.03708642545685 -3.1398325703855 0 3.1329736394271 -0.021318982488377 3.1147312504762 -0.033688368756213 3.106215456913
1.9197385280875 -0.32063893490952 3.1250420906406 0.015479622071351 -3.1329736394271 0 3.1380914570362 -0.0048993507773676 3.1325682185114 -0.009514158316729
-1.3708765083968 2.7029150016881 0.017974797581915 -3.1114561054866 0.021318982488377 -3.1380914570362 0 3.1395069105452 -0.0060619624512027 3.1350817776601
1.8219689879225 -0.49209937884624 -3.1078463431595 0.041535015978066 -3.1147312504762 0.0048993507773676 -3.1395069105452 0 3.1380404019113 -0.0043394515590145
-1.1594880834624 2.6044839460906 0.046742341419338 -3.0944706200662 0.033688368756213 -3.1325682185114 0.0060619624512027 -3.1380404019113 0 3.1406207178369
2.0504549191334 -0.58538215237301 -3.0830778036459 0.046537409035925 -3.106215456913 0.009514158316729 -3.1350817776601 0.0043394515590145 -3.1406207178369 0
