0.00044856427208031 0.00033685476055353 0.00027303775156027 0.00022713245414283 0.00019911521992585 0.00017839335043721 0.0001647964526346 0.00015531062466108 0.00014806067390924 0.00014248528515043
0.00033685476055353 0.00026781797122352 0.00021114140333968 0.0001709101248083 0.00015027400915254 0.0001360025488822 0.00012647376413531 0.0001199811470619 0.00011502219872201 0.00011120495657447
0.00027303775156027 0.00021114140333968 0.00016846484621589 0.0001413866364316 0.00012346929668799 0.00011292089370213 0.00010527241559961 0.00010000890989324 9.5620249897575e-05 9.2032837344343e-05
0.00022713245414283 0.0001709101248083 0.0001413866364316 0.00011465595960913 0.00010183777157571 9.4157919291815e-05 8.8159618142898e-05 8.3700977376727e-05 8.0090430813546e-05 7.7167552295366e-05
0.00019911521992585 0.00015027400915254 0.00012346929668799 0.00010183777157571 9.0434767502414e-05 8.3600282089071e-05 7.8109782514322e-05 7.4268953006582e-05 7.1216096245739e-05 6.8834843964702e-05
0.00017839335043721 0.0001360025488822 0.00011292089370213 9.4157919291815e-05 8.3600282089071e-05 7.6964636370445e-05 7.1814646391155e-05 6.8232882475263e-05 6.5393953929735e-05 6.3207753569625e-05
0.0001647964526346 0.00012647376413531 0.00010527241559961 8.8159618142898e-05 7.8109782514322e-05 7.1814646391155e-05 6.7191255549753e-05 6.40781146146e-05 6.164638766184e-05 5.9790904900004e-05
0.00015531062466108 0.0001199811470619 0.00010000890989324 8.3700977376727e-05 7.4268953006582e-05 6.8232882475263e-05 6.40781146146e-05 6.1257846752263e-05 5.9117607257082e-05 5.7492205909163e-05
0.00014806067390924 0.00011502219872201 9.5620249897575e-05 8.0090430813546e-05 7.1216096245739e-05 6.5393953929735e-05 6.164638766184e-05 5.9117607257082e-05 5.7228430221213e-05 5.5793067964115e-05
0.00014248528515043 0.00011120495657447 9.2032837344343e-05 7.7167552295366e-05 6.8834843964702e-05 6.3207753569625e-05 5.9790904900004e-05 5.7492205909163e-05 5.5793067964115e-05 5.4496759020405e-05
