0 -3.1276596404637 0.026397895409794 -3.1277178284036 -0.0048766799538387 -3.1334447359335 0.0068606149163181 -3.1276322575576 0.020242293452299 -3.1103893377768
3.1276596404637 0 -3.1196142884821 -0.059107468529498 3.0933342898981 -0.052226240091333 3.0749214279161 -0.075774551799306 3.0574238838714 -0.089214503631652
-0.026397895409794 3.1196142884821 0 3.1014045144211 -0.029976263515727 3.1272958677824 -0.0032318541713548 -3.1328203967695 0.016923562922499 -3.1166248665644
3.1277178284036 0.059107468529498 -3.1014045144211 0 -3.1138309314911 0.042162678325026 -3.0890305549954 0.063405980049777 -3.0702623715975 0.078987539031319
0.0048766799538387 -3.0933342898981 0.029976263515727 3.1138309314911 0 -3.1304083736805 0.018542821348214 -3.1162878401948 0.030156494603737 -3.1066839287146
3.1334447359335 0.052226240091333 -3.1272958677824 -0.042162678325026 3.1304083736805 0 -3.1339036653899 0.014292156917084 -3.1219935185034 0.025069007616845
-0.0068606149163181 -3.0749214279161 0.0032318541713548 3.0890305549954 -0.018542821348214 3.1339036653899 0 -3.1357161174384 0.010032484366003 -3.1273579675121
3.1276322575576 0.075774551799306 3.1328203967695 -0.063405980049777 3.1162878401948 -0.014292156917084 3.1357161174384 0 -3.1378014770433 0.0073953155323701
-0.020242293452299 -3.0574238838714 -0.016923562922499 3.0702623715975 -0.030156494603737 3.1219935185034 -0.010032484366003 3.1378014770433 0 -3.1382263135304
3.1103893377768 0.089214503631652 3.1166248665644 -0.078987539031319 3.1066839287146 -0.025069007616845 3.1273579675121 -0.0073953155323701 3.1382263135304 0
