0.014418019650801 0.0024676157068095 0.0017239528863157 0.0014612723861986 0.0010700537846371 0.00091185359049777 0.00075795728489678 0.00064070684579561 0.00054680057675009 0.00048592806168939 0.000439608959925 0.00040639348402346 0.00038289974588176 0.00036326438195947 0.00034845634177217 0.00032997540585019 0.00031591398514758 0.00030225450133454 0.00030097832381126 0.00027655445061039
0.0024676157068095 0.0066313271952825 0.0025436982256691 0.0017109368121688 0.0014252694015514 0.0012340500635169 0.0010782726098329 0.00095643206268557 0.00086708302678663 0.0007868514574008 0.00072108304855022 0.00066773956120735 0.00062311785461846 0.00058400767680845 0.0005514887626977 0.00052304879766064 0.00049790714060328 0.000475264648472 0.00047822606864537 0.00043622148762359
0.0017239528863157 0.0025436982256691 0.0044229892985519 0.002303037103525 0.0018143565285036 0.001522810555602 0.0013232627073632 0.0011757631849769 0.0010603074039845 0.0009581059421322 0.00087795377707754 0.0008066295300215 0.0007428245816061 0.00068626448723132 0.00063554111216408 0.00059328555874095 0.00055357446128041 0.00051754236286522 0.00049214201141683 0.00045474372016005
0.0014612723861986 0.0017109368121688 0.002303037103525 0.0030042856609534 0.0021997910548226 0.0018519390209443 0.0016117315829709 0.0014341614035539 0.0012922344929995 0.0011774742724484 0.0010840603870303 0.001005228895855 0.00093734190721279 0.00087677921281435 0.0008234871214053 0.00077633711165413 0.0007335050175334 0.00069428553499681 0.00065691863945291 0.00062538114533809
0.0010700537846371 0.0014252694015514 0.0018143565285036 0.0021997910548226 0.0023684469170435 0.0020446869724427 0.0018084939978439 0.0016254028941509 0.0014756657320273 0.0013436966700939 0.0012347908194625 0.001143459213349 0.0010653402004579 0.00099606736508196 0.00093557152942163 0.00088226600559101 0.00083418934104292 0.00079056104626057 0.0007554462133599 0.00071437886396955
0.00091185359049777 0.0012340500635169 0.001522810555602 0.0018519390209443 0.0020446869724427 0.0020582069413392 0.0018934835790376 0.0017394520662507 0.0016038509836656 0.001481282063168 0.0013738562485799 0.0012811196738596 0.0011999647548371 0.0011275577936519 0.0010637011983404 0.0010069629867633 0.00095560289616907 0.00090882764607424 0.00086964506834661 0.00082685501392721
0.00075795728489678 0.0010782726098329 0.0013232627073632 0.0016117315829709 0.0018084939978439 0.0018934835790376 0.0018744555165577 0.001771142030207 0.0016631659127521 0.0015594581436258 0.0014640821692438 0.0013782450930907 0.001300616545633 0.0012297804866678 0.0011659780879929 0.0011088889004394 0.0010565021038148 0.0010083948520087 0.00096854585177826 0.00092321337686833
0.00064070684579561 0.00095643206268557 0.0011757631849769 0.0014341614035539 0.0016254028941509 0.0017394520662507 0.001771142030207 0.0017412362338012 0.001671428806411 0.0015942686805492 0.0015172439953713 0.001444697747641 0.0013758946781722 0.0013111943278399 0.001251516941366 0.0011969386102618 0.0011462267729446 0.0010990802055136 0.0010620301072856 0.0010143101376878
0.00054680057675009 0.00086708302678663 0.0010603074039845 0.0012922344929995 0.0014756657320273 0.0016038509836656 0.0016631659127521 0.001671428806411 0.0016426317541993 0.0015921161828962 0.0015345929857422 0.001476299819571 0.001418049066986 0.0013610779728034 0.0013070936058944 0.0012565183826243 0.0012087490394608 0.001163702630404 0.001128844086977 0.0010813266237612
0.00048592806168939 0.0007868514574008 0.0009581059421322 0.0011774742724484 0.0013436966700939 0.001481282063168 0.0015594581436258 0.0015942686805492 0.0015921161828962 0.0015685857642578 0.0015304473987058 0.0014870218784029 0.0014402542446887 0.00139232154557 0.0013452961709654 0.0013001174685238 0.0012565750607864 0.0012148640918348 0.0011830285610056 0.0011371213461376
0.000439608959925 0.00072108304855022 0.00087795377707754 0.0010840603870303 0.0012347908194625 0.0013738562485799 0.0014640821692438 0.0015172439953713 0.0015345929857422 0.0015304473987058 0.0015099174696476 0.0014804400920905 0.0014448415687138 0.0014058937367934 0.0013660363135629 0.0013265876309703 0.0012876546229416 0.0012496844814702 0.0012209894469737 0.0011774103867191
0.00040639348402346 0.00066773956120735 0.0008066295300215 0.001005228895855 0.001143459213349 0.0012811196738596 0.0013782450930907 0.001444697747641 0.001476299819571 0.0014870218784029 0.0014804400920905 0.0014634630422141 0.0014381451681793 0.0014077263736611 0.0013748095322486 0.0013411095529744 0.0013068776253952 0.0012728044720058 0.0012473771458121 0.0012064243116806
0.00038289974588176 0.00062311785461846 0.0007428245816061 0.00093734190721279 0.0010653402004579 0.0011999647548371 0.001300616545633 0.0013758946781722 0.001418049066986 0.0014402542446887 0.0014448415687138 0.0014381451681793 0.0014220002597756 0.0013994226294786 0.0013730459334318 0.0013449364762084 0.0013153657013373 0.0012852345649685 0.001263001724574 0.0012250037162773
0.00036326438195947 0.00058400767680845 0.00068626448723132 0.00087677921281435 0.00099606736508196 0.0011275577936519 0.0012297804866678 0.0013111943278399 0.0013610779728034 0.00139232154557 0.0014058937367934 0.0014077263736611 0.0013994226294786 0.0013839078963305 0.0013635818852568 0.0013407624272458 0.0013156942673916 0.0012894437300075 0.0012703232742239 0.0012354200802617
0.00034845634177217 0.0005514887626977 0.00063554111216408 0.0008234871214053 0.00093557152942163 0.0010637011983404 0.0011659780879929 0.001251516941366 0.0013070936058944 0.0013452961709654 0.0013660363135629 0.0013748095322486 0.0013730459334318 0.0013635818852568 0.0013491884526627 0.0013306112098257 0.0013097074719042 0.0012871014186454 0.0012708391720271 0.0012390408287076
0.00032997540585019 0.00052304879766064 0.00059328555874095 0.00077633711165413 0.00088226600559101 0.0010069629867633 0.0011088889004394 0.0011969386102618 0.0012565183826243 0.0013001174685238 0.0013265876309703 0.0013411095529744 0.0013449364762084 0.0013407624272458 0.0013306112098257 0.0013169768314751 0.0012999648163676 0.0012808291580528 0.0012673399027493 0.0012385824605647
0.00031591398514758 0.00049790714060328 0.00055357446128041 0.0007335050175334 0.00083418934104292 0.00095560289616907 0.0010565021038148 0.0011462267729446 0.0012087490394608 0.0012565750607864 0.0012876546229416 0.0013068776253952 0.0013153657013373 0.0013156942673916 0.0013097074719042 0.0012999648163676 0.0012864694188528 0.0012705165326588 0.001259592716098 0.0012337106734289
0.00030225450133454 0.000475264648472 0.00051754236286522 0.00069428553499681 0.00079056104626057 0.00090882764607424 0.0010083948520087 0.0010990802055136 0.001163702630404 0.0012148640918348 0.0012496844814702 0.0012728044720058 0.0012852345649685 0.0012894437300075 0.0012871014186454 0.0012808291580528 0.0012705165326588 0.0012574915381151 0.0012489644984965 0.0012257878508341
0.00030097832381126 0.00047822606864537 0.00049214201141683 0.00065691863945291 0.0007554462133599 0.00086964506834661 0.00096854585177826 0.0010620301072856 0.001128844086977 0.0011830285610056 0.0012209894469737 0.0012473771458121 0.001263001724574 0.0012703232742239 0.0012708391720271 0.0012673399027493 0.001259592716098 0.0012489644984965 0.001263736858527 0.001221515561093
0.00027655445061039 0.00043622148762359 0.00045474372016005 0.00062538114533809 0.00071437886396955 0.00082685501392721 0.00092321337686833 0.0010143101376878 0.0010813266237612 0.0011371213461376 0.0011774103867191 0.0012064243116806 0.0012250037162773 0.0012354200802617 0.0012390408287076 0.0012385824605647 0.0012337106734289 0.0012257878508341 0.001221515561093 0.0012032313421575
