0.00081721295519255 0.00064796310229257 0.0005532273082974 0.00046026793759144 0.00041046844726717 0.0003781884191228 0.00035754794886664 0.00034178502859561 0.00032857705515677 0.00031710743892969
0.00064796310229257 0.00049439071838797 0.00040031295935992 0.00032589191111959 0.00028712736028425 0.00026088222556089 0.00024548292604828 0.00023415180684014 0.00022444735692273 0.00021563733859656
0.0005532273082974 0.00040031295935992 0.00033288303017993 0.00026363211838247 0.00023906288353665 0.00022184725060344 0.00020927385848393 0.00020022438810402 0.00019241863019021 0.00018550725469814
0.00046026793759144 0.00032589191111959 0.00026363211838247 0.00022011263297182 0.00020385018589741 0.00019009067349322 0.00018077865060371 0.00017337692396932 0.00016661586531252 0.00016037955404109
0.00041046844726717 0.00028712736028425 0.00023906288353665 0.00020385018589741 0.00018677368190594 0.00017454309235402 0.00016665472664208 0.00016019486210115 0.00015422027696284 0.00014863925599374
0.0003781884191228 0.00026088222556089 0.00022184725060344 0.00019009067349322 0.00017454309235402 0.00016389264121881 0.00015708767561917 0.00015111824941595 0.00014552337317495 0.00014038547905518
0.00035754794886664 0.00024548292604828 0.00020927385848393 0.00018077865060371 0.00016665472664208 0.00015708767561917 0.00015075683806217 0.00014527069753299 0.00014015489114987 0.00013552269208288
0.00034178502859561 0.00023415180684014 0.00020022438810402 0.00017337692396932 0.00016019486210115 0.00015111824941595 0.00014527069753299 0.00014035366195737 0.0001358281221376 0.00013178131503139
0.00032857705515677 0.00022444735692273 0.00019241863019021 0.00016661586531252 0.00015422027696284 0.00014552337317495 0.00014015489114987 0.0001358281221376 0.00013185628011876 0.000128337584374
0.00031710743892969 0.00021563733859656 0.00018550725469814 0.00016037955404109 0.00014863925599374 0.00014038547905518 0.00013552269208288 0.00013178131503139 0.000128337584374 0.00012529858012356
