0.00042347633522756 0.00036856026640412 0.00031007503225448 0.00026503778785633 0.00021986258529588 0.00019190984342249 0.00017655656477017 0.0001661286615788 0.00015973936132171 0.00015455825320701
0.00036856026640412 0.00031144617707154 0.00026751637666377 0.00023014264032862 0.00019175631221177 0.00016604226586237 0.00015042351753264 0.00014113811388337 0.00013486017902448 0.00012986072993635
0.00031007503225448 0.00026751637666377 0.00022963947390397 0.00018510921427864 0.00015683856876474 0.00013776481725702 0.00012679427334672 0.00012032273390484 0.00011555110336124 0.00011172024786725
0.00026503778785633 0.00023014264032862 0.00018510921427864 0.00015063058359777 0.00012788631001953 0.00011334797409522 0.00010449404748078 9.9414305284438e-05 9.5968244268568e-05 9.315903695125e-05
0.00021986258529588 0.00019175631221177 0.00015683856876474 0.00012788631001953 0.00010857387713371 9.5598397505859e-05 8.8943859222917e-05 8.5480147097805e-05 8.3377251631083e-05 8.1471022455733e-05
0.00019190984342249 0.00016604226586237 0.00013776481725702 0.00011334797409522 9.5598397505859e-05 8.3812714462861e-05 7.8466698232172e-05 7.5151870501716e-05 7.3265719813903e-05 7.1674178050582e-05
0.00017655656477017 0.00015042351753264 0.00012679427334672 0.00010449404748078 8.8943859222917e-05 7.8466698232172e-05 7.3877083176185e-05 7.0529752205021e-05 6.8734819661036e-05 6.7164698443196e-05
0.0001661286615788 0.00014113811388337 0.00012032273390484 9.9414305284438e-05 8.5480147097805e-05 7.5151870501716e-05 7.0529752205021e-05 6.7169842273176e-05 6.5404966004602e-05 6.3915430135339e-05
0.00015973936132171 0.00013486017902448 0.00011555110336124 9.5968244268568e-05 8.3377251631083e-05 7.3265719813903e-05 6.8734819661036e-05 6.5404966004602e-05 6.3674718559453e-05 6.2244245631541e-05
0.00015455825320701 0.00012986072993635 0.00011172024786725 9.315903695125e-05 8.1471022455733e-05 7.1674178050582e-05 6.7164698443196e-05 6.3915430135339e-05 6.2244245631541e-05 6.0916166717776e-05
