3.1415926535898 -3.1031841550499 0.012769020674648 -3.0434493232955 0.067756854073705 -3.080029649094 0.062487606696456 -3.0539952397757 0.10107951946852 -3.0415477990515
3.1031841550499 3.1415926535898 -0.14636846266425 3.1079764763233 0.0053109181207345 3.1285554137085 -0.034574567048427 3.0928911513143 -0.039475672880871 3.0991314015021
-0.012769020674648 0.14636846266425 3.1415926535898 0.069204390969644 -3.1236354367009 -0.094449685448237 3.0053598079984 -0.11391749521043 3.0028097014944 -0.15586770641684
3.0434493232955 -3.1079764763233 -0.069204390969644 3.1415926535898 0.018035086428893 -3.1344195273301 0.015430421507069 -3.0977715670209 0.044329547088522 -3.1031100867835
-0.067756854073705 -0.0053109181207345 3.1236354367009 -0.018035086428893 3.1415926535898 -0.026073806297158 3.1000701555634 -0.041165592447373 3.0928009284493 -0.058035289349819
3.080029649094 -3.1285554137085 0.094449685448237 3.1344195273301 0.026073806297158 3.1415926535898 -0.011527070619477 3.1296891132461 -0.021024485904782 3.1138544017919
-0.062487606696456 0.034574567048427 -3.0053598079984 -0.015430421507069 -3.1000701555634 0.011527070619477 3.1415926535898 0.00041448465612496 3.1349464629065 -0.011102261428437
3.0539952397757 -3.0928911513143 0.11391749521043 3.0977715670209 0.041165592447373 -3.1296891132461 -0.00041448465612496 3.1415926535898 -0.0055572242908721 3.133449291496
-0.10107951946852 0.039475672880871 -3.0028097014944 -0.044329547088522 -3.0928009284493 0.021024485904782 -3.1349464629065 0.0055572242908721 3.1415926535898 -0.0030129796775652
3.0415477990515 -3.0991314015021 0.15586770641684 3.1031100867835 0.058035289349819 -3.1138544017919 0.011102261428437 -3.133449291496 0.0030129796775652 3.1415926535898
