0.00025717435169727 0.00023794693100214 0.00021304839405362 0.00016842279977353 0.00013747825970267 0.0001207200683865 0.00010876347383175 0.00010089112532549 9.6066674108162e-05 9.2044618107417e-05
0.00023794693100214 0.00021179213253846 0.00018420020850169 0.00015259441999656 0.00012795140590862 0.00011193214105778 0.00010130217434195 9.4778955100132e-05 9.043337442781e-05 8.6959693758961e-05
0.00021304839405362 0.00018420020850169 0.00016341040040637 0.00012951143565268 0.00010657630602732 9.4702904964105e-05 8.7269372363217e-05 8.1276365249584e-05 7.6959510875316e-05 7.3532411842404e-05
0.00016842279977353 0.00015259441999656 0.00012951143565268 0.00010220477863858 8.7993275759738e-05 7.7100134215787e-05 7.0560503754971e-05 6.5959000385991e-05 6.3293591642928e-05 6.0989803270972e-05
0.00013747825970267 0.00012795140590862 0.00010657630602732 8.7993275759738e-05 7.3370228190551e-05 6.4101954920722e-05 5.8612384299664e-05 5.4260591962908e-05 5.1875655915193e-05 4.9945728644008e-05
0.0001207200683865 0.00011193214105778 9.4702904964105e-05 7.7100134215787e-05 6.4101954920722e-05 5.7063088280953e-05 5.2101227131227e-05 4.8119896648104e-05 4.599027827148e-05 4.4371461985357e-05
0.00010876347383175 0.00010130217434195 8.7269372363217e-05 7.0560503754971e-05 5.8612384299664e-05 5.2101227131227e-05 4.8179131861052e-05 4.4825225704232e-05 4.3162718499321e-05 4.1763025885219e-05
0.00010089112532549 9.4778955100132e-05 8.1276365249584e-05 6.5959000385991e-05 5.4260591962908e-05 4.8119896648104e-05 4.4825225704232e-05 4.1994522191339e-05 4.0693839397283e-05 3.9585776280542e-05
9.6066674108162e-05 9.043337442781e-05 7.6959510875316e-05 6.3293591642928e-05 5.1875655915193e-05 4.599027827148e-05 4.3162718499321e-05 4.0693839397283e-05 3.9584716247638e-05 3.8627388843494e-05
9.2044618107417e-05 8.6959693758961e-05 7.3532411842404e-05 6.0989803270972e-05 4.9945728644008e-05 4.4371461985357e-05 4.1763025885219e-05 3.9585776280542e-05 3.8627388843494e-05 3.7781860029963e-05
