0.0061277656122525 -0.00048567203189597 0.00093573546472874 -0.00043439550352277 0.00023505682164817 -0.00028769927729833 0.00026211624328692 -0.00013408713045203 6.3617312473317e-05 -4.5593453782308e-06
-0.00048567203189597 0.0061093795424314 -0.00098924741444151 0.00043253362972114 -0.00037283989507656 0.00024231083542948 -0.00018678399067658 0.00012667609146847 -0.00015027217651277 0.00015516547825207
0.00093573546472874 -0.00098924741444151 0.0053418667035113 -0.0016925086207821 0.0012570213687711 -0.000982879995492 0.00080196097843749 -0.00068039895709846 0.00060654093079189 -0.00053663812773011
-0.00043439550352277 0.00043253362972114 -0.0016925086207821 0.0045886039324431 -0.0022850629660047 0.0014523566067356 -0.0010428337642403 0.00076708933275387 -0.0005842534100014 0.00045950003158451
0.00023505682164817 -0.00037283989507656 0.0012570213687711 -0.0022850629660047 0.0027268874554301 -0.0018658705758294 0.0014382675358178 -0.0011579485371158 0.00093393721060089 -0.00076991183327805
-0.00028769927729833 0.00024231083542948 -0.000982879995492 0.0014523566067356 -0.0018658705758294 0.0019136716519267 -0.0016175509898913 0.0013622321273599 -0.0011526661881509 0.00099355181467171
0.00026211624328692 -0.00018678399067658 0.00080196097843749 -0.0010428337642403 0.0014382675358178 -0.0016175509898913 0.0016439625178587 -0.0014347495686463 0.0012551870540482 -0.0011072248507397
-0.00013408713045203 0.00012667609146847 -0.00068039895709846 0.00076708933275387 -0.0011579485371158 0.0013622321273599 -0.0014347495686463 0.0013455325076012 -0.0012162839429903 0.0010998266913982
6.3617312473317e-05 -0.00015027217651277 0.00060654093079189 -0.0005842534100014 0.00093393721060089 -0.0011526661881509 0.0012551870540482 -0.0012162839429903 0.0011427591939413 -0.0010586681487803
-4.5593453782308e-06 0.00015516547825207 -0.00053663812773011 0.00045950003158451 -0.00076991183327805 0.00099355181467171 -0.0011072248507397 0.0010998266913982 -0.0010586681487803 0.0010075676907398
