0.02274996443786 0.0077616156132085 0.0053964517635502 0.0043336480736593 0.0036306948207351 0.0031504334570648 0.0027918033478832 0.0025087001268708 0.0022825168493335 0.0020936929348266 0.0019343961607383 0.001798617636183 0.0016813569036613 0.0015845250194585 0.0014803584592685 0.001385108536222 0.0013362966777869 0.0012636788459061 0.0012099214725407 0.0011558755882331
0.0077616156132085 0.0056988768925687 0.004328522866772 0.0035896559926191 0.0030688513921536 0.0026962725011769 0.0024099057917292 0.0021794064403142 0.0019906427370582 0.0018317347154243 0.0016967922669215 0.0015809444323205 0.0014802321176946 0.0013924113421538 0.001310370688328 0.0012394382044757 0.0011789242872074 0.0011170553603615 0.0010672983295486 0.0010192783032799
0.0053964517635502 0.004328522866772 0.0039607503064224 0.0035054168904547 0.0031148667683185 0.0028051869527823 0.0025490962898974 0.0023323854327389 0.0021485645967959 0.0019909006798294 0.0018541360477543 0.0017347994828175 0.0016296109232127 0.0015354646688854 0.0014506981242599 0.0013773952869841 0.0013072066120405 0.0012406783486448 0.0011849141397448 0.0011311739817629
0.0043336480736593 0.0035896559926191 0.0035054168904547 0.003347818894749 0.0031099727279734 0.0028844297849878 0.002677417700417 0.0024889988293676 0.0023215563990175 0.0021724804503585 0.0020388566556279 0.0019194018099599 0.0018120481489679 0.0017146627448026 0.0016263706225271 0.0015454691718196 0.0014724743840221 0.001400810778232 0.0013405908113638 0.0012822468006771
0.0036306948207351 0.0030688513921536 0.0031148667683185 0.0031099727279734 0.0030109985847995 0.0028757353815906 0.0027281268601703 0.0025783983845517 0.0024369473482005 0.002304264794085 0.0021808610205978 0.0020673913422221 0.001963163173545 0.0018672681909809 0.0017788861604399 0.0016969149445296 0.0016217161908988 0.0015477654041167 0.0014854351082019 0.0014246322569831
0.0031504334570648 0.0026962725011769 0.0028051869527823 0.0028844297849878 0.0028757353815906 0.0028172866220007 0.0027265575640224 0.002617329229826 0.0025048034966886 0.0023922165759027 0.0022827851460836 0.0021788768016351 0.0020810810684047 0.0019895802019154 0.0019035907844383 0.0018230295951915 0.0017481019536815 0.0016738320926594 0.0016110486964331 0.0015490809889802
0.0027918033478832 0.0024099057917292 0.0025490962898974 0.002677417700417 0.0027281268601703 0.0027265575640224 0.0026845742866426 0.0026134886019637 0.0025302676260139 0.0024395819278623 0.0023465800339551 0.0022548974623044 0.0021661758107685 0.0020814726225591 0.0020002058951886 0.0019232219918092 0.0018505951929359 0.0017778741604502 0.001716111491198 0.0016544608262647
0.0025087001268708 0.0021794064403142 0.0023323854327389 0.0024889988293676 0.0025783983845517 0.002617329229826 0.0026134886019637 0.0025758805475307 0.0025197392410465 0.00245100004866 0.0023755499917238 0.0022977811032496 0.0022200726985584 0.0021441181087276 0.0020695781660444 0.0019979599648583 0.0019295597101832 0.0018600531244096 0.0018008443925295 0.0017409806034828
0.0022825168493335 0.0019906427370582 0.0021485645967959 0.0023215563990175 0.0024369473482005 0.0025048034966886 0.0025302676260139 0.0025197392410465 0.0024887104078896 0.002440257077457 0.0023821724956502 0.0023187888555822 0.0022529344762853 0.002186726066791 0.0021200589318538 0.0020548744387116 0.0019918867534866 0.0019266575673302 0.0018710131359805 0.0018139207467121
0.0020936929348266 0.0018317347154243 0.0019909006798294 0.0021724804503585 0.002304264794085 0.0023922165759027 0.0024395819278623 0.00245100004866 0.002440257077457 0.0024107460039194 0.0023689998955052 0.0023197181121991 0.0022659144885959 0.0022099301138858 0.0021518386966925 0.0020939047522506 0.0020371363057384 0.0019770010822583 0.001925758523878 0.0018722454357173
0.0019343961607383 0.0016967922669215 0.0018541360477543 0.0020388566556279 0.0021808610205978 0.0022827851460836 0.0023465800339551 0.0023755499917238 0.0023821724956502 0.0023689998955052 0.0023422202287915 0.0023063012987133 0.0022642553124946 0.002218492041298 0.0021692296601716 0.0021189425007126 0.0020687928627423 0.0020142306225257 0.0019679128330397 0.0019184991687576
0.001798617636183 0.0015809444323205 0.0017347994828175 0.0019194018099599 0.0020673913422221 0.0021788768016351 0.0022548974623044 0.0022977811032496 0.0023187888555822 0.0023197181121991 0.0023063012987133 0.0022826794151577 0.002251738593036 0.0022158426550438 0.0021753185169655 0.0021327670755459 0.00208934811073 0.0020405931040837 0.0019994932281223 0.0019544988521621
0.0016813569036613 0.0014802321176946 0.0016296109232127 0.0018120481489679 0.001963163173545 0.0020810810684047 0.0021661758107685 0.0022200726985584 0.0022529344762853 0.0022659144885959 0.0022642553124946 0.002251738593036 0.0022310624369153 0.0022044665826557 0.0021723604433671 0.002137397466609 0.0021006336474768 0.002057732497331 0.0020219653089172 0.0019815528081243
0.0015845250194585 0.0013924113421538 0.0015354646688854 0.0017146627448026 0.0018672681909809 0.0019895802019154 0.0020814726225591 0.0021441181087276 0.002186726066791 0.0022099301138858 0.002218492041298 0.0022158426550438 0.0022044665826557 0.0021870283758296 0.0021622459919425 0.0021345210550244 0.0021041582928446 0.0020669774801388 0.0020364806748864 0.0020006495848953
0.0014803584592685 0.001310370688328 0.0014506981242599 0.0016263706225271 0.0017788861604399 0.0019035907844383 0.0020002058951886 0.0020695781660444 0.0021200589318538 0.0021518386966925 0.0021692296601716 0.0021753185169655 0.0021723604433671 0.0021622459919425 0.0021477014782634 0.002124690085982 0.002100530211612 0.0020689836442455 0.0020437417786453 0.0020125421951586
0.001385108536222 0.0012394382044757 0.0013773952869841 0.0015454691718196 0.0016969149445296 0.0018230295951915 0.0019232219918092 0.0019979599648583 0.0020548744387116 0.0020939047522506 0.0021189425007126 0.0021327670755459 0.002137397466609 0.0021345210550244 0.002124690085982 0.0021233660899378 0.0020921234065809 0.0020660049559856 0.0020458669810656 0.0020192205825005
0.0013362966777869 0.0011789242872074 0.0013072066120405 0.0014724743840221 0.0016217161908988 0.0017481019536815 0.0018505951929359 0.0019295597101832 0.0019918867534866 0.0020371363057384 0.0020687928627423 0.00208934811073 0.0021006336474768 0.0021041582928446 0.002100530211612 0.0020921234065809 0.0020793724834421 0.0020581283115389 0.0020427278679447 0.0020203402466449
0.0012636788459061 0.0011170553603615 0.0012406783486448 0.001400810778232 0.0015477654041167 0.0016738320926594 0.0017778741604502 0.0018600531244096 0.0019266575673302 0.0019770010822583 0.0020142306225257 0.0020405931040837 0.002057732497331 0.0020669774801388 0.0020689836442455 0.0020660049559856 0.0020581283115389 0.0020430864997356 0.0020308726952943 0.0020126102097603
0.0012099214725407 0.0010672983295486 0.0011849141397448 0.0013405908113638 0.0014854351082019 0.0016110486964331 0.001716111491198 0.0018008443925295 0.0018710131359805 0.001925758523878 0.0019679128330397 0.0019994932281223 0.0020219653089172 0.0020364806748864 0.0020437417786453 0.0020458669810656 0.0020427278679447 0.0020308726952943 0.0020244703622009 0.0020100551087968
0.0011558755882331 0.0010192783032799 0.0011311739817629 0.0012822468006771 0.0014246322569831 0.0015490809889802 0.0016544608262647 0.0017409806034828 0.0018139207467121 0.0018722454357173 0.0019184991687576 0.0019544988521621 0.0019815528081243 0.0020006495848953 0.0020125421951586 0.0020192205825005 0.0020203402466449 0.0020126102097603 0.0020100551087968 0.0020000483086874
