0.0011965046611151 0.00083277076549724 0.00068512450391535 0.0006117779248632 0.00057007128566474 0.00054450961175414 0.00052455216155867 0.00050865066133394 0.00049565495604726 0.00048486628864841
0.00083277076549724 0.00053688130631451 0.00043541467565878 0.00038913204118383 0.00036565660408121 0.00034957834120989 0.0003375208519983 0.00032817734829985 0.00032058753586605 0.00031440283661491
0.00068512450391535 0.00043541467565878 0.00034662575374529 0.00031157899380476 0.00029663478918716 0.00028691205220137 0.000279556768764 0.00027425136621627 0.00027003604816065 0.00026656471233388
0.0006117779248632 0.00038913204118383 0.00031157899380476 0.00027956656462457 0.00026687741825805 0.00025984516003255 0.00025419216654841 0.00024995796775424 0.00024642863473162 0.00024349362264218
0.00057007128566474 0.00036565660408121 0.00029663478918716 0.00026687741825805 0.0002542147446311 0.00024789267612739 0.00024328934892483 0.00023991532823796 0.00023707656043943 0.00023463739360778
0.00054450961175414 0.00034957834120989 0.00028691205220137 0.00025984516003255 0.00024789267612739 0.00024150178513043 0.00023729042728277 0.00023436034747982 0.00023190009855951 0.00022974294538375
0.00052455216155867 0.0003375208519983 0.000279556768764 0.00025419216654841 0.00024328934892483 0.00023729042728277 0.00023370255766843 0.0002314073830253 0.00022947136626575 0.00022771784269784
0.00050865066133394 0.00032817734829985 0.00027425136621627 0.00024995796775424 0.00023991532823796 0.00023436034747982 0.0002314073830253 0.00022969296701068 0.00022824018902527 0.00022685533576398
0.00049565495604726 0.00032058753586605 0.00027003604816065 0.00024642863473162 0.00023707656043943 0.00023190009855951 0.00022947136626575 0.00022824018902527 0.00022719368117077 0.00022613181248606
0.00048486628864841 0.00031440283661491 0.00026656471233388 0.00024349362264218 0.00023463739360778 0.00022974294538375 0.00022771784269784 0.00022685533576398 0.00022613181248606 0.00022534159240611
