0 3.0810120349408 0.0030572934531556 1.3960524638859 -0.93929127309005 1.695123170606 -1.6482073561948 1.4559757773883 -1.6393029394131 1.5550357339549
-3.0810120349408 0 3.1378630153984 -0.21026988033952 2.9019520239298 -0.34505153939029 2.7396746958836 -0.41948732020294 2.7129315787665 -0.41695769155176
-0.0030572934531556 -3.1378630153984 0 -3.1253897856396 -0.0070191312295285 -3.1336141709806 0.055615409512092 -3.0503442109631 0.10792280608068 -3.0194332621665
-1.3960524638859 0.21026988033952 3.1253897856396 0 -3.1303879613715 0.027172774492153 -3.0919375859503 0.061164871154492 -3.0783406012223 0.065685314414004
0.93929127309005 -2.9019520239298 0.0070191312295285 3.1303879613715 0 -3.1282497863204 0.032756943840135 -3.1023313632266 0.03899141687745 -3.1018451445175
-1.695123170606 0.34505153939029 3.1336141709806 -0.027172774492153 3.1282497863204 0 -3.1301945781905 0.01701205754253 -3.1245073386503 0.019168060393814
1.6482073561948 -2.7396746958836 -0.055615409512092 3.0919375859503 -0.032756943840135 3.1301945781905 0 -3.1355951357282 0.0072582202952054 -3.1319916973567
-1.4559757773883 0.41948732020294 3.0503442109631 -0.061164871154492 3.1023313632266 -0.01701205754253 3.1355951357282 0 -3.1406564150345 0.0028554815553108
1.6393029394131 -2.7129315787665 -0.10792280608068 3.0783406012223 -0.03899141687745 3.1245073386503 -0.0072582202952054 3.1406564150345 0 -3.1399703278813
-1.5550357339549 0.41695769155176 3.0194332621665 -0.065685314414004 3.1018451445175 -0.019168060393814 3.1319916973567 -0.0028554815553108 3.1399703278813 0
