1.6878040106702e-05 7.3738848820888e-05 7.0599106773848e-05 5.9497510781143e-05 5.0622310665347e-05 4.5260537608055e-05 4.2580396987232e-05 4.02471889076e-05 3.8628152697077e-05 3.7398891195351e-05
7.3738848820888e-05 0.00031555590100159 0.0002958211544958 0.00024234810192583 0.00020629320003511 0.00018213545608684 0.00017168366391776 0.00016330177421547 0.00015699722725017 0.00015229294555314
7.0599106773848e-05 0.0002958211544958 0.00027197475470525 0.00023773606581219 0.00020034157583676 0.00017904253969678 0.00016796358019947 0.00015880879251569 0.00015214789756135 0.00014699255558519
5.9497510781143e-05 0.00024234810192583 0.00023773606581219 0.00020280775837465 0.00017591506985776 0.00015519828215445 0.00014537587399142 0.00013713459411087 0.00013139044924231 0.00012685732624355
5.0622310665347e-05 0.00020629320003511 0.00020034157583676 0.00017591506985776 0.0001539261914738 0.00014055934444351 0.00013115523232344 0.00012358331738545 0.00011791472828768 0.00011336306003985
4.5260537608055e-05 0.00018213545608684 0.00017904253969678 0.00015519828215445 0.00014055934444351 0.00012919127837622 0.00012049280543552 0.00011377460138703 0.00010858519318074 0.00010437141005748
4.2580396987232e-05 0.00017168366391776 0.00016796358019947 0.00014537587399142 0.00013115523232344 0.00012049280543552 0.00011349086952963 0.0001085115340274 0.00010481852506263 0.00010172950529111
4.02471889076e-05 0.00016330177421547 0.00015880879251569 0.00013713459411087 0.00012358331738545 0.00011377460138703 0.0001085115340274 0.00010467022845372 0.00010205768665704 9.9782450468363e-05
3.8628152697077e-05 0.00015699722725017 0.00015214789756135 0.00013139044924231 0.00011791472828768 0.00010858519318074 0.00010481852506263 0.00010205768665704 0.00010038052787113 9.880057214535e-05
3.7398891195351e-05 0.00015229294555314 0.00014699255558519 0.00012685732624355 0.00011336306003985 0.00010437141005748 0.00010172950529111 9.9782450468363e-05 9.880057214535e-05 9.7739710516115e-05
