3.1415926535898 -3.1389093745746 -0.11036864782583 -3.0153088249885 0.018644431280693 -3.1197225278303 -0.00037011906181843 3.0728838400777 -0.14222532002613 2.9634875615638
3.1389093745746 3.1415926535898 0.00088093153359649 2.9275732036097 0.40061449060237 2.8509654092519 -0.29364034409434 2.9886018447763 -0.12674142009999 3.0140227876566
0.11036864782583 -0.00088093153359649 3.1415926535898 -0.038716864833834 3.1264477833752 0.098857032933331 -3.0502981775391 0.19645050614506 -2.9767319604461 0.09674919889102
3.0153088249885 -2.9275732036097 0.038716864833834 3.1415926535898 -0.13861042502366 3.0738699018738 0.046405643483276 3.1067189481559 -0.10655898431052 3.0037841804869
-0.018644431280693 -0.40061449060237 -3.1264477833752 0.13861042502366 3.1415926535898 -0.046838724058926 3.1121571270131 -0.047971711981356 3.0933723425828 -0.084723057545857
3.1197225278303 -2.8509654092519 -0.098857032933331 -3.0738699018738 0.046838724058926 3.1415926535898 0.0072690601361838 3.0990697646947 -0.038374297290112 3.0819715919535
0.00037011906181843 0.29364034409434 3.0502981775391 -0.046405643483276 -3.1121571270131 -0.0072690601361838 3.1415926535898 -0.021543523849076 3.1210955033095 -0.038312331072401
-3.0728838400777 -2.9886018447763 -0.19645050614506 -3.1067189481559 0.047971711981356 -3.0990697646947 0.021543523849076 3.1415926535898 0.0039318053657731 3.1376395636905
0.14222532002613 0.12674142009999 2.9767319604461 0.10655898431052 -3.0933723425828 0.038374297290112 -3.1210955033095 -0.0039318053657731 3.1415926535898 -0.0073367051689352
-2.9634875615638 -3.0140227876566 -0.09674919889102 -3.0037841804869 0.084723057545857 -3.0819715919535 0.038312331072401 -3.1376395636905 0.0073367051689352 3.1415926535898
