0.0017881886950752 0.00094255661260575 0.00075464109809394 0.00069467221421675 0.0006428078422921 0.00063213305967601 0.00062316896167291 0.00061278976876497 0.00060360132508283 0.00059695110975601
0.00094255661260575 0.00053714493204874 0.00041429174549521 0.00038448623159637 0.00035414249223507 0.0003390565117424 0.00032791574156866 0.00031775146462936 0.00031009453325705 0.00030511257496702
0.00075464109809394 0.00041429174549521 0.00032216368864094 0.00029291545726785 0.00026466626508625 0.00024880474332623 0.00024017602020419 0.00023455686657567 0.00023157444817649 0.00023084711755829
0.00069467221421675 0.00038448623159637 0.00029291545726785 0.0002538393416818 0.00023311754481164 0.00022397720374357 0.00022100882321145 0.00021919096939873 0.00021846454523245 0.0002187692469191
0.0006428078422921 0.00035414249223507 0.00026466626508625 0.00023311754481164 0.00021771655711365 0.00021105838466025 0.00021095275300548 0.00021166208981324 0.0002128508473668 0.00021454934049592
0.00063213305967601 0.0003390565117424 0.00024880474332623 0.00022397720374357 0.00021105838466025 0.00020648107201271 0.00020804748336683 0.00021011656278016 0.00021219591230417 0.00021437756472588
0.00062316896167291 0.00032791574156866 0.00024017602020419 0.00022100882321145 0.00021095275300548 0.00020804748336683 0.00021052143434474 0.0002132673597799 0.00021568794869968 0.00021807781505988
0.00061278976876497 0.00031775146462936 0.00023455686657567 0.00021919096939873 0.00021166208981324 0.00021011656278016 0.0002132673597799 0.00021630754660335 0.00021887399686154 0.00022133337246528
0.00060360132508283 0.00031009453325705 0.00023157444817649 0.00021846454523245 0.0002128508473668 0.00021219591230417 0.00021568794869968 0.00021887399686154 0.00022144390172401 0.00022389947080003
0.00059695110975601 0.00030511257496702 0.00023084711755829 0.0002187692469191 0.00021454934049592 0.00021437756472588 0.00021807781505988 0.00022133337246528 0.00022389947080003 0.00022636650025338
