-0.01613964801265 0.0016894269280202 -0.00084883667583127 0.00028907204886941 -0.00013792325964426 4.2661070359744e-05 -2.3886573084235e-05 3.2050958241428e-06 2.2728667626677e-05 -5.1060830666307e-05
0.0016894269280202 -0.0095519714941253 0.0035859243344973 -0.0021106978194717 0.001609802202855 -0.0012603748768156 0.001047426008148 -0.00089189801649564 0.00076985520915993 -0.00067310838563058
-0.00084883667583127 0.0035859243344973 -0.00648160013123 0.0042357531263589 -0.0032244633264996 0.0026133110126123 -0.0021793472793344 0.0018626168831032 -0.001621935086014 0.0014305943009014
0.00028907204886941 -0.0021106978194717 0.0042357531263589 -0.0046651105372221 0.0038644862869353 -0.0032429248717855 0.0027562779022527 -0.0023714329300089 0.0020703917909683 -0.0018273963161192
-0.00013792325964426 0.001609802202855 -0.0032244633264996 0.0038644862869353 -0.0038440560390008 0.0034538760958811 -0.0030643914131236 0.0027202986989298 -0.0024305307149136 0.002185463805095
4.2661070359744e-05 -0.0012603748768156 0.0026133110126123 -0.0032429248717855 0.0034538760958811 -0.003356535606845 0.0031215443936877 -0.0028665316871143 0.0026285478924658 -0.0024131488514841
-2.3886573084235e-05 0.001047426008148 -0.0021793472793344 0.0027562779022527 -0.0030643914131236 0.0031215443936877 -0.0030330422087646 0.0028756476307462 -0.0027020219459016 0.0025298962050364
3.2050958241428e-06 -0.00089189801649564 0.0018626168831032 -0.0023714329300089 0.0027202986989298 -0.0028665316871143 0.0028756476307462 -0.0028022376285273 0.0026908428417559 -0.0025643576524602
2.2728667626677e-05 0.00076985520915993 -0.001621935086014 0.0020703917909683 -0.0024305307149136 0.0026285478924658 -0.0027020219459016 0.0026908428417559 -0.0026319893612225 0.0025473406385468
-5.1060830666307e-05 -0.00067310838563058 0.0014305943009014 -0.0018273963161192 0.002185463805095 -0.0024131488514841 0.0025298962050364 -0.0025643576524602 0.0025473406385468 -0.0024993334634957
