0.00031798093493101 0.00026556823175125 0.00023096074729742 0.00018388569282902 0.00016131497589285 0.00014800680686669 0.00013816036134266 0.00013063660747426 0.00012496504196169 0.00012028595532817
0.00026556823175125 0.00022277678663581 0.00020263493707467 0.00016164344002069 0.00014086909712904 0.00012844185459179 0.0001187374307751 0.00011113708473795 0.00010586648931361 0.00010201539621228
0.00023096074729742 0.00020263493707467 0.00017241518749683 0.00013214638386456 0.00011677696640563 0.00010710246884357 0.00010040710191132 9.4672647458251e-05 9.0420256160338e-05 8.7135623912584e-05
0.00018388569282902 0.00016164344002069 0.00013214638386456 0.00010312383959253 9.4187724163711e-05 8.7739753218681e-05 8.1514611778485e-05 7.7351203575121e-05 7.449364418347e-05 7.2284227521042e-05
0.00016131497589285 0.00014086909712904 0.00011677696640563 9.4187724163711e-05 8.2974601023413e-05 7.7429093977315e-05 7.2728239995948e-05 6.9082735800999e-05 6.6490135754111e-05 6.4612636196476e-05
0.00014800680686669 0.00012844185459179 0.00010710246884357 8.7739753218681e-05 7.7429093977315e-05 7.0836728314078e-05 6.6683154571813e-05 6.3702303925812e-05 6.1701157312964e-05 6.0255528864116e-05
0.00013816036134266 0.0001187374307751 0.00010040710191132 8.1514611778485e-05 7.2728239995948e-05 6.6683154571813e-05 6.2994289333514e-05 6.0366474910032e-05 5.861414625101e-05 5.7294244326285e-05
0.00013063660747426 0.00011113708473795 9.4672647458251e-05 7.7351203575121e-05 6.9082735800999e-05 6.3702303925812e-05 6.0366474910032e-05 5.7745524622213e-05 5.6022645406085e-05 5.4734075952357e-05
0.00012496504196169 0.00010586648931361 9.0420256160338e-05 7.449364418347e-05 6.6490135754111e-05 6.1701157312964e-05 5.861414625101e-05 5.6022645406085e-05 5.4348063214822e-05 5.3101315295442e-05
0.00012028595532817 0.00010201539621228 8.7135623912584e-05 7.2284227521042e-05 6.4612636196476e-05 6.0255528864116e-05 5.7294244326285e-05 5.4734075952357e-05 5.3101315295442e-05 5.1893948777132e-05
