-0.0076768826021004 0.00038022830983227 -0.00060423822936612 0.00029110646860628 -0.00019145899598935 0.00014707083137002 -0.00013168792228257 0.00011299140383542 -0.00010422825695978 0.00010727971887772
0.00038022830983227 -0.010518107381668 0.0021886483730897 -0.0015129757836448 0.00099119887387587 -0.00077889612514804 0.00059124413938296 -0.00046203566841456 0.00036656020661178 -0.00030125928281633
-0.00060423822936612 0.0021886483730897 -0.0088700813789888 0.0037719155659565 -0.0026463968019416 0.001963797010595 -0.0015196081274087 0.0012103285690436 -0.0010124558267826 0.00085730947415796
0.00029110646860628 -0.0015129757836448 0.0037719155659565 -0.0062238553416786 0.0041178851839706 -0.0031296681761189 0.0025109106968076 -0.0020770021767511 0.001757893563895 -0.0015211594057914
-0.00019145899598935 0.00099119887387587 -0.0026463968019416 0.0041178851839706 -0.0046310051395131 0.0038763029642295 -0.0032766090687142 0.0028107851385795 -0.0024483974283413 0.0021568753458487
0.00014707083137002 -0.00077889612514804 0.001963797010595 -0.0031296681761189 0.0038763029642295 -0.0039090273189135 0.0035368601265994 -0.0031629440223457 0.0028369180698681 -0.0025512802202526
-0.00013168792228257 0.00059124413938296 -0.0015196081274087 0.0025109106968076 -0.0032766090687142 0.0035368601265994 -0.0034697664770852 0.0032511338369457 -0.0030114954239538 0.0027757271222746
0.00011299140383542 -0.00046203566841456 0.0012103285690436 -0.0020770021767511 0.0028107851385795 -0.0031629440223457 0.0032511338369457 -0.0031784188971178 0.0030318256109174 -0.0028581168873745
-0.00010422825695978 0.00036656020661178 -0.0010124558267826 0.001757893563895 -0.0024483974283413 0.0028369180698681 -0.0030114954239538 0.0030318256109174 -0.00296478694239 0.0028504069040022
0.00010727971887772 -0.00030125928281633 0.00085730947415796 -0.0015211594057914 0.0021568753458487 -0.0025512802202526 0.0027757271222746 -0.0028581168873745 0.0028504069040022 -0.0027874584207049
