-0.013630539565316 0.0014096499577766 -0.00088048874360138 0.0005191141433663 -0.0004366074290914 0.00030087568099657 -0.00025614816614296 0.00022570204395887 -0.00018465885408182 0.00015348867265325
0.0014096499577766 -0.0090678259067202 0.002678644648472 -0.0017865685417895 0.0013191425192711 -0.0010763235629333 0.00090989873170653 -0.00078234553055625 0.00068938417516557 -0.00061383738034472
-0.00088048874360138 0.002678644648472 -0.0059279678750797 0.0033528271645041 -0.0025551641730531 0.0020451523744991 -0.0017147997665072 0.0014707604389382 -0.0012909115487656 0.0011506187833398
0.0005191141433663 -0.0017865685417895 0.0033528271645041 -0.0041003081344532 0.0032078605621734 -0.0026733624145869 0.0022784493119043 -0.0019748369022855 0.0017422283822462 -0.0015584203381706
-0.0004366074290914 0.0013191425192711 -0.0025551641730531 0.0032078605621734 -0.0033000039639289 0.0029219601452547 -0.002590063907916 0.002300175735797 -0.002062439372454 0.0018626039343965
0.00030087568099657 -0.0010763235629333 0.0020451523744991 -0.0026733624145869 0.0029219601452547 -0.0028676321206477 0.0026623015096234 -0.0024373400640067 0.0022325335511458 -0.0020485528490862
-0.00025614816614296 0.00090989873170653 -0.0017147997665072 0.0022784493119043 -0.002590063907916 0.0026623015096234 -0.0025906411441532 0.0024429700990452 -0.0022866201379485 0.002133506415193
0.00022570204395887 -0.00078234553055625 0.0014707604389382 -0.0019748369022855 0.002300175735797 -0.0024373400640067 0.0024429700990452 -0.002365776234428 0.0022583350299682 -0.0021401577996436
-0.00018465885408182 0.00068938417516557 -0.0012909115487656 0.0017422283822462 -0.002062439372454 0.0022325335511458 -0.0022866201379485 0.0022583350299682 -0.0021930671342896 0.0021080005117976
0.00015348867265325 -0.00061383738034472 0.0011506187833398 -0.0015584203381706 0.0018626039343965 -0.0020485528490862 0.002133506415193 -0.0021401577996436 0.0021080005117976 -0.0020521324995397
