-0.003922629508763 8.5956211927448e-05 -0.00074061498137128 5.7897189120819e-05 -1.2284369498505e-06 5.954703250416e-05 -3.9302028472783e-06 -1.4892161830484e-05 -1.1855679279215e-06 -7.5051686560878e-07
8.5956211927448e-05 -0.0061671802252489 0.00041697185173748 -0.00020237017453422 -0.0003359907655395 -4.7232660500424e-05 8.1608290032078e-05 -0.00013035722848719 0.00013249094757159 -0.00013421336727554
-0.00074061498137128 0.00041697185173748 -0.0056964263489446 0.001465325747138 -0.00094902704142904 0.00062865321378248 -0.0004204017072097 0.00048412270078356 -0.00047398338252311 0.00045237235780271
5.7897189120819e-05 -0.00020237017453422 0.001465325747138 -0.0041318935982937 0.0021506557084444 -0.0015481513494706 0.0011324073361384 -0.00095598011543019 0.00084464075394558 -0.0007416675344352
-1.2284369498505e-06 -0.0003359907655395 -0.00094902704142904 0.0021506557084444 -0.0032550677320849 0.0023205900757004 -0.0018035341454245 0.0014309049248497 -0.0012025195881365 0.0010543168899099
5.954703250416e-05 -4.7232660500424e-05 0.00062865321378248 -0.0015481513494706 0.0023205900757004 -0.0026759368047822 0.0022442128829011 -0.00190199011134 0.0016100251822291 -0.0014150247771787
-3.9302028472783e-06 8.1608290032078e-05 -0.0004204017072097 0.0011324073361384 -0.0018035341454245 0.0022442128829011 -0.002203460631923 0.0019708412721877 -0.0017340527012705 0.0015548632849599
-1.4892161830484e-05 -0.00013035722848719 0.00048412270078356 -0.00095598011543019 0.0014309049248497 -0.00190199011134 0.0019708412721877 -0.0019114346021305 0.001755522380747 -0.0016214549655381
-1.1855679279215e-06 0.00013249094757159 -0.00047398338252311 0.00084464075394558 -0.0012025195881365 0.0016100251822291 -0.0017340527012705 0.001755522380747 -0.0016858046821684 0.0016033357068381
-7.5051686560878e-07 -0.00013421336727554 0.00045237235780271 -0.0007416675344352 0.0010543168899099 -0.0014150247771787 0.0015548632849599 -0.0016214549655381 0.0016033357068381 -0.0015679496349469
