0.0010364631472081 0.00081414980444966 0.00076914378342792 0.00062242536049709 0.00050151853153883 0.00041956739248155 0.00040147828099325 0.00038300387383958 0.0003721687353703 0.0003631582514865
0.00081414980444966 0.00062732723219008 0.00067947051795428 0.00050073453979533 0.00042509199346926 0.0003950145238315 0.00038261858744164 0.00036017208834673 0.00034310270410529 0.00033034976789677
0.00076914378342792 0.00067947051795428 0.00057744947864374 0.00047079090731999 0.00038009145373496 0.00032233226396507 0.00030662083828705 0.00028611202608766 0.00027516832476738 0.00026913774081089
0.00062242536049709 0.00050073453979533 0.00047079090731999 0.00033952715787575 0.0003035319342724 0.00026057394435286 0.00024778132484359 0.00022989303001099 0.00021896351897205 0.00021053484502953
0.00050151853153883 0.00042509199346926 0.00038009145373496 0.0003035319342724 0.00024524873875031 0.00021742895387862 0.00021270571237173 0.00019986708010761 0.00019093391379301 0.00018329874361376
0.00041956739248155 0.0003950145238315 0.00032233226396507 0.00026057394435286 0.00021742895387862 0.00020403816657844 0.00020264855468281 0.00019291679032018 0.00018537052798154 0.00017822804576271
0.00040147828099325 0.00038261858744164 0.00030662083828705 0.00024778132484359 0.00021270571237173 0.00020264855468281 0.00020052426841403 0.00019014714252071 0.00018269725839918 0.00017612943110549
0.00038300387383958 0.00036017208834673 0.00028611202608766 0.00022989303001099 0.00019986708010761 0.00019291679032018 0.00019014714252071 0.0001792165645954 0.00017203408753606 0.00016601259310178
0.0003721687353703 0.00034310270410529 0.00027516832476738 0.00021896351897205 0.00019093391379301 0.00018537052798154 0.00018269725839918 0.00017203408753606 0.00016534560424049 0.00015979173321399
0.0003631582514865 0.00033034976789677 0.00026913774081089 0.00021053484502953 0.00018329874361376 0.00017822804576271 0.00017612943110549 0.00016601259310178 0.00015979173321399 0.00015459749338376
