0 2.9902745555644 0.86743025107053 -2.358628567498 1.0912177649251 -1.5547609905123 1.6017437775978 -1.3463948580739 2.010142455995 -0.8863080933527
-2.9902745555644 0 3.1207665404186 0.22158274973651 3.111892627611 -0.17398892277626 -3.0532170908423 0.1146906312716 -2.9226525615118 0.35588144215172
-0.86743025107053 -3.1207665404186 0 -3.1151887583668 0.049415587315541 3.0953680605539 -0.011232437119693 -3.1269276502948 0.0075841133445974 3.1093775254756
2.358628567498 -0.22158274973651 3.1151887583668 0 -3.1197153395503 -0.045357501599442 -3.1125191836587 0.044693906292277 -3.0855716269845 0.071201251543985
-1.0912177649251 -3.111892627611 -0.049415587315541 3.1197153395503 0 3.0828409931583 -0.039100667816685 3.1316023979183 0.037114749807644 -3.0822703906482
1.5547609905123 0.17398892277626 -3.0953680605539 0.045357501599442 -3.0828409931583 0 3.1274520571503 -0.00125260839996 -3.1072930214551 0.040401456457045
-1.6017437775978 3.0532170908423 0.011232437119693 3.1125191836587 0.039100667816685 -3.1274520571503 0 -3.1281271058454 0.047553178276545 -3.0904214295783
1.3463948580739 -0.1146906312716 3.1269276502948 -0.044693906292277 -3.1316023979183 0.00125260839996 3.1281271058454 0 -3.1040878525712 0.044538189540761
-2.010142455995 2.9226525615118 -0.0075841133445974 3.0855716269845 -0.037114749807644 3.1072930214551 -0.047553178276545 3.1040878525712 0 -3.1361945193906
0.8863080933527 -0.35588144215172 -3.1093775254756 -0.071201251543985 3.0822703906482 -0.040401456457045 3.0904214295783 -0.044538189540761 3.1361945193906 0
