1.7666425996291e-05 7.8630619048368e-05 7.3133261186618e-05 6.3019502785065e-05 5.5583483094775e-05 5.2009376650265e-05 4.9319923058285e-05 4.7243147183734e-05 4.5570460975442e-05 4.4197684558886e-05
7.8630619048368e-05 0.00034466974493164 0.00031537516046244 0.00026978408077102 0.00023137276240248 0.00020865153614858 0.00019673757460994 0.00018829563386667 0.00018126503288329 0.0001753880370167
7.3133261186618e-05 0.00031537516046244 0.00030259275252236 0.00025269152895671 0.00021866242505308 0.00019871339921538 0.00018672340079256 0.00017867903001908 0.00017257611669814 0.00016751742137428
6.3019502785065e-05 0.00026978408077102 0.00025269152895671 0.00021050993260897 0.00018805126118866 0.00017423777222516 0.00016598011643378 0.00015925322290521 0.00015422815082867 0.00015009314651049
5.5583483094775e-05 0.00023137276240248 0.00021866242505308 0.00018805126118866 0.00017008672861455 0.00016087708586334 0.00015499658953244 0.00014952766642215 0.000145141954793 0.00014140002880306
5.2009376650265e-05 0.00020865153614858 0.00019871339921538 0.00017423777222516 0.00016087708586334 0.00015375511273831 0.00014945434870115 0.00014488079551272 0.00014080855258188 0.0001371599936689
4.9319923058285e-05 0.00019673757460994 0.00018672340079256 0.00016598011643378 0.00015499658953244 0.00014945434870115 0.0001459000080048 0.00014187399134697 0.00013815363665526 0.00013470148102553
4.7243147183734e-05 0.00018829563386667 0.00017867903001908 0.00015925322290521 0.00014952766642215 0.00014488079551272 0.00014187399134697 0.00013836194213693 0.00013514915374769 0.00013210309861832
4.5570460975442e-05 0.00018126503288329 0.00017257611669814 0.00015422815082867 0.000145141954793 0.00014080855258188 0.00013815363665526 0.00013514915374769 0.00013249579667435 0.00012991189430476
4.4197684558886e-05 0.0001753880370167 0.00016751742137428 0.00015009314651049 0.00014140002880306 0.0001371599936689 0.00013470148102553 0.00013210309861832 0.00012991189430476 0.00012772056994355
