-0.0083642631964541 0.00010977300426676 -0.00014660227962242 7.2588205653881e-05 -0.0002155178748141 0.00017739645793941 -0.00012319103066655 0.00011431734497392 -0.00012807889447068 0.00013421891810957
0.00010977300426676 -0.0068255747653529 0.0012614910930306 -0.00084356752259233 0.00054432083028371 -0.00038272969642996 0.00029032265135198 -0.00022995383228791 0.00019214897196658 -0.00017152619871843
-0.00014660227962242 0.0012614910930306 -0.0051249507207007 0.002003738718412 -0.0012480258715802 0.00093675844960835 -0.00073323614282706 0.00057673374264024 -0.00047800268889684 0.00040608158881315
7.2588205653881e-05 -0.00084356752259233 0.002003738718412 -0.0033721520278095 0.0018804675067737 -0.0013695269719649 0.0010896814475869 -0.00087865951470536 0.00073557446629392 -0.00062788376277763
-0.0002155178748141 0.00054432083028371 -0.0012480258715802 0.0018804675067737 -0.002297451841522 0.0017262772730052 -0.001387349135269 0.0011527905448571 -0.00098765692967347 0.00086032777136783
0.00017739645793941 -0.00038272969642996 0.00093675844960835 -0.0013695269719649 0.0017262772730052 -0.0017620578474197 0.0015001435875196 -0.0012860737981676 0.0011290931480786 -0.00099974557534043
-0.00012319103066655 0.00029032265135198 -0.00073323614282706 0.0010896814475869 -0.001387349135269 0.0015001435875196 -0.0014536728808199 0.0013081728197 -0.0011833735117452 0.0010724137361827
0.00011431734497392 -0.00022995383228791 0.00057673374264024 -0.00087865951470536 0.0011527905448571 -0.0012860737981676 0.0013081728197 -0.0012549032502111 0.0011739329344846 -0.0010888502103314
-0.00012807889447068 0.00019214897196658 -0.00047800268889684 0.00073557446629392 -0.00098765692967347 0.0011290931480786 -0.0011833735117452 0.0011739329344846 -0.0011372417770661 0.0010789161914091
0.00013421891810957 -0.00017152619871843 0.00040608158881315 -0.00062788376277763 0.00086032777136783 -0.00099974557534043 0.0010724137361827 -0.0010888502103314 0.0010789161914091 -0.0010453836719415
