3.1415926535898 -3.1125245742679 -0.013196790273986 3.092404774569 -0.031550071362803 3.0872851460349 -0.070939188830235 3.0713619845107 -0.064380740495405 3.0843710426453
3.1125245742679 3.1415926535898 -0.088109082903831 2.8896259816445 -0.15079054311431 3.0224145953068 -0.071613523383793 3.1096781587459 -0.0081633266551238 -3.120970395414
0.013196790273986 0.088109082903831 3.1415926535898 0.072257672754104 -3.1321093184643 -0.080813601189763 3.0423411583608 -0.095312422830443 3.0254853575474 -0.11812723113361
-3.092404774569 -2.8896259816445 -0.072257672754104 3.1415926535898 -0.017995181685411 3.1069931047878 -0.06854275706539 3.0561081689599 -0.074994401896936 3.0814834762509
0.031550071362803 0.15079054311431 3.1321093184643 0.017995181685411 3.1415926535898 -0.0091610228388734 3.1225938035784 -0.0392281423961 3.0956697281614 -0.053434569641964
-3.0872851460349 -3.0224145953068 0.080813601189763 -3.1069931047878 0.0091610228388734 3.1415926535898 -0.011079399459847 3.1139513045774 -0.03471080323119 3.1014899185459
0.070939188830235 0.071613523383793 -3.0423411583608 0.06854275706539 -3.1225938035784 0.011079399459847 3.1415926535898 -0.01446191291321 3.1216508743606 -0.023092464297588
-3.0713619845107 -3.1096781587459 0.095312422830443 -3.0561081689599 0.0392281423961 -3.1139513045774 0.01446191291321 3.1415926535898 -0.00533870924705 3.1338666943782
0.064380740495405 0.0081633266551238 -3.0254853575474 0.074994401896936 -3.0956697281614 0.03471080323119 -3.1216508743606 0.00533870924705 3.1415926535898 -0.0024275237955443
-3.0843710426453 3.120970395414 0.11812723113361 -3.0814834762509 0.053434569641964 -3.1014899185459 0.023092464297588 -3.1338666943782 0.0024275237955443 3.1415926535898
