0.00069173472061677 0.00055866827114912 0.00051080553791653 0.00044073312676361 0.00039309519651925 0.00035261163164681 0.00032266790103731 0.00030456500195847 0.00029213916296215 0.00028147860305126
0.00055866827114912 0.00041265231659845 0.00038451690821571 0.00032264186112056 0.0002874804010664 0.00026076408699394 0.000238154319377 0.00022302149039134 0.0002121313984503 0.00020394063230867
0.00051080553791653 0.00038451690821571 0.00035579838650682 0.00030097668313876 0.00026701117107138 0.00024355448128059 0.00022500842555049 0.00021309872666794 0.00020407843621668 0.00019594624952743
0.00044073312676361 0.00032264186112056 0.00030097668313876 0.00024414861639853 0.00021992887697761 0.00020200632124787 0.00018674223299844 0.00017684874359724 0.00017001184757126 0.00016388141425782
0.00039309519651925 0.0002874804010664 0.00026701117107138 0.00021992887697761 0.00020157131460708 0.00018399661200475 0.00017179260063336 0.00016317929435308 0.00015721379186635 0.0001519061559797
0.00035261163164681 0.00026076408699394 0.00024355448128059 0.00020200632124787 0.00018399661200475 0.00017057104737354 0.00016080021508227 0.00015363473521485 0.00014776304404506 0.00014223653554711
0.00032266790103731 0.000238154319377 0.00022500842555049 0.00018674223299844 0.00017179260063336 0.00016080021508227 0.00015037379147388 0.00014384135788822 0.00013825402412474 0.000133091221885
0.00030456500195847 0.00022302149039134 0.00021309872666794 0.00017684874359724 0.00016317929435308 0.00015363473521485 0.00014384135788822 0.00013797073702409 0.00013275407674718 0.00012792669809632
0.00029213916296215 0.0002121313984503 0.00020407843621668 0.00017001184757126 0.00015721379186635 0.00014776304404506 0.00013825402412474 0.00013275407674718 0.00012780474729402 0.00012322433064099
0.00028147860305126 0.00020394063230867 0.00019594624952743 0.00016388141425782 0.0001519061559797 0.00014223653554711 0.000133091221885 0.00012792669809632 0.00012322433064099 0.00011890056952424
