0.00033795800337711 0.00025795179491771 0.00021635015761953 0.00016771435079957 0.0001384424207909 0.00012273677949462 0.00011455158946679 0.0001074614667763 0.0001028415117512 9.8760430344699e-05
0.00025795179491771 0.00022043231506955 0.00017699912306636 0.0001373939602376 0.00011307302274832 0.00010079539596485 9.48849049689e-05 8.9341819737105e-05 8.5764376229917e-05 8.2552165098068e-05
0.00021635015761953 0.00017699912306636 0.00014794769605032 0.0001149339397504 9.2740037597987e-05 8.2040130620445e-05 7.664548432753e-05 7.1827032567544e-05 6.8606664773482e-05 6.5812692503892e-05
0.00016771435079957 0.0001373939602376 0.0001149339397504 9.0113829314931e-05 7.5286311926622e-05 6.7694043862579e-05 6.3619632516741e-05 5.9840570299121e-05 5.7194921682524e-05 5.4795317365689e-05
0.0001384424207909 0.00011307302274832 9.2740037597987e-05 7.5286311926622e-05 6.134612575692e-05 5.5389245259448e-05 5.2503177414154e-05 4.9700528190086e-05 4.7790691844286e-05 4.6061838661566e-05
0.00012273677949462 0.00010079539596485 8.2040130620445e-05 6.7694043862579e-05 5.5389245259448e-05 5.0342235976029e-05 4.8122889116961e-05 4.5772821954876e-05 4.4035654752628e-05 4.2404327948255e-05
0.00011455158946679 9.48849049689e-05 7.664548432753e-05 6.3619632516741e-05 5.2503177414154e-05 4.8122889116961e-05 4.5973721785952e-05 4.3732939837336e-05 4.2049730070478e-05 4.051063226711e-05
0.0001074614667763 8.9341819737105e-05 7.1827032567544e-05 5.9840570299121e-05 4.9700528190086e-05 4.5772821954876e-05 4.3732939837336e-05 4.1627778725242e-05 4.0073446346121e-05 3.8633685367792e-05
0.0001028415117512 8.5764376229917e-05 6.8606664773482e-05 5.7194921682524e-05 4.7790691844286e-05 4.4035654752628e-05 4.2049730070478e-05 4.0073446346121e-05 3.8617527560244e-05 3.7271399372011e-05
9.8760430344699e-05 8.2552165098068e-05 6.5812692503892e-05 5.4795317365689e-05 4.6061838661566e-05 4.2404327948255e-05 4.051063226711e-05 3.8633685367792e-05 3.7271399372011e-05 3.5997337972695e-05
