0.10141953800077 0.00062459111839413 -0.00045469939491313 0.00033430291599807 -0.00028578204537729 0.00024584992043644 -0.00021627725398395 0.00019313369643222 -0.00017463647810858 0.0001615425204248
0.00062459111839413 0.010470512021303 -0.001756515692161 0.0010649561011633 -0.00066972272682034 0.00031186404609188 -0.00017220718124707 9.6559988360992e-05 -5.5737327273862e-05 3.9649007541218e-05
-0.00045469939491313 -0.001756515692161 0.010628096769142 -0.0039230330710172 0.0026648276740701 -0.0019882150479444 0.0015692054862419 -0.0012325050393822 0.0009868755363244 -0.00081596926244892
0.00033430291599807 0.0010649561011633 -0.0039230330710172 0.0078808550286114 -0.00473113899928 0.0034470340661501 -0.0026476264455666 0.0020822530350981 -0.0016857880787529 0.0013863724012874
-0.00028578204537729 -0.00066972272682034 0.0026648276740701 -0.00473113899928 0.0057741489069512 -0.0045016376091547 0.0036666169851348 -0.0030054199754792 0.0025065205155292 -0.0021237227480593
0.00024584992043644 0.00031186404609188 -0.0019882150479444 0.0034470340661501 -0.0045016376091547 0.0045629668206615 -0.0040491554475685 0.0035195320600955 -0.0030719186987496 0.0027038927085683
-0.00021627725398395 -0.00017220718124707 0.0015692054862419 -0.0026476264455666 0.0036666169851348 -0.0040491554475685 0.0039984049568531 -0.0036903189834617 0.0033623300532064 -0.0030584273335208
0.00019313369643222 9.6559988360992e-05 -0.0012325050393822 0.0020822530350981 -0.0030054199754792 0.0035195320600955 -0.0036903189834617 0.0036106280955978 -0.0034249460866415 0.0032089105748597
-0.00017463647810858 -5.5737327273862e-05 0.0009868755363244 -0.0016857880787529 0.0025065205155292 -0.0030719186987496 0.0033623300532064 -0.0034249460866415 0.0033624600808512 -0.0032328809956211
0.0001615425204248 3.9649007541218e-05 -0.00081596926244892 0.0013863724012874 -0.0021237227480593 0.0027038927085683 -0.0030584273335208 0.0032089105748597 -0.0032328809956211 0.0031749421217613
