0.00027546369556348 0.00073051086010171 0.00081968422122274 0.00074786622280267 0.00063201113931834 0.00050988783455049 0.00043229771242451 0.00038055304964072 0.00035037109064407 0.00033077929207888
0.00073051086010171 0.00025106304967839 0.00018688712995962 0.00017435817626175 0.0001368060798014 0.00012019493798459 0.00010447767187207 9.1650305989388e-05 8.3279183790233e-05 7.772705191072e-05
0.00081968422122274 0.00018688712995962 0.00028450962658951 0.00019949484394342 0.00016335287926527 0.00012240798549921 0.00011090966019916 9.7104590598293e-05 9.07347797226e-05 8.5450438627104e-05
0.00074786622280267 0.00017435817626175 0.00019949484394342 0.00025110868805977 0.00015826435612859 0.00012181848387702 0.00010004893775737 8.9378512842836e-05 8.2309128473408e-05 7.7669268378127e-05
0.00063201113931834 0.0001368060798014 0.00016335287926527 0.00015826435612859 0.00018317329735854 0.00011449609599115 9.5893828113328e-05 8.1707401431549e-05 7.3617541750544e-05 6.9090124786199e-05
0.00050988783455049 0.00012019493798459 0.00012240798549921 0.00012181848387702 0.00011449609599115 0.00011321887391712 8.9450267692349e-05 7.5613111024521e-05 6.691417948353e-05 6.1355610826003e-05
0.00043229771242451 0.00010447767187207 0.00011090966019916 0.00010004893775737 9.5893828113328e-05 8.9450267692349e-05 8.9834468258637e-05 7.4107703567925e-05 6.4392893945182e-05 5.8601262317865e-05
0.00038055304964072 9.1650305989388e-05 9.7104590598293e-05 8.9378512842836e-05 8.1707401431549e-05 7.5613111024521e-05 7.4107703567925e-05 6.7618422363647e-05 5.9722398610564e-05 5.4781636225701e-05
0.00035037109064407 8.3279183790233e-05 9.07347797226e-05 8.2309128473408e-05 7.3617541750544e-05 6.691417948353e-05 6.4392893945182e-05 5.9722398610564e-05 5.5156751597782e-05 5.1480922763324e-05
0.00033077929207888 7.772705191072e-05 8.5450438627104e-05 7.7669268378127e-05 6.9090124786199e-05 6.1355610826003e-05 5.8601262317865e-05 5.4781636225701e-05 5.1480922763324e-05 4.9246878153376e-05
