0.014666181485095 -0.0040204096316093 0.0033713580375851 -0.0025770394216978 0.0021880651100828 -0.0017075301420179 0.001472248418709 -0.0012475537707446 0.0010523229158953 -0.00089497913809331
-0.0040204096316093 0.010310630909088 -0.0033899896981968 0.002352876014135 -0.0017637439088171 0.0013163336041524 -0.0010836235833569 0.00091369632218529 -0.0007876080170229 0.0006829247093742
0.0033713580375851 -0.0033899896981968 0.0075630014806509 -0.0036091801131196 0.002436278925055 -0.0018045482914817 0.0014345356637285 -0.0011877417345755 0.0010124204593448 -0.00087798174944532
-0.0025770394216978 0.002352876014135 -0.0036091801131196 0.0051341202785185 -0.0032812923706347 0.0024391117833326 -0.0019589269534184 0.0016365230692678 -0.0013872641112112 0.001197414529767
0.0021880651100828 -0.0017637439088171 0.002436278925055 -0.0032812923706347 0.0036707604652182 -0.0028541327837194 0.0023689506745569 -0.0020272382607727 0.0017503803510117 -0.0015330937815046
-0.0017075301420179 0.0013163336041524 -0.0018045482914817 0.0024391117833326 -0.0028541327837194 0.0028071689442359 -0.002458456807363 0.0021708682133272 -0.0019162401485264 0.0017058510055652
0.001472248418709 -0.0010836235833569 0.0014345356637285 -0.0019589269534184 0.0023689506745569 -0.002458456807363 0.0023739559174732 -0.0021845027970403 0.0019827694993913 -0.0018038020115151
-0.0012475537707446 0.00091369632218529 -0.0011877417345755 0.0016365230692678 -0.0020272382607727 0.0021708682133272 -0.0021845027970403 0.0021047162096249 -0.0019639912872126 0.0018243354646082
0.0010523229158953 -0.0007876080170229 0.0010124204593448 -0.0013872641112112 0.0017503803510117 -0.0019162401485264 0.0019827694993913 -0.0019639912872126 0.0018825939212094 -0.0017834288368047
-0.00089497913809331 0.0006829247093742 -0.00087798174944532 0.001197414529767 -0.0015330937815046 0.0017058510055652 -0.0018038020115151 0.0018243354646082 -0.0017834288368047 0.0017199879750873
