0.00020128738753503 0.0010296488049076 0.0010391156785918 0.00092703788711173 0.0007728389912979 0.00068207673814622 0.00064194918508109 0.00060912665458944 0.00058047408251431 0.00055704857670466
0.0010296488049076 0.00051030993056825 0.00035450837547499 0.00029909481026008 0.0002510176766874 0.00022714594938071 0.00021566511557541 0.00020665377843363 0.00019667760116225 0.00018877790801998
0.0010391156785918 0.00035450837547499 0.0004547178698161 0.00033372614425728 0.00025571904403074 0.00022049020292686 0.00021063124596907 0.0002008696024507 0.00019140592010973 0.00018393445322673
0.00092703788711173 0.00029909481026008 0.00033372614425728 0.00037058475010231 0.00028154255314687 0.00023825621079064 0.0002166640862142 0.00020189487017047 0.00018932699506943 0.00017885243412322
0.0007728389912979 0.0002510176766874 0.00025571904403074 0.00028154255314687 0.00027737023185989 0.00023422967547233 0.00021071620772963 0.0001943120341784 0.0001800742469837 0.00016941155579069
0.00068207673814622 0.00022714594938071 0.00022049020292686 0.00023825621079064 0.00023422967547233 0.0002209029531024 0.000204037848366 0.000189261425313 0.00017598922008092 0.00016550631932327
0.00064194918508109 0.00021566511557541 0.00021063124596907 0.0002166640862142 0.00021071620772963 0.000204037848366 0.00019753616790618 0.00018777300845083 0.00017721131165853 0.000168121797631
0.00060912665458944 0.00020665377843363 0.0002008696024507 0.00020189487017047 0.0001943120341784 0.000189261425313 0.00018777300845083 0.0001832229558367 0.00017602343876506 0.00016896546376406
0.00058047408251431 0.00019667760116225 0.00019140592010973 0.00018932699506943 0.0001800742469837 0.00017598922008092 0.00017721131165853 0.00017602343876506 0.00017179430621023 0.00016679566854571
0.00055704857670466 0.00018877790801998 0.00018393445322673 0.00017885243412322 0.00016941155579069 0.00016550631932327 0.000168121797631 0.00016896546376406 0.00016679566854571 0.00016350358856936
