0.00018460974344137 0.00019900108952376 0.00017477338838214 0.00015315188561284 0.00012377064011191 0.00010391631596394 9.2144339871867e-05 8.4538106086637e-05 7.8380213186918e-05 7.3796371265835e-05
0.00019900108952376 0.0002070136594787 0.00018821998180063 0.00016440177521347 0.00013011990431048 0.00011028946977846 9.8225078582451e-05 8.9690341581412e-05 8.3894185021602e-05 7.9641007258192e-05
0.00017477338838214 0.00018821998180063 0.00018142017526665 0.00015209238724965 0.00012167831631677 0.00010313066968872 9.2448536861427e-05 8.4998367672991e-05 7.8980160844364e-05 7.4574882672616e-05
0.00015315188561284 0.00016440177521347 0.00015209238724965 0.00013036928611442 0.00010288486936267 8.6629711278991e-05 7.8430021459281e-05 7.1552057780499e-05 6.6827668963882e-05 6.325595727069e-05
0.00012377064011191 0.00013011990431048 0.00012167831631677 0.00010288486936267 8.2556937307783e-05 6.7430914341862e-05 6.180650786711e-05 5.8000101309818e-05 5.4582448756594e-05 5.1962594176349e-05
0.00010391631596394 0.00011028946977846 0.00010313066968872 8.6629711278991e-05 6.7430914341862e-05 5.6901413676182e-05 5.21159983677e-05 4.8446416679932e-05 4.5188916642961e-05 4.2869479189608e-05
9.2144339871867e-05 9.8225078582451e-05 9.2448536861427e-05 7.8430021459281e-05 6.180650786711e-05 5.21159983677e-05 4.7659583029729e-05 4.4005457356073e-05 4.0907302793841e-05 3.8861942056429e-05
8.4538106086637e-05 8.9690341581412e-05 8.4998367672991e-05 7.1552057780499e-05 5.8000101309818e-05 4.8446416679932e-05 4.4005457356073e-05 4.0697044016276e-05 3.7732058187307e-05 3.5887482046738e-05
7.8380213186918e-05 8.3894185021602e-05 7.8980160844364e-05 6.6827668963882e-05 5.4582448756594e-05 4.5188916642961e-05 4.0907302793841e-05 3.7732058187307e-05 3.5013533248773e-05 3.3310443626006e-05
7.3796371265835e-05 7.9641007258192e-05 7.4574882672616e-05 6.325595727069e-05 5.1962594176349e-05 4.2869479189608e-05 3.8861942056429e-05 3.5887482046738e-05 3.3310443626006e-05 3.1675386460819e-05
