3.1415926535898 -3.0608807053152 0.044936157824788 -3.1117793867128 0.018164397371312 -3.1334433609547 -0.00079136144336081 3.1327455443944 -0.016116581530902 3.1189536020345
3.0608807053152 3.1415926535898 -0.0073374087624422 3.1284823936206 -0.018955291340267 3.1169359429917 -0.02988251348958 3.1081861328616 3.0319188906118 -0.053838334944885
-0.044936157824788 0.0073374087624422 3.1415926535898 -0.0046051685805067 3.1326920613448 -0.012895508867128 3.1252050017954 -0.019123767445801 3.1210903795131 -0.018986168767318
3.1117793867128 -3.1284823936206 0.0046051685805067 3.1415926535898 -0.003955473725244 3.1341291428454 -0.010427316939229 3.1288672234773 -0.014110658193151 3.1274481203342
-0.018164397371312 0.018955291340267 -3.1326920613448 0.003955473725244 3.1415926535898 -0.0033449368094276 3.1355162732977 -0.0081541419127173 3.132117636869 -0.009873229712546
3.1334433609547 -3.1169359429917 0.012895508867128 -3.1341291428454 0.0033449368094276 3.1415926535898 -0.002656590040854 3.1369389432708 -0.00598056568085 3.1349909354201
0.00079136144336081 0.02988251348958 -3.1252050017954 0.010427316939229 -3.1355162732977 0.002656590040854 3.1415926535898 -0.0019854944690793 3.1382355872211 -0.0041558976327108
-3.1327455443944 -3.1081861328616 0.019123767445801 -3.1288672234773 0.0081541419127173 -3.1369389432708 0.0019854944690793 3.1415926535898 -0.0014114310165469 3.1392542067711
0.016116581530902 -3.0319188906118 -3.1210903795131 0.014110658193151 -3.132117636869 0.00598056568085 -3.1382355872211 0.0014114310165469 3.1415926535898 -0.00099619395047519
-3.1189536020345 0.053838334944885 0.018986168767318 -3.1274481203342 0.009873229712546 -3.1349909354201 0.0041558976327108 -3.1392542067711 0.00099619395047519 3.1415926535898
