3.1415926535898 -3.1104503526853 0.013287449664593 3.0808813554014 -0.041782949070372 3.1183200811993 -0.027255634213475 3.0955361631583 -0.059911203833187 3.069212671863
3.1104503526853 3.1415926535898 -0.031188448297174 2.8943566636722 -0.23607143164447 3.0198547821773 -0.098328626922631 3.0446440948889 -0.07952586514279 3.0785180465411
-0.013287449664593 0.031188448297174 3.1415926535898 -0.038108896164215 3.117438361823 -0.017049187987325 3.1260746245945 -0.013591858444507 3.1316796766143 -0.0014760488807081
-3.0808813554014 -2.8943566636722 0.038108896164215 3.1415926535898 -0.0123739290075 3.1018258894457 -0.070587102476422 3.0459266952215 -0.11144521995486 3.0196272511677
0.041782949070372 0.23607143164447 -3.117438361823 0.0123739290075 3.1415926535898 -0.013492792943252 3.1111277050181 -0.0454741127897 3.0844891736129 -0.067966030081319
-3.1183200811993 -3.0198547821773 0.017049187987325 -3.1018258894457 0.013492792943252 3.1415926535898 -0.013951351066429 3.1175107292687 -0.032026172903228 3.1022472705648
0.027255634213475 0.098328626922631 -3.1260746245945 0.070587102476422 -3.1111277050181 0.013951351066429 3.1415926535898 -0.0083777926659572 3.1260680232851 -0.021828519095297
-3.0955361631583 -3.0446440948889 0.013591858444507 -3.0459266952215 0.0454741127897 -3.1175107292687 0.0083777926659572 3.1415926535898 -0.0072217980487295 3.128411205501
0.059911203833187 0.07952586514279 -3.1316796766143 0.11144521995486 -3.0844891736129 0.032026172903228 -3.1260680232851 0.0072217980487295 3.1415926535898 -0.0056136714496636
-3.069212671863 -3.0785180465411 0.0014760488807081 -3.0196272511677 0.067966030081319 -3.1022472705648 0.021828519095297 -3.128411205501 0.0056136714496636 3.1415926535898
