0.00015972871562059 0.00080644289198111 0.00089662753292891 0.00076251475167163 0.00066476430292984 0.00056241243359979 0.00047432704385918 0.00042778963204504 0.00039524465428987 0.00037143548720433
0.00080644289198111 0.00029644083635598 0.00022690034342446 0.00019194444992485 0.00017776167061508 0.00014211099999055 0.00011616679080612 0.00010265282186615 9.3519095174805e-05 8.6158360166373e-05
0.00089662753292891 0.00022690034342446 0.00034588459090534 0.00022152576862487 0.00018336657799969 0.00015657170195634 0.00012840714142188 0.00011741776166622 0.00010945967241084 0.00010332613809936
0.00076251475167163 0.00019194444992485 0.00022152576862487 0.00025995171033509 0.00017059887450013 0.00013790263834569 0.00011962135375754 0.0001057366466161 9.5693611558785e-05 8.8645471162854e-05
0.00066476430292984 0.00017776167061508 0.00018336657799969 0.00017059887450013 0.00019501529786507 0.00013402955907423 0.00010479601705297 8.9521375988558e-05 7.962787667038e-05 7.3520389819334e-05
0.00056241243359979 0.00014211099999055 0.00015657170195634 0.00013790263834569 0.00013402955907423 0.00014182393270028 0.00010900407120975 9.2224389270072e-05 7.9904152254318e-05 7.1493546300418e-05
0.00047432704385918 0.00011616679080612 0.00012840714142188 0.00011962135375754 0.00010479601705297 0.00010900407120975 0.00010194759810055 8.8317409426787e-05 7.7818157492253e-05 7.0209114617713e-05
0.00042778963204504 0.00010265282186615 0.00011741776166622 0.0001057366466161 8.9521375988558e-05 9.2224389270072e-05 8.8317409426787e-05 8.1813457289362e-05 7.4185846463735e-05 6.7967580838313e-05
0.00039524465428987 9.3519095174805e-05 0.00010945967241084 9.5693611558785e-05 7.962787667038e-05 7.9904152254318e-05 7.7818157492253e-05 7.4185846463735e-05 7.0052335338925e-05 6.5702476588083e-05
0.00037143548720433 8.6158360166373e-05 0.00010332613809936 8.8645471162854e-05 7.3520389819334e-05 7.1493546300418e-05 7.0209114617713e-05 6.7967580838313e-05 6.5702476588083e-05 6.2945893652954e-05
