3.1415926535898 -0.16606091124518 -2.6782778047055 0.41516898499986 -2.7994035606572 0.14991017421437 -3.1019023287813 0.085338532223386 -3.0338077541827 0.16446997689675
0.16606091124518 3.1415926535898 0.085684279224925 3.1334099720337 -0.034908956916356 3.0755411914093 -0.13502423445326 2.9741895662879 -0.17909830130186 2.9604359811326
2.6782778047055 -0.085684279224925 3.1415926535898 -0.010590758545442 -3.1303474458088 0.00053760010247543 3.140385351484 -0.0082118430286905 3.1302831334981 -0.018676147615977
-0.41516898499986 -3.1334099720337 0.010590758545442 3.1415926535898 -0.0053408892502828 -3.1397949780846 0.0094185964571153 -3.1259629501121 0.022314647837562 -3.1141919656684
2.7994035606572 0.034908956916356 3.1303474458088 0.0053408892502828 3.1415926535898 0.0036625268721633 -3.1385680947827 0.0020195237177044 -3.1376467690131 0.0064495391341183
-0.14991017421437 -3.0755411914093 -0.00053760010247543 3.1397949780846 -0.0036625268721633 3.1415926535898 -0.00415435809421 3.1349158466408 -0.0059981436912931 3.1374595142936
3.1019023287813 0.13502423445326 -3.140385351484 -0.0094185964571153 3.1385680947827 0.00415435809421 3.1415926535898 -0.0032272494085372 3.138754266177 -0.0010687307418601
-0.085338532223386 -2.9741895662879 0.0082118430286905 3.1259629501121 -0.0020195237177044 -3.1349158466408 0.0032272494085372 3.1415926535898 0.00043227956966688 -3.1393942964636
3.0338077541827 0.17909830130186 -3.1302831334981 -0.022314647837562 3.1376467690131 0.0059981436912931 -3.138754266177 -0.00043227956966688 3.1415926535898 0.0016677274265469
-0.16446997689675 -2.9604359811326 0.018676147615977 3.1141919656684 -0.0064495391341183 -3.1374595142936 0.0010687307418601 3.1393942964636 -0.0016677274265469 3.1415926535898
