0.018372727790469 -0.0036906694895561 0.0025183276228934 -0.0019111666733697 0.0015677564529971 -0.0013651454665768 0.0012249787485916 -0.0011108635997192 0.0010089301689332 -0.00092121087988927
-0.0036906694895561 0.0095135952389981 -0.0046171519469265 0.0032901952160135 -0.0026223008677411 0.0021114821347961 -0.0017662093475758 0.0015081376953155 -0.0013032032688619 0.0011385021610393
0.0025183276228934 -0.0046171519469265 0.0059840345105443 -0.0044426694978034 0.0035484532135823 -0.002917348598903 0.0024716568701246 -0.0021328979324105 0.0018643390120023 -0.0016464407238116
-0.0019111666733697 0.0032901952160135 -0.0044426694978034 0.0045273723859017 -0.0038766919252495 0.0033197413805419 -0.0028946863479855 0.0025453104584453 -0.002257655655617 0.002019008951524
0.0015677564529971 -0.0026223008677411 0.0035484532135823 -0.0038766919252495 0.00371471141778 -0.0033576846527484 0.0030326947478874 -0.0027373080993302 0.0024771121166885 -0.0022511734653534
-0.0013651454665768 0.0021114821347961 -0.002917348598903 0.0033197413805419 -0.0033576846527484 0.0032053094712663 -0.0030028390566087 0.0027837044791611 -0.0025721366703557 0.0023772863255693
0.0012249787485916 -0.0017662093475758 0.0024716568701246 -0.0028946863479855 0.0030326947478874 -0.0030028390566087 0.0029070293338418 -0.0027616438617362 0.0026008059361387 -0.0024409921157075
-0.0011108635997192 0.0015081376953155 -0.0021328979324105 0.0025453104584453 -0.0027373080993302 0.0027837044791611 -0.0027616438617362 0.0026787710095362 -0.0025657549949175 0.0024418353466215
0.0010089301689332 -0.0013032032688619 0.0018643390120023 -0.002257655655617 0.0024771121166885 -0.0025721366703557 0.0026008059361387 -0.0025657549949175 0.0024936296086504 -0.0024028454398724
-0.00092121087988927 0.0011385021610393 -0.0016464407238116 0.002019008951524 -0.0022511734653534 0.0023772863255693 -0.0024409921157075 0.0024418353466215 -0.0024028454398724 0.0023408148388655
