3.1415926535898 3.137087500951 -0.069709780764572 -3.1159868204156 -0.02502383918679 3.0939723560213 -0.038169483155339 3.096546246312 -0.043724325828254 3.1030900272797
-3.137087500951 3.1415926535898 -0.034544499286514 -3.095381496113 -0.077615638247505 3.0237991946736 -0.082145345272746 3.0776386710208 -0.05058942174411 3.0970548510781
0.069709780764572 0.034544499286514 3.1415926535898 0.081617065042015 -3.0441945265747 0.10127989124237 -3.0288048574912 0.093843024731599 -3.0644170031517 0.066025423864767
3.1159868204156 3.095381496113 -0.081617065042015 3.1415926535898 -0.03726295833949 3.0905659996199 -0.059906913044086 3.0576966512531 -0.099468764279955 3.0317163306463
0.02502383918679 0.077615638247505 3.0441945265747 0.03726295833949 3.1415926535898 -0.010703452227063 3.1295350116645 -0.020958763144223 3.1157103840896 -0.031067172000327
-3.0939723560213 -3.0237991946736 -0.10127989124237 -3.0905659996199 0.010703452227063 3.1415926535898 0.0038444089368858 -3.1406116638328 -0.0012115668897643 3.1377465816851
0.038169483155339 0.082145345272746 3.0288048574912 0.059906913044086 -3.1295350116645 -0.0038444089368858 3.1415926535898 -0.00093545580584603 3.1382196967359 -0.0059946978845592
-3.096546246312 -3.0776386710208 -0.093843024731599 -3.0576966512531 0.020958763144223 3.1406116638328 0.00093545580584603 3.1415926535898 -0.0023722847559677 3.1368652997115
0.043724325828254 0.05058942174411 3.0644170031517 0.099468764279955 -3.1157103840896 0.0012115668897643 -3.1382196967359 0.0023722847559677 3.1415926535898 -0.0021633846405362
-3.1030900272797 -3.0970548510781 -0.066025423864767 -3.0317163306463 0.031067172000327 -3.1377465816851 0.0059946978845592 -3.1368652997115 0.0021633846405362 3.1415926535898
