0 1.2359022152826 1.6556292996385 -2.5117772682354 -0.39109335374942 1.9208469878894 -1.174135935368 2.1196852897951 -1.2144574254966 1.9122326407438
-1.2359022152826 0 3.1061720071149 -0.11790571025403 3.0033126027585 -0.28525172362649 2.9605205596715 -0.1458488650073 2.9917299536569 -0.14880930315178
-1.6556292996385 -3.1061720071149 0 -3.1120135090404 0.053475486880323 -3.0894494108261 0.03185303231482 -3.1362900206528 -0.012242440308842 3.1063108405031
2.5117772682354 0.11790571025403 3.1120135090404 0 3.1310592840017 -0.023219783542284 3.1153003275918 -0.044855643602974 3.0805765737709 -0.080827563661795
0.39109335374942 -3.0033126027585 -0.053475486880323 -3.1310592840017 0 3.1313808659506 -0.0088992621497762 3.1248864422223 -0.022034310584844 3.1097191286273
-1.9208469878894 0.28525172362649 3.0894494108261 0.023219783542284 -3.1313808659506 0 -3.1385596017798 -0.0035441876684195 3.1342958729023 -0.014068910372786
1.174135935368 -2.9605205596715 -0.03185303231482 -3.1153003275918 0.0088992621497762 3.1385596017798 0 3.135730041026 -0.0094737266424235 3.1250491576406
-2.1196852897951 0.1458488650073 3.1362900206528 0.044855643602974 -3.1248864422223 0.0035441876684195 -3.135730041026 0 3.1378682853364 -0.010809704328822
1.2144574254966 -2.9917299536569 0.012242440308842 -3.0805765737709 0.022034310584844 -3.1342958729023 0.0094737266424235 -3.1378682853364 0 3.1349210268196
-1.9122326407438 0.14880930315178 -3.1063108405031 0.080827563661795 -3.1097191286273 0.014068910372786 -3.1250491576406 0.010809704328822 -3.1349210268196 0
