3.1415926535898 0.11813457231215 3.03417823234 -0.231444399533 2.9450239677867 -0.55330830303039 2.3527022756737 -1.0427981907584 1.7585383001546 -1.7648785331822
-0.11813457231215 3.1415926535898 0.13646975980914 -3.0777217281296 0.16081823524866 -2.9716527050511 0.16580736147045 -3.0020458908795 0.10382601569278 -3.06880544961
-3.03417823234 -0.13646975980914 3.1415926535898 -0.017358727688735 3.1224132815074 -0.0052812682586821 3.1339357350313 -0.016318019490986 3.113617480794 -0.04265244068756
0.231444399533 3.0777217281296 0.017358727688735 3.1415926535898 0.0017918262287603 -3.1267124202374 0.016393125609111 -3.1285889449276 0.0086195686584896 -3.1369063522122
-2.9450239677867 -0.16081823524866 -3.1224132815074 -0.0017918262287603 3.1415926535898 0.005657077123113 -3.140675079829 -0.0047747716514249 3.130701451254 -0.016066993043026
0.55330830303039 2.9716527050511 0.0052812682586821 3.1267124202374 -0.005657077123113 3.1415926535898 -0.0017534111911261 3.1365466370663 -0.0086743679584156 3.1298304183191
-2.3527022756737 -0.16580736147045 -3.1339357350313 -0.016393125609111 3.140675079829 0.0017534111911261 3.1415926535898 -0.0025161831599206 3.1365942947437 -0.0069726367652749
1.0427981907584 3.0020458908795 0.016318019490986 3.1285889449276 0.0047747716514249 -3.1365466370663 0.0025161831599206 3.1415926535898 -0.0020161995336657 3.1382433432723
-1.7585383001546 -0.10382601569278 -3.113617480794 -0.0086195686584896 -3.130701451254 0.0086743679584156 -3.1365942947437 0.0020161995336657 3.1415926535898 -0.0011261984314395
1.7648785331822 3.06880544961 0.04265244068756 3.1369063522122 0.016066993043026 -3.1298304183191 0.0069726367652749 -3.1382433432723 0.0011261984314395 3.1415926535898
