-0.00060999396379196 -0.0016109980600024 0.0010602139636174 -0.00085345465317465 0.00072619727337655 -0.00062857673387952 0.00056678501663291 -0.00051972171140935 0.00048330345800385 -0.00045448016803715
-0.0016109980600024 -0.011384685714959 0.0023645569672708 -0.0013827395972523 0.00092968258611485 -0.00064130122278232 0.00053956624750487 -0.00046896198604469 0.0004175770130488 -0.00038022881936182
0.0010602139636174 0.0023645569672708 -0.0092464114293731 0.0042825942994075 -0.0028642932768248 0.0021180435935148 -0.001674921403135 0.0013938855225114 -0.0011978398769079 0.0010557579855249
-0.00085345465317465 -0.0013827395972523 0.0042825942994075 -0.0064491908974705 0.0046125635011362 -0.0035199520088745 0.0028362704232888 -0.0023407766128604 0.0019824758561297 -0.0017134706599049
0.00072619727337655 0.00092968258611485 -0.0028642932768248 0.0046125635011362 -0.0050290003494861 0.004246587943123 -0.0035798970707845 0.003054155619961 -0.0026477240252457 0.0023268968530664
-0.00062857673387952 -0.00064130122278232 0.0021180435935148 -0.0035199520088745 0.004246587943123 -0.004191342716282 0.0037703757125452 -0.0033542403502852 0.0029991704217308 -0.0026985577892313
0.00056678501663291 0.00053956624750487 -0.001674921403135 0.0028362704232888 -0.0035798970707845 0.0037703757125452 -0.0036377809804916 0.003387056045788 -0.0031281278331466 0.0028846254645279
-0.00051972171140935 -0.00046896198604469 0.0013938855225114 -0.0023407766128604 0.003054155619961 -0.0033542403502852 0.003387056045788 -0.0032894211831691 0.0031324153666664 -0.0029569522146912
0.00048330345800385 0.0004175770130488 -0.0011978398769079 0.0019824758561297 -0.0026477240252457 0.0029991704217308 -0.0031281278331466 0.0031324153666664 -0.0030607350337586 0.0029485798247912
-0.00045448016803715 -0.00038022881936182 0.0010557579855249 -0.0017134706599049 0.0023268968530664 -0.0026985577892313 0.0028846254645279 -0.0029569522146912 0.0029485798247912 -0.0028897755899216
