-0.0051551621277537 -5.0185194525212e-05 -0.00012478661953598 0.00028427695492356 -0.00016524749747677 0.00012276819884658 -9.2187171738003e-05 5.8322817885264e-05 -4.6886258003574e-05 3.9577628225209e-05
-5.0185194525212e-05 -0.0077208378669455 0.0011536499770931 -0.00065101292764442 0.00053488693475148 -0.00032501621869937 0.00023243031935326 -0.00016198577987024 0.00010879407780216 -7.0851490666917e-05
-0.00012478661953598 0.0011536499770931 -0.0072490976506096 0.0024444123535242 -0.0016282839633769 0.0012336999436062 -0.00089385410921241 0.00067696505008028 -0.00052666061491897 0.00041773154596494
0.00028427695492356 -0.00065101292764442 0.0024444123535242 -0.0051482373130069 0.0026791689782783 -0.0019365543219905 0.0014846864902495 -0.0012074129833533 0.00099988726189584 -0.00083044021882175
-0.00016524749747677 0.00053488693475148 -0.0016282839633769 0.0026791689782783 -0.0037642645585027 0.0027307344001848 -0.0021324690425448 0.001754383959393 -0.0014871020881209 0.0012748932251041
0.00012276819884658 -0.00032501621869937 0.0012336999436062 -0.0019365543219905 0.0027307344001848 -0.002931770180659 0.002453268891591 -0.0020885593527374 0.0018148036621459 -0.0015872184996619
-9.2187171738003e-05 0.00023243031935326 -0.00089385410921241 0.0014846864902495 -0.0021324690425448 0.002453268891591 -0.0023978332163252 0.0021579181776506 -0.0019399199909252 0.0017437522791526
5.8322817885264e-05 -0.00016198577987024 0.00067696505008028 -0.0012074129833533 0.001754383959393 -0.0020885593527374 0.0021579181776506 -0.0020844615575479 0.0019433273546723 -0.0017934344964262
-4.6886258003574e-05 0.00010879407780216 -0.00052666061491897 0.00099988726189584 -0.0014871020881209 0.0018148036621459 -0.0019399199909252 0.0019433273546723 -0.0018773216192418 0.0017752803713282
3.9577628225209e-05 -7.0851490666917e-05 0.00041773154596494 -0.00083044021882175 0.0012748932251041 -0.0015872184996619 0.0017437522791526 -0.0017934344964262 0.0017752803713282 -0.0017178972866756
