0.0012933660220762 0.0011210826598306 0.00096803889807036 0.00081026935008259 0.00066050251443872 0.00060690257250835 0.00057103592103339 0.00053939369793318 0.00051365633748284 0.0004900155161098
0.0011210826598306 0.0012272897695112 0.00091527330557198 0.00071946831021093 0.00064992150544658 0.0005842479184062 0.00052152914529549 0.00047716627602508 0.00045152772877349 0.00043353715869792
0.00096803889807036 0.00091527330557198 0.00078444943184918 0.00059225519710998 0.00054129249367426 0.00048508086797124 0.00045348417442726 0.00042823964420726 0.00041219948979317 0.00039716642834083
0.00081026935008259 0.00071946831021093 0.00059225519710998 0.00045207420369378 0.00041774970158327 0.00038208685427732 0.00035575301646435 0.00033642374419413 0.00032232853748084 0.00031041897652179
0.00066050251443872 0.00064992150544658 0.00054129249367426 0.00041774970158327 0.00038664309461828 0.00035264472888615 0.00032472339732388 0.00030467680618927 0.00029185100166623 0.00028140090406751
0.00060690257250835 0.0005842479184062 0.00048508086797124 0.00038208685427732 0.00035264472888615 0.00032332549774314 0.00029959251674848 0.00028307125701443 0.00027368487736532 0.00026611687986854
0.00057103592103339 0.00052152914529549 0.00045348417442726 0.00035575301646435 0.00032472339732388 0.00029959251674848 0.00027779696831529 0.000263349241515 0.00025637586691277 0.00025088247442537
0.00053939369793318 0.00047716627602508 0.00042823964420726 0.00033642374419413 0.00030467680618927 0.00028307125701443 0.000263349241515 0.00025086458808114 0.0002457054190759 0.00024173727847202
0.00051365633748284 0.00045152772877349 0.00041219948979317 0.00032232853748084 0.00029185100166623 0.00027368487736532 0.00025637586691277 0.0002457054190759 0.00024163384527215 0.00023849466061529
0.0004900155161098 0.00043353715869792 0.00039716642834083 0.00031041897652179 0.00028140090406751 0.00026611687986854 0.00025088247442537 0.00024173727847202 0.00023849466061529 0.00023592195512971
