0.0010426636789559 0.00099673136409735 0.00088985082275631 0.00066638459164335 0.00052224770803947 0.00048132780327374 0.00045693813105573 0.00043431754234246 0.00041492153223448 0.00039991508222425
0.00099673136409735 0.00090255793184333 0.0007939099765161 0.00064693898972214 0.0005686936606236 0.00052618741367942 0.00049299685611039 0.0004675544349211 0.00044276420722339 0.00042575176471329
0.00088985082275631 0.0007939099765161 0.00075748100328922 0.0006002625713689 0.00045855241682067 0.00042014067785438 0.00040007499154562 0.00038336383087719 0.00036781141642926 0.00035544712478717
0.00066638459164335 0.00064693898972214 0.0006002625713689 0.00044938517313569 0.00035374071887219 0.00034473072788665 0.0003262482435658 0.0003078953610158 0.00029482783598174 0.00028521427345079
0.00052224770803947 0.0005686936606236 0.00045855241682067 0.00035374071887219 0.0003238942906748 0.00030133448082816 0.00027596237424332 0.00026260829970385 0.00025290228098865 0.00024554488865106
0.00048132780327374 0.00052618741367942 0.00042014067785438 0.00034473072788665 0.00030133448082816 0.00027286503702937 0.00025320532196748 0.00024249305787231 0.00023502414839906 0.00023051079173513
0.00045693813105573 0.00049299685611039 0.00040007499154562 0.0003262482435658 0.00027596237424332 0.00025320532196748 0.00023963351150424 0.0002316450740419 0.0002245032157008 0.00021957650415106
0.00043431754234246 0.0004675544349211 0.00038336383087719 0.0003078953610158 0.00026260829970385 0.00024249305787231 0.0002316450740419 0.00022408468186574 0.00021802403309574 0.00021374617182143
0.00041492153223448 0.00044276420722339 0.00036781141642926 0.00029482783598174 0.00025290228098865 0.00023502414839906 0.0002245032157008 0.00021802403309574 0.0002125875807485 0.00020880354364001
0.00039991508222425 0.00042575176471329 0.00035544712478717 0.00028521427345079 0.00024554488865106 0.00023051079173513 0.00021957650415106 0.00021374617182143 0.00020880354364001 0.00020531154868243
