3.1415926535898 -0.29811926324788 -3.0620043501487 -1.2313563175386 1.3050895909781 -2.1310087006843 0.69080695092292 -2.6089902355178 0.45366690777306 -2.688240218676
0.29811926324788 3.1415926535898 -0.058283559957803 -3.1395387885751 -0.07096240032314 3.0104439597915 -0.058515907074756 -2.9526418718394 0.89094825493827 -1.4450151816477
3.0620043501487 0.058283559957803 3.1415926535898 0.03185478569402 -3.0652929675119 0.13962354938492 -2.918805636355 0.31207971925523 -2.7337013259462 0.5049097474327
1.2313563175386 3.1395387885751 -0.03185478569402 3.1415926535898 0.021792011293397 -3.1150582700874 0.040280833165192 -3.0808818265352 0.085391249957013 -3.028188058421
-1.3050895909781 0.07096240032314 3.0652929675119 -0.021792011293397 3.1415926535898 0.00040746462992579 3.1414355721936 0.0065600787525052 -3.1261431094098 0.025952217520313
2.1310087006843 -3.0104439597915 -0.13962354938492 3.1150582700874 -0.00040746462992579 3.1415926535898 -0.0020380976561179 -3.138792857753 0.0088247088840752 -3.125498165702
-0.69080695092292 0.058515907074756 2.918805636355 -0.040280833165192 -3.1414355721936 0.0020380976561179 3.1415926535898 0.0032308563308647 -3.1349644563426 0.011075229831903
2.6089902355178 2.9526418718394 -0.31207971925523 3.0808818265352 -0.0065600787525052 3.138792857753 -0.0032308563308647 3.1415926535898 0.0023846180239136 -3.1360346934163
-0.45366690777306 -0.89094825493827 2.7337013259462 -0.085391249957013 3.1261431094098 -0.0088247088840752 3.1349644563426 -0.0023846180239136 3.1415926535898 0.0028580032493951
2.688240218676 1.4450151816477 -0.5049097474327 3.028188058421 -0.025952217520313 3.125498165702 -0.011075229831903 3.1360346934163 -0.0028580032493951 3.1415926535898
