3.1415926535898 0.06363675881628 -2.6282857659676 -0.14620647265104 2.887816419331 0.37334616753808 -1.9547651200434 1.38351597364 -1.4496627072702 1.9495025142608
-0.06363675881628 3.1415926535898 -0.075945246809093 -2.9850907042728 0.36469869030502 -2.6506166560896 0.4963178703831 -2.6270052120256 0.45953601818061 -2.7441890923887
2.6282857659676 0.075945246809093 3.1415926535898 0.027189412932227 -3.1115387258481 -0.020105493814124 3.1083579984786 -0.0069458424523773 -3.122576446887 0.038993031830687
0.14620647265104 2.9850907042728 -0.027189412932227 3.1415926535898 0.0463480050847 -3.0893940674906 0.060794927664127 -3.0669122901564 0.093805146859728 -3.0257108892804
-2.887816419331 -0.36469869030502 3.1115387258481 -0.0463480050847 3.1415926535898 -0.0014245424855435 -3.1375065169935 0.0065957733987621 -3.1333873654124 0.011471617488005
-0.37334616753808 2.6506166560896 0.020105493814124 3.0893940674906 0.0014245424855435 3.1415926535898 0.0034953509706824 -3.1388160836039 0.0016170120931638 -3.1386288007433
1.9547651200434 -0.4963178703831 -3.1083579984786 -0.060794927664127 3.1375065169935 -0.0034953509706824 3.1415926535898 -0.00085445662434326 3.1390634872514 -0.0019198564268838
-1.38351597364 2.6270052120256 0.0069458424523773 3.0669122901564 -0.0065957733987621 3.1388160836039 0.00085445662434326 3.1415926535898 -0.0012028940394507 3.1407458922404
1.4496627072702 -0.45953601818061 3.122576446887 -0.093805146859728 3.1333873654124 -0.0016170120931638 -3.1390634872514 0.0012028940394507 3.1415926535898 -0.00012434043561412
-1.9495025142608 2.7441890923887 -0.038993031830687 3.0257108892804 -0.011471617488005 3.1386288007433 0.0019198564268838 -3.1407458922404 0.00012434043561412 3.1415926535898
