0 -3.0563832542804 -0.042273411617671 -3.0639527543093 0.047780053117093 -3.0323450042 0.086367755571423 -3.0453958306295 0.1193942001317 -3.0038488750392
3.0563832542804 0 3.0401658985038 -0.044549149660643 3.1196166741707 -0.062371534321527 3.0235961686861 -0.10327247441911 3.0592377613853 -0.057273302718715
0.042273411617671 -3.0401658985038 0 3.1409494771745 -0.01370768249759 -3.1195223363311 0.025229340826903 -3.0965810063844 0.052233604052663 -3.0800078261108
3.0639527543093 0.044549149660643 -3.1409494771745 0 3.1337921843781 0.016209314871654 -3.1273478876489 0.018726393388148 -3.1145458517554 0.035581755361265
-0.047780053117093 -3.1196166741707 0.01370768249759 -3.1337921843781 0 -3.1339711124756 0.015842476902789 -3.1134363624357 0.036280869806634 -3.1007330519786
3.0323450042 0.062371534321527 3.1195223363311 -0.016209314871654 3.1339711124756 0 -3.1275296909396 0.025015337080827 -3.1077001699106 0.039220129939862
-0.086367755571423 -3.0235961686861 -0.025229340826903 3.1273478876489 -0.015842476902789 3.1275296909396 0 -3.1334178115992 0.015685903969585 -3.1219101643374
3.0453958306295 0.10327247441911 3.0965810063844 -0.018726393388148 3.1134363624357 -0.025015337080827 3.1334178115992 0 -3.1337611876049 0.011662281874676
-0.1193942001317 -3.0592377613853 -0.052233604052663 3.1145458517554 -0.036280869806634 3.1077001699106 -0.015685903969585 3.1337611876049 0 -3.1381305100511
3.0038488750392 0.057273302718715 3.0800078261108 -0.035581755361265 3.1007330519786 -0.039220129939862 3.1219101643374 -0.011662281874676 3.1381305100511 0
