0.00064489561150455 0.00053571264017504 0.00047160075952851 0.00039346727728744 0.00033831528683886 0.00030737499931635 0.0002871921009733 0.00027329102016158 0.00026221983713072 0.00025338953769409
0.00053571264017504 0.00040289072549522 0.00035865825436246 0.00029902442082946 0.00025574295701203 0.00022981987367715 0.00021244380774415 0.00019938207956221 0.00018897353611227 0.00018089516501963
0.00047160075952851 0.00035865825436246 0.00030321556147892 0.00025849008517619 0.00022326530450887 0.00019779743759453 0.00018410363002548 0.00017367942107669 0.00016551476987383 0.00015906256480907
0.00039346727728744 0.00029902442082946 0.00025849008517619 0.00021494260943037 0.00018909141026731 0.00017069406799149 0.00015862904789936 0.00015015945039323 0.0001434403151262 0.00013805311106623
0.00033831528683886 0.00025574295701203 0.00022326530450887 0.00018909141026731 0.00016592382767719 0.00014924151542812 0.00013922951198481 0.00013195384588071 0.00012615345608343 0.00012160817345745
0.00030737499931635 0.00022981987367715 0.00019779743759453 0.00017069406799149 0.00014924151542812 0.00013459245599397 0.00012629424796492 0.00012011051902834 0.00011518615788622 0.00011134138578943
0.0002871921009733 0.00021244380774415 0.00018410363002548 0.00015862904789936 0.00013922951198481 0.00012629424796492 0.00011892520206795 0.00011332474164489 0.00010888041866733 0.00010547181133747
0.00027329102016158 0.00019938207956221 0.00017367942107669 0.00015015945039323 0.00013195384588071 0.00012011051902834 0.00011332474164489 0.00010826339588187 0.00010431025415344 0.00010134563938693
0.00026221983713072 0.00018897353611227 0.00016551476987383 0.0001434403151262 0.00012615345608343 0.00011518615788622 0.00010888041866733 0.00010431025415344 0.00010081851361014 9.825869579353e-05
0.00025338953769409 0.00018089516501963 0.00015906256480907 0.00013805311106623 0.00012160817345745 0.00011134138578943 0.00010547181133747 0.00010134563938693 9.825869579353e-05 9.6057996615702e-05
