0.00080055548124152 0.00061058118948678 0.00051326176677453 0.00044923216235272 0.00040128018029013 0.00036580046971893 0.00034095013091251 0.00032206545882316 0.00030648883062553 0.00029305085375738
0.00061058118948678 0.00046559536055359 0.0003924407796807 0.00033018924151348 0.00028983054241121 0.00026544146794448 0.00024853160883405 0.00023598563106754 0.00022551162562634 0.00021649443838678
0.00051326176677453 0.0003924407796807 0.00032289338917479 0.00026945554655216 0.00024057173682232 0.00021941727602634 0.00020574175521145 0.00019487836681259 0.00018572834865666 0.00017798195028563
0.00044923216235272 0.00033018924151348 0.00026945554655216 0.0002316476946282 0.0002081753223012 0.00019163433456139 0.00017923772872661 0.00016969272201285 0.000161507093647 0.00015445875358494
0.00040128018029013 0.00028983054241121 0.00024057173682232 0.0002081753223012 0.00018711915368798 0.00017254716663863 0.00016121041863882 0.00015248545006157 0.00014506193486714 0.00013863322047317
0.00036580046971893 0.00026544146794448 0.00021941727602634 0.00019163433456139 0.00017254716663863 0.00015992571839768 0.00014941374101121 0.00014125958807091 0.00013436821913561 0.00012843289153219
0.00034095013091251 0.00024853160883405 0.00020574175521145 0.00017923772872661 0.00016121041863882 0.00014941374101121 0.00013935060339062 0.00013179620853467 0.00012558028836951 0.0001202825142238
0.00032206545882316 0.00023598563106754 0.00019487836681259 0.00016969272201285 0.00015248545006157 0.00014125958807091 0.00013179620853467 0.00012476294924012 0.00011906603683441 0.00011426488764816
0.00030648883062553 0.00022551162562634 0.00018572834865666 0.000161507093647 0.00014506193486714 0.00013436821913561 0.00012558028836951 0.00011906603683441 0.00011381398330011 0.00010942466195029
0.00029305085375738 0.00021649443838678 0.00017798195028563 0.00015445875358494 0.00013863322047317 0.00012843289153219 0.0001202825142238 0.00011426488764816 0.00010942466195029 0.00010542670726873
