2.0762450455565e-05 9.0899523169209e-05 7.8793987979315e-05 6.8609842771635e-05 5.8879867082287e-05 5.4681518619648e-05 5.2370306488842e-05 5.0605585040876e-05 4.9042658433891e-05 4.7738741441665e-05
9.0899523169209e-05 0.00039461362972398 0.00034220256778081 0.00028243438145708 0.0002448861886346 0.0002270980458265 0.00021650144878543 0.00020879310524684 0.00020224834374697 0.00019631988328485
7.8793987979315e-05 0.00034220256778081 0.00029827127419645 0.00025550026352225 0.00021798546872276 0.00020360205499968 0.00019452371807968 0.00018681836754406 0.00017999834259079 0.00017443510027375
6.8609842771635e-05 0.00028243438145708 0.00025550026352225 0.00022467145066392 0.00019228571788563 0.00017904056023682 0.00017254646552687 0.00016674635429854 0.0001616300338182 0.00015720770830539
5.8879867082287e-05 0.0002448861886346 0.00021798546872276 0.00019228571788563 0.00017115554754581 0.00015890174410161 0.00015246561896768 0.00014690503276063 0.00014222820322481 0.00013827261049115
5.4681518619648e-05 0.0002270980458265 0.00020360205499968 0.00017904056023682 0.00015890174410161 0.00014778296838028 0.00014315237953892 0.00013903459057604 0.00013549572623168 0.0001323605384991
5.2370306488842e-05 0.00021650144878543 0.00019452371807968 0.00017254646552687 0.00015246561896768 0.00014315237953892 0.00014003998568075 0.00013696005572134 0.00013424315247388 0.00013161720022988
5.0605585040876e-05 0.00020879310524684 0.00018681836754406 0.00016674635429854 0.00014690503276063 0.00013903459057604 0.00013696005572134 0.00013473904623465 0.00013272785085937 0.00013060684588842
4.9042658433891e-05 0.00020224834374697 0.00017999834259079 0.0001616300338182 0.00014222820322481 0.00013549572623168 0.00013424315247388 0.00013272785085937 0.00013131110499101 0.00012965294322308
4.7738741441665e-05 0.00019631988328485 0.00017443510027375 0.00015720770830539 0.00013827261049115 0.0001323605384991 0.00013161720022988 0.00013060684588842 0.00012965294322308 0.00012840492528491
