0.0014685923605667 0.0012472939706851 0.0010671922134697 0.00092316349992389 0.00077330646412485 0.00068736031315456 0.00062896237305681 0.00059254114444166 0.00056949624770839 0.00055381573803797
0.0012472939706851 0.000836194491875 0.00081663258519503 0.00065595285674421 0.00056017334023951 0.00049284355571518 0.00045145017653865 0.00042805426257271 0.00041281155037299 0.00040232942178011
0.0010671922134697 0.00081663258519503 0.00071480512626035 0.00057081355430331 0.00047611620159124 0.00042788356106892 0.00039423776391045 0.00037759724345683 0.00036856491855504 0.0003645568540505
0.00092316349992389 0.00065595285674421 0.00057081355430331 0.00046110861920944 0.00043612702824112 0.00040103761096598 0.0003708900013433 0.00035372802287718 0.000343632356833 0.00033814928998272
0.00077330646412485 0.00056017334023951 0.00047611620159124 0.00043612702824112 0.00040505339823694 0.0003677975575772 0.00033831270334365 0.00031952401063655 0.0003070861206198 0.00029857800093723
0.00068736031315456 0.00049284355571518 0.00042788356106892 0.00040103761096598 0.0003677975575772 0.00033000551748595 0.00030140830187612 0.00028374193457689 0.00027191559147554 0.00026330699458352
0.00062896237305681 0.00045145017653865 0.00039423776391045 0.0003708900013433 0.00033831270334365 0.00030140830187612 0.00027647593625396 0.0002620788271902 0.0002524910008593 0.00024500368775064
0.00059254114444166 0.00042805426257271 0.00037759724345683 0.00035372802287718 0.00031952401063655 0.00028374193457689 0.0002620788271902 0.00025137339547826 0.00024430267332944 0.00023821083378529
0.00056949624770839 0.00041281155037299 0.00036856491855504 0.000343632356833 0.0003070861206198 0.00027191559147554 0.0002524910008593 0.00024430267332944 0.00023885849001985 0.00023360016345405
0.00055381573803797 0.00040232942178011 0.0003645568540505 0.00033814928998272 0.00029857800093723 0.00026330699458352 0.00024500368775064 0.00023821083378529 0.00023360016345405 0.00022873752887775
