3.1415926535898 -1.3506907662724 1.8902264592597 -3.1375869818121 -0.5275695265833 2.6309533215147 -0.40956131901767 2.8898520168381 -0.13021061877347 3.0546423399029
1.3506907662724 3.1415926535898 0.057679843515483 -3.0513459037841 -0.053177380573739 2.8548910175371 -0.4515012959111 2.5221202048091 -0.82870066379315 1.9990245087007
-1.8902264592597 -0.057679843515483 3.1415926535898 -0.066758056786939 3.0305408752598 -0.2001874594672 2.8648633049518 -0.34735237152973 2.7277574540165 -0.47734572051391
3.1375869818121 3.0513459037841 0.066758056786939 3.1415926535898 -0.046458680806972 3.00627710156 -0.19715906551321 2.9051196845181 -0.26631483015245 2.8512364199266
0.5275695265833 0.053177380573739 -3.0305408752598 0.046458680806972 3.1415926535898 -0.069548426512899 3.0231236386138 -0.1502586478574 2.9667952119644 -0.19563942310559
-2.6309533215147 -2.8548910175371 0.2001874594672 -3.00627710156 0.069548426512899 3.1415926535898 -0.045297830911649 3.0664181903785 -0.097196967333967 3.0260561317129
0.40956131901767 0.4515012959111 -2.8648633049518 0.19715906551321 -3.0231236386138 0.045297830911649 3.1415926535898 -0.029698979853421 3.0911479512871 -0.066825844603027
-2.8898520168381 -2.5221202048091 0.34735237152973 -2.9051196845181 0.1502586478574 -3.0664181903785 0.029698979853421 3.1415926535898 -0.019986785765101 3.1063532831924
0.13021061877347 0.82870066379315 -2.7277574540165 0.26631483015245 -2.9667952119644 0.097196967333967 -3.0911479512871 0.019986785765101 3.1415926535898 -0.014724704687928
-3.0546423399029 -1.9990245087007 0.47734572051391 -2.8512364199266 0.19563942310559 -3.0260561317129 0.066825844603027 -3.1063532831924 0.014724704687928 3.1415926535898
