3.1415926535898 0.15110065455207 -2.9506450100104 0.22353676989906 -2.898139311343 0.23286461718649 -2.9402041371668 0.16723893553648 -3.0094475585339 0.098122111850439
-0.15110065455207 3.1415926535898 0.040854004627791 -3.0988975616546 0.041827588631326 -3.1151263509627 0.0013720213768845 3.1157173710957 -0.053428327937703 3.0611328351058
2.9506450100104 -0.040854004627791 3.1415926535898 -0.0050607702018268 3.1332820050869 -0.01447959514741 3.1163047215185 -0.037065512833701 3.0924852671901 -0.060714083681361
-0.22353676989906 3.0988975616546 0.0050607702018268 3.1415926535898 -0.0037906480514973 3.1343145756823 -0.013925720602957 3.1208090250739 -0.027042300188675 3.1092616343558
2.898139311343 -0.041827588631326 -3.1332820050869 0.0037906480514973 3.1415926535898 -0.003179194474396 3.1327650597713 -0.013839824565236 3.1243140389593 -0.019098272389814
-0.23286461718649 3.1151263509627 0.01447959514741 -3.1343145756823 0.003179194474396 3.1415926535898 -0.0053001458937825 3.1322076623441 -0.011210573249183 3.1306305350791
2.9402041371668 -0.0013720213768845 -3.1163047215185 0.013925720602957 -3.1327650597713 0.0053001458937825 3.1415926535898 -0.0035810772410726 3.1372295396634 -0.0027377771703582
-0.16723893553648 -3.1157173710957 0.037065512833701 -3.1208090250739 0.013839824565236 -3.1322076623441 0.0035810772410726 3.1415926535898 -0.00031748126141342 -3.139542308167
3.0094475585339 0.053428327937703 -3.0924852671901 0.027042300188675 -3.1243140389593 0.011210573249183 -3.1372295396634 0.00031748126141342 3.1415926535898 0.0026473746002709
-0.098122111850439 -3.0611328351058 0.060714083681361 -3.1092616343558 0.019098272389814 -3.1306305350791 0.0027377771703582 3.139542308167 -0.0026473746002709 3.1415926535898
