3.1415926535898 -3.1178386664393 0.053165101654691 3.0536221592946 -0.026882599395289 3.1286462861425 -0.015927266745656 3.136948465268 0.013652949515721 -3.1113764017856
3.1178386664393 3.1415926535898 -0.14310838059274 2.9906552805146 0.013235983936326 -2.9651494670233 0.20941238424531 -2.9102456391315 0.26353491916025 -2.8567147684073
-0.053165101654691 0.14310838059274 3.1415926535898 -0.045181213506322 3.050484465741 -0.091340013881967 3.0469470588725 -0.09543756149463 3.0498440516627 -0.087700288191881
-3.0536221592946 -2.9906552805146 0.045181213506322 3.1415926535898 -0.018387000626961 3.1101256287278 -0.041653710951806 3.0901631954075 -0.057514807198234 3.0813606958865
0.026882599395289 -0.013235983936326 -3.050484465741 0.018387000626961 3.1415926535898 -0.017274193034593 3.1160546347894 -0.028807336414155 3.1121362326311 -0.028918372830342
-3.1286462861425 2.9651494670233 0.091340013881967 -3.1101256287278 0.017274193034593 3.1415926535898 -0.010076035825306 3.1269084789046 -0.015588426159908 3.1266460642097
0.015927266745656 -0.20941238424531 -3.0469470588725 0.041653710951806 -3.1160546347894 0.010076035825306 3.1415926535898 -0.0039238386957654 3.1374767026167 -0.0033069909509252
-3.136948465268 2.9102456391315 0.09543756149463 -3.0901631954075 0.028807336414155 -3.1269084789046 0.0039238386957654 3.1415926535898 -0.00019583002221119 -3.1411352205286
-0.013652949515721 -0.26353491916025 -3.0498440516627 0.057514807198234 -3.1121362326311 0.015588426159908 -3.1374767026167 0.00019583002221119 3.1415926535898 0.00066174834292893
3.1113764017856 2.8567147684073 0.087700288191881 -3.0813606958865 0.028918372830342 -3.1266460642097 0.0033069909509252 3.1411352205286 -0.00066174834292893 3.1415926535898
