3.1415926535898 3.1341112295499 -0.046035969778242 3.1315193252735 0.042821829302843 -3.0488120855284 0.13500648284159 -2.9719703549623 0.1953726941546 -2.9291136305998
-3.1341112295499 3.1415926535898 -0.0074305602544719 -3.1162447273133 0.10315674066379 -2.8928410412929 0.48338175825192 -2.3367515841079 1.1222018506047 -1.8068941815142
0.046035969778242 0.0074305602544719 3.1415926535898 0.0077546448495335 -3.1105045175595 0.03800093254452 -3.1093712286664 0.016141376634056 3.1329950807973 -0.040551937181044
-3.1315193252735 3.1162447273133 -0.0077546448495335 3.1415926535898 0.023186377713444 -3.1110355650916 0.027856953753865 -3.1210541008459 0.011639721916081 -3.1383374737301
-0.042821829302843 -0.10315674066379 3.1105045175595 -0.023186377713444 3.1415926535898 0.0086452120853846 -3.1328864120425 0.0062056585209036 -3.1379471256719 0.0021785791382001
3.0488120855284 2.8928410412929 -0.03800093254452 3.1110355650916 -0.0086452120853846 3.1415926535898 0.0012310527926376 -3.1407094108031 0.00090932921158842 -3.1396764079224
-0.13500648284159 -0.48338175825192 3.1093712286664 -0.027856953753865 3.1328864120425 -0.0012310527926376 3.1415926535898 0.00037681021638509 -3.1402125553037 0.0032641645555733
2.9719703549623 2.3367515841079 -0.016141376634056 3.1210541008459 -0.0062056585209036 3.1407094108031 -0.00037681021638509 3.1415926535898 0.0012693412851746 -3.1381893069933
-0.1953726941546 -1.1222018506047 -3.1329950807973 -0.011639721916081 3.1379471256719 -0.00090932921158842 3.1402125553037 -0.0012693412851746 3.1415926535898 0.002161664128997
2.9291136305998 1.8068941815142 0.040551937181044 3.1383374737301 -0.0021785791382001 3.1396764079224 -0.0032641645555733 3.1381893069933 -0.002161664128997 3.1415926535898
