0 -2.9947234309863 0.20154807344748 -2.5835216386232 0.3710284398809 -2.9352730279119 0.10018652644126 -3.1001042673793 0.040483053046226 -3.0740062557423
2.9947234309863 0 -3.0369448499943 0.13939341914975 -3.0393142075879 0.10031365412901 -3.0627481472659 0.079759218428898 -3.0134496067392 0.23099977548717
-0.20154807344748 3.0369448499943 0 3.1006144927256 -0.076586331438221 3.0422502891544 -0.1018366052968 3.0555828266288 -0.050364770136891 3.1376716800228
2.5835216386232 -0.13939341914975 -3.1006144927256 0 3.1209583047971 -0.035250160126497 3.103849314917 -0.027274542423683 3.1350221269815 0.018150835561094
-0.3710284398809 3.0393142075879 0.076586331438221 -3.1209583047971 0 3.1287653865247 -0.017618830739695 3.1301936859194 0.0022628765837945 -3.1231169905804
2.9352730279119 -0.10031365412901 -3.0422502891544 0.035250160126497 -3.1287653865247 0 3.1356473242723 -0.0016525839524303 -3.132940693881 0.020886317860556
-0.10018652644126 3.0627481472659 0.1018366052968 -3.103849314917 0.017618830739695 -3.1356473242723 0 -3.1385642509543 0.010780389855598 -3.1215703874117
3.1001042673793 -0.079759218428898 -3.0555828266288 0.027274542423683 -3.1301936859194 0.0016525839524303 3.1385642509543 0 -3.1348611377121 0.014592751334022
-0.040483053046226 3.0134496067392 0.050364770136891 -3.1350221269815 -0.0022628765837945 3.132940693881 -0.010780389855598 3.1348611377121 0 -3.1340843365586
3.0740062557423 -0.23099977548717 -3.1376716800228 -0.018150835561094 3.1231169905804 -0.020886317860556 3.1215703874117 -0.014592751334022 3.1340843365586 0
