0.0087290895366594 -0.00074322542295015 0.00064374111471417 -0.0005506909388449 0.0005541898938542 -0.00046630683147785 0.00041858901737035 -0.0003624933248347 0.00030050477269799 -0.00025195229418456
-0.00074322542295015 0.0079042453950329 -0.0015068674953072 0.00088484132835855 -0.00073617292028949 0.00054165010065418 -0.00047602348115677 0.00037296291198464 -0.00029943366199895 0.00023541779954749
0.00064374111471417 -0.0015068674953072 0.0060406751548366 -0.0019427092056855 0.001317340358515 -0.00098221166926083 0.00081690573470097 -0.00068524272404329 0.00058857843855564 -0.00050409674717347
-0.0005506909388449 0.00088484132835855 -0.0019427092056855 0.0040856961711049 -0.0022605814361889 0.0016070831608235 -0.0013148810879102 0.0010947118816675 -0.00093702074582381 0.00082307019905308
0.0005541898938542 -0.00073617292028949 0.001317340358515 -0.0022605814361889 0.0029373265980453 -0.0021045698248441 0.0016728792208093 -0.0013925901408384 0.0011771569330582 -0.0010156158631242
-0.00046630683147785 0.00054165010065418 -0.00098221166926083 0.0016070831608235 -0.0021045698248441 0.0021648291388058 -0.001826547785054 0.0015707113138946 -0.0013625796179914 0.0011960274744859
0.00041858901737035 -0.00047602348115677 0.00081690573470097 -0.0013148810879102 0.0016728792208093 -0.001826547785054 0.0017904356599524 -0.00161616930524 0.0014438606141582 -0.0012967887039244
-0.0003624933248347 0.00037296291198464 -0.00068524272404329 0.0010947118816675 -0.0013925901408384 0.0015707113138946 -0.00161616930524 0.0015640707051209 -0.001449079139695 0.0013350850581621
0.00030050477269799 -0.00029943366199895 0.00058857843855564 -0.00093702074582381 0.0011771569330582 -0.0013625796179914 0.0014438606141582 -0.001449079139695 0.001396642006743 -0.0013204169948031
-0.00025195229418456 0.00023541779954749 -0.00050409674717347 0.00082307019905308 -0.0010156158631242 0.0011960274744859 -0.0012967887039244 0.0013350850581621 -0.0013204169948031 0.0012802111482428
