-0.01048174100631 0.00077064860031563 -8.2142726431833e-05 0.00012894571045743 -9.88983774001e-05 0.00010307260288383 -8.4556429933438e-05 7.4783291093153e-05 -5.1582360396951e-05 3.1675498106586e-05
0.00077064860031563 -0.0079020225796244 0.0022799198377051 -0.0014216429446597 0.0010304868362751 -0.00079867184832053 0.00066431259481226 -0.00054976271682983 0.0004684624977887 -0.00040825676605479
-8.2142726431833e-05 0.0022799198377051 -0.0056720773064504 0.0027123550281555 -0.0018740954927018 0.0013902239729284 -0.0010960675261802 0.00089165189036485 -0.00074247266129417 0.00064113630817159
0.00012894571045743 -0.0014216429446597 0.0027123550281555 -0.00376374567445 0.0026259157870026 -0.0020170735804165 0.0016319878623784 -0.0013550105345463 0.0011543443555323 -0.0010052995369897
-9.88983774001e-05 0.0010304868362751 -0.0018740954927018 0.0026259157870026 -0.0028106806361695 0.0023421944902034 -0.0019944833878216 0.0017214720626439 -0.0015129420118242 0.0013486743905
0.00010307260288383 -0.00079867184832053 0.0013902239729284 -0.0020170735804165 0.0023421944902034 -0.0022848420036989 0.0020611770346245 -0.0018456314035318 0.0016613397183999 -0.0015053228218494
-8.4556429933438e-05 0.00066431259481226 -0.0010960675261802 0.0016319878623784 -0.0019944833878216 0.0020611770346245 -0.0020042842777572 0.0018671477951097 -0.001726154368886 0.0015938894581533
7.4783291093153e-05 -0.00054976271682983 0.00089165189036485 -0.0013550105345463 0.0017214720626439 -0.0018456314035318 0.0018671477951097 -0.0018070781805223 0.0017127466311933 -0.0016107753596195
-5.1582360396951e-05 0.0004684624977887 -0.00074247266129417 0.0011543443555323 -0.0015129420118242 0.0016613397183999 -0.001726154368886 0.0017127466311933 -0.0016603485502456 0.0015883013695893
3.1675498106586e-05 -0.00040825676605479 0.00064113630817159 -0.0010052995369897 0.0013486743905 -0.0015053228218494 0.0015938894581533 -0.0016107753596195 0.0015883013695893 -0.0015427325920605
