0 -3.1222533850673 0.0074859144097353 -3.0941415407891 0.045276563184184 -3.0781589456398 0.0644383628403 -3.0648020325901 0.095200915828232 -3.0234363306196
3.1222533850673 0 -3.1234423907529 0.054969577469233 -3.0746605448199 0.10623479690611 -3.0092863755896 0.16142545207948 -2.9551130464075 0.20866318621075
-0.0074859144097353 3.1234423907529 0 -3.1244131736415 0.016160419595692 -3.1078980302868 0.045407580079393 -3.0729938921723 0.087253196602807 -3.0362070518835
3.0941415407891 -0.054969577469233 3.1244131736415 0 -3.1386932025803 0.016064577066672 -3.1215999351253 0.029687812975953 -3.104553237554 0.043967239335752
-0.045276563184184 3.0746605448199 -0.016160419595692 3.1386932025803 0 -3.1352737516604 0.0070701611178433 -3.1317432020869 0.011682972343641 -3.1277933549088
3.0781589456398 -0.10623479690611 3.1078980302868 -0.016064577066672 3.1352737516604 0 -3.1404504930503 0.0019702820281609 -3.1387702391718 0.004065440758045
-0.0644383628403 3.0092863755896 -0.045407580079393 3.1215999351253 -0.0070701611178433 3.1404504930503 0 3.1415676837013 0.00046877034202759 -3.1403400021461
3.0648020325901 -0.16142545207948 3.0729938921723 -0.029687812975953 3.1317432020869 -0.0019702820281609 -3.1415676837013 0 -3.1408591771702 0.0015727333156342
-0.095200915828232 2.9551130464075 -0.087253196602807 3.104553237554 -0.011682972343641 3.1387702391718 -0.00046877034202759 3.1408591771702 0 -3.1408909505488
3.0234363306196 -0.20866318621075 3.0362070518835 -0.043967239335752 3.1277933549088 -0.004065440758045 3.1403400021461 -0.0015727333156342 3.1408909505488 0
