1.0513071243532e-05 5.030958318231e-05 4.8984320621006e-05 4.2600370323226e-05 3.5991099655576e-05 3.1310563438186e-05 2.7221931031266e-05 2.5615154207402e-05 2.4319335836564e-05 2.3135194338942e-05
5.030958318231e-05 0.00023692001118249 0.00023536841725142 0.00020132635589203 0.00016958346925906 0.00014747435715943 0.00012939773809391 0.00012060148040255 0.00011339541945168 0.00010759009807627
4.8984320621006e-05 0.00023536841725142 0.00023303303299718 0.00019644996035641 0.00016624512970423 0.00014536636468127 0.00012826291866854 0.00011961688903302 0.00011313751054652 0.00010773721593988
4.2600370323226e-05 0.00020132635589203 0.00019644996035641 0.00017263962708212 0.00014899947992898 0.00013394156446534 0.00011873807298405 0.00011130467975066 0.00010648817975883 0.00010237825950149
3.5991099655576e-05 0.00016958346925906 0.00016624512970423 0.00014899947992898 0.00012151225484741 0.00011228470175408 0.00010057399974075 9.4506708066451e-05 9.0163824017575e-05 8.664389500159e-05
3.1310563438186e-05 0.00014747435715943 0.00014536636468127 0.00013394156446534 0.00011228470175408 0.00010349530180604 9.3258170493195e-05 8.8147428692317e-05 8.429591178945e-05 8.0962736811194e-05
2.7221931031266e-05 0.00012939773809391 0.00012826291866854 0.00011873807298405 0.00010057399974075 9.3258170493195e-05 8.4181456320793e-05 7.9597407814314e-05 7.6286293063803e-05 7.3226897381723e-05
2.5615154207402e-05 0.00012060148040255 0.00011961688903302 0.00011130467975066 9.4506708066451e-05 8.8147428692317e-05 7.9597407814314e-05 7.5125252179332e-05 7.2169803983218e-05 6.93977236439e-05
2.4319335836564e-05 0.00011339541945168 0.00011313751054652 0.00010648817975883 9.0163824017575e-05 8.429591178945e-05 7.6286293063803e-05 7.2169803983218e-05 6.9522308698546e-05 6.7003377057763e-05
2.3135194338942e-05 0.00010759009807627 0.00010773721593988 0.00010237825950149 8.664389500159e-05 8.0962736811194e-05 7.3226897381723e-05 6.93977236439e-05 6.7003377057763e-05 6.4684005223772e-05
