0.0002571756462802 0.0002379474246122 0.00021304850297535 0.0001684229316257 0.00013747842638129 0.00012071424204315 0.00010876387000421 0.00010089118825096 9.6066673934566e-05 9.2033922863496e-05
0.0002379474246122 0.00021179196259989 0.0001842002950907 0.00015259453171705 0.00012795127380298 0.00011193208274064 0.00010130325143101 9.4778921637614e-05 9.0433390711593e-05 8.6951815495009e-05
0.00021304850297535 0.0001842002950907 0.00016341060223655 0.0001295115875715 0.00010657636139185 9.4702206050468e-05 8.7269303881751e-05 8.1276334871954e-05 7.6959446046938e-05 7.3523639578177e-05
0.0001684229316257 0.00015259453171705 0.0001295115875715 0.00010220485319328 8.7993570651236e-05 7.7099035335335e-05 7.0560649638908e-05 6.5959034267608e-05 6.3293730800455e-05 6.0989426193036e-05
0.00013747842638129 0.00012795127380298 0.00010657636139185 8.7993570651236e-05 7.3370529341701e-05 6.410100286097e-05 5.8611420978612e-05 5.426059829805e-05 5.1875850479764e-05 4.9941726442976e-05
0.00012071424204315 0.00011193208274064 9.4702206050468e-05 7.7099035335335e-05 6.410100286097e-05 5.7060116583519e-05 5.210141726667e-05 4.8119602827455e-05 4.5990404869678e-05 4.4363595567865e-05
0.00010876387000421 0.00010130325143101 8.7269303881751e-05 7.0560649638908e-05 5.8611420978612e-05 5.210141726667e-05 4.8178471088594e-05 4.4825053061486e-05 4.3162853804032e-05 4.1757688848608e-05
0.00010089118825096 9.4778921637614e-05 8.1276334871954e-05 6.5959034267608e-05 5.426059829805e-05 4.8119602827455e-05 4.4825053061486e-05 4.1994569942635e-05 4.069407141147e-05 3.9582052409805e-05
9.6066673934566e-05 9.0433390711593e-05 7.6959446046938e-05 6.3293730800455e-05 5.1875850479764e-05 4.5990404869678e-05 4.3162853804032e-05 4.069407141147e-05 3.9584875681986e-05 3.8624044345576e-05
9.2033922863496e-05 8.6951815495009e-05 7.3523639578177e-05 6.0989426193036e-05 4.9941726442976e-05 4.4363595567865e-05 4.1757688848608e-05 3.9582052409805e-05 3.8624044345576e-05 3.7776453623782e-05
