0.0006067199551418 0.00042178019604481 0.00033315103048206 0.00028529236036498 0.00026829374961928 0.00025181393851523 0.00023919410230618 0.00022949011381348 0.00022153566762811 0.00021476432972059
0.00042178019604481 0.00028932543391222 0.0002444606808802 0.00020706208185951 0.00019080365103864 0.00017924734818389 0.00016962019373622 0.00016191139247585 0.00015585121485069 0.0001508894546994
0.00033315103048206 0.0002444606808802 0.00019798650943949 0.00017594524943183 0.0001629693119182 0.00015148175016639 0.00014250026439442 0.00013566016116356 0.00013029065790266 0.00012590476317986
0.00028529236036498 0.00020706208185951 0.00017594524943183 0.0001582423804109 0.00014771763657931 0.00013718041557801 0.00012897435372605 0.00012285634420245 0.00011801192846761 0.00011402539461118
0.00026829374961928 0.00019080365103864 0.0001629693119182 0.00014771763657931 0.00013735964382907 0.00012749979383552 0.00012009261786849 0.00011468673887494 0.00011042615002603 0.00010688724793157
0.00025181393851523 0.00017924734818389 0.00015148175016639 0.00013718041557801 0.00012749979383552 0.00011875120638152 0.00011232958432652 0.00010769824784564 0.00010406563092418 0.00010104696099839
0.00023919410230618 0.00016962019373622 0.00014250026439442 0.00012897435372605 0.00012009261786849 0.00011232958432652 0.00010671226014862 0.00010267110566874 9.9515436546998e-05 9.689384173186e-05
0.00022949011381348 0.00016191139247585 0.00013566016116356 0.00012285634420245 0.00011468673887494 0.00010769824784564 0.00010267110566874 9.9055666724029e-05 9.6242908727046e-05 9.391410997413e-05
0.00022153566762811 0.00015585121485069 0.00013029065790266 0.00011801192846761 0.00011042615002603 0.00010406563092418 9.9515436546998e-05 9.6242908727046e-05 9.3714320276914e-05 9.1635799955872e-05
0.00021476432972059 0.0001508894546994 0.00012590476317986 0.00011402539461118 0.00010688724793157 0.00010104696099839 9.689384173186e-05 9.391410997413e-05 9.1635799955872e-05 8.9762954489032e-05
