0 3.002174610799 0.0020130646716464 3.0555338353562 -0.1143044852868 3.0254059695736 -0.13344286311549 2.9859626527288 -0.15631093214282 2.9855091672442
-3.002174610799 0 -3.1362459482996 0.037280943734212 3.1382674285438 -0.0024457838335775 3.1023027922026 -0.075513966756035 3.0465490265873 -0.11454606111805
-0.0020130646716464 3.1362459482996 0 -3.0872303186942 0.046158852181523 -3.1004621476781 0.040259653097076 -3.1121218426581 0.032070513618057 -3.1069732135788
-3.0555338353562 -0.037280943734212 3.0872303186942 0 -3.1365368823242 -0.0023957106122301 3.1319889828718 -0.012459118332776 3.1312769127318 -0.0060842940061281
0.1143044852868 -3.1382674285438 -0.046158852181523 3.1365368823242 0 3.1360766623634 -0.0063217491176738 3.130522333171 -0.010641269025409 3.1337009641847
-3.0254059695736 0.0024457838335775 3.1004621476781 0.0023957106122301 -3.1360766623634 0 3.1398840616818 -0.0055105223186483 3.1352125043076 -0.0058701870052955
0.13344286311549 -3.1023027922026 -0.040259653097076 -3.1319889828718 0.0063217491176738 -3.1398840616818 0 3.1388014141936 -0.0032338868723975 3.13830434649
-2.9859626527288 0.075513966756035 3.1121218426581 0.012459118332776 -3.130522333171 0.0055105223186483 -3.1388014141936 0 3.1410563187802 -0.00076775833277386
0.15631093214282 -3.0465490265873 -0.032070513618057 -3.1312769127318 0.010641269025409 -3.1352125043076 0.0032338868723975 -3.1410563187802 0 3.141373688843
-2.9855091672442 0.11454606111805 3.1069732135788 0.0060842940061281 -3.1337009641847 0.0058701870052955 -3.13830434649 0.00076775833277386 -3.141373688843 0
