-0.0085925480186091 0.00018863179313725 -0.00013977256575413 0.00020734525922555 -0.00011011121766311 8.1965967255285e-05 -5.9603785822378e-05 4.4391916311869e-05 -2.7158041323657e-05 2.0295154630807e-05
0.00018863179313725 -0.0073923363084552 0.0016775743553728 -0.0010437318895472 0.00067974426774388 -0.00051540701254625 0.000387393829822 -0.00030163561439389 0.00023621074284274 -0.00018897488981354
-0.00013977256575413 0.0016775743553728 -0.0053124484862126 0.0019975497138416 -0.0011903066980652 0.00089491412410065 -0.00068695244797059 0.00056826891452546 -0.00047891758513582 0.00041410089271892
0.00020734525922555 -0.0010437318895472 0.0019975497138416 -0.0034628206830899 0.0021312589535901 -0.0016074042845046 0.0012850301817114 -0.0010678984722862 0.00090368313299478 -0.00078149658352268
-0.00011011121766311 0.00067974426774388 -0.0011903066980652 0.0021312589535901 -0.0023623987204902 0.0018412481365422 -0.0015016757818334 0.00127312179385 -0.0010915880131598 0.00095530164427147
8.1965967255285e-05 -0.00051540701254625 0.00089491412410065 -0.0016074042845046 0.0018412481365422 -0.001871135800512 0.0016320301606912 -0.0014317958368028 0.0012663608884424 -0.0011277188919816
-5.9603785822378e-05 0.000387393829822 -0.00068695244797059 0.0012850301817114 -0.0015016757818334 0.0016320301606912 -0.0015876397135511 0.0014570513689211 -0.0013275112250207 0.001208459412637
4.4391916311869e-05 -0.00030163561439389 0.00056826891452546 -0.0010678984722862 0.00127312179385 -0.0014317958368028 0.0014570513689211 -0.0014098225077615 0.001323202781581 -0.0012301164934642
-2.7158041323657e-05 0.00023621074284274 -0.00047891758513582 0.00090368313299478 -0.0010915880131598 0.0012663608884424 -0.0013275112250207 0.001323202781581 -0.0012783425114633 0.0012122584697063
2.0295154630807e-05 -0.00018897488981354 0.00041410089271892 -0.00078149658352268 0.00095530164427147 -0.0011277188919816 0.001208459412637 -0.0012301164934642 0.0012122584697063 -0.0011710054992803
