0.0091337321832242 -0.00069255230367002 8.1312332523916e-05 0.0004964924922229 -0.00016037791280074 0.00045072849489766 -0.00019305446764605 1.3377945175655e-05 -3.8528608071964e-05 -2.3785121553523e-05
-0.00069255230367002 0.0052513699996833 -0.0019428842547077 0.00099509691131304 -0.00098572490597885 0.00041149444794052 -0.00034581288721376 0.00027131038186281 -0.00026017829483779 0.00022568367453644
8.1312332523916e-05 -0.0019428842547077 0.0048320241751628 -0.001367103560316 0.0011418228775457 -0.0011864813831134 0.00088547872767671 -0.00069728925697244 0.00060623922865002 -0.00049770980700404
0.0004964924922229 0.00099509691131304 -0.001367103560316 0.0023273596739574 -0.0013146374521768 0.00087676049313768 -0.0005226830523167 0.00032432950075799 -0.00022057957312326 0.0001158463110253
-0.00016037791280074 -0.00098572490597885 0.0011418228775457 -0.0013146374521768 0.002057677332321 -0.0012562412445048 0.00091933261179625 -0.00071492002072667 0.0005979725423555 -0.00046601910789968
0.00045072849489766 0.00041149444794052 -0.0011864813831134 0.00087676049313768 -0.0012562412445048 0.0016317521604041 -0.0012751787417528 0.0010256180570654 -0.00090760071876748 0.00079779253517206
-0.00019305446764605 -0.00034581288721376 0.00088547872767671 -0.0005226830523167 0.00091933261179625 -0.0012751787417528 0.0013574836529963 -0.0011673158099415 0.0010542963223953 -0.00096163145532982
1.3377945175655e-05 0.00027131038186281 -0.00069728925697244 0.00032432950075799 -0.00071492002072667 0.0010256180570654 -0.0011673158099415 0.0011514062386626 -0.0010766245247467 0.00099583550661971
-3.8528608071964e-05 -0.00026017829483779 0.00060623922865002 -0.00022057957312326 0.0005979725423555 -0.00090760071876748 0.0010542963223953 -0.0010766245247467 0.0010705533278051 -0.0010220238000562
-2.3785121553523e-05 0.00022568367453644 -0.00049770980700404 0.0001158463110253 -0.00046601910789968 0.00079779253517206 -0.00096163145532982 0.00099583550661971 -0.0010220238000562 0.0010183631805697
