0.10138370642273 0.00031904491404935 -0.00031143386418132 0.00020265857218187 -0.00016276575005237 0.0001380381468333 -0.00012053817627204 0.0001097905239557 -0.00010299654263093 9.4552039938093e-05
0.00031904491404935 0.0062606862488059 -0.0012914862208358 0.00075868956534123 -0.0003300915894448 0.00020044013910666 -0.00019993634131069 0.00018495104073644 -0.00020731793998676 0.00019821849462636
-0.00031143386418132 -0.0012914862208358 0.0080690266226275 -0.0019335726165733 0.0012831977100664 -0.0011193813582619 0.00080544030000906 -0.00059009285714942 0.00051125278421432 -0.00044166188922736
0.00020265857218187 0.00075868956534123 -0.0019335726165733 0.0058220512464004 -0.0022610347919587 0.0013871440869968 -0.0010423998044981 0.00077248596810507 -0.00060900999822603 0.00048563778993135
-0.00016276575005237 -0.0003300915894448 0.0012831977100664 -0.0022610347919587 0.0042325407838685 -0.0023297471561508 0.0016521581138628 -0.0013310910810726 0.0010694882684845 -0.00088417779546521
0.0001380381468333 0.00020044013910666 -0.0011193813582619 0.0013871440869968 -0.0023297471561508 0.0030495854015025 -0.0021954990504914 0.0017612121506144 -0.0014565980880938 0.0012262490943236
-0.00012053817627204 -0.00019993634131069 0.00080544030000906 -0.0010423998044981 0.0016521581138628 -0.0021954990504914 0.0022336154917703 -0.0018786665394932 0.0015977445248004 -0.0013890163219106
0.0001097905239557 0.00018495104073644 -0.00059009285714942 0.00077248596810507 -0.0013310910810726 0.0017612121506144 -0.0018786665394932 0.0018303975988351 -0.0016375840139664 0.0014633824141367
-0.00010299654263093 -0.00020731793998676 0.00051125278421432 -0.00060900999822603 0.0010694882684845 -0.0014565980880938 0.0015977445248004 -0.0016375840139664 0.0015740790056344 -0.0014570332206665
9.4552039938093e-05 0.00019821849462636 -0.00044166188922736 0.00048563778993135 -0.00088417779546521 0.0012262490943236 -0.0013890163219106 0.0014633824141367 -0.0014570332206665 0.0014009155163904
