3.1415926535898 -0.0075205616958613 -3.041291605539 0.20134314094925 -2.928034148363 0.30554449381307 -2.7291790617319 0.5057216079568 -2.5410169206425 0.662709980263
0.0075205616958613 3.1415926535898 0.053312229171443 -3.0348705597093 0.047957179019985 -3.1198151646969 -0.0026464846153493 3.1335333891047 0.010023740480663 -3.1132208362819
3.041291605539 -0.053312229171443 3.1415926535898 0.058505292815759 -3.1166489867268 0.010722608221661 -3.1373611844638 0.0090787609918745 -3.1252617092415 0.025237620311967
-0.20134314094925 3.0348705597093 -0.058505292815759 3.1415926535898 -0.029072592666569 3.0940454978741 -0.047788707076254 3.0992555360522 -0.031988620440691 3.120872704198
2.928034148363 -0.047957179019985 3.1166489867268 0.029072592666569 3.1415926535898 -0.019134338043765 3.1226853385534 -0.011477949505064 3.1406021073417 0.010409449046554
-0.30554449381307 3.1198151646969 -0.010722608221661 -3.0940454978741 0.019134338043765 3.1415926535898 0.0018137030572259 -3.1320595153274 0.019273025292767 -3.1115405766089
2.7291790617319 0.0026464846153493 3.1373611844638 0.047788707076254 -3.1226853385534 -0.0018137030572259 3.1415926535898 0.0081942198397557 -3.1237799932801 0.028141608037796
-0.5057216079568 -3.1335333891047 -0.0090787609918745 -3.0992555360522 0.011477949505064 3.1320595153274 -0.0081942198397557 3.1415926535898 0.0094568371292161 -3.1224687755191
2.5410169206425 -0.010023740480663 3.1252617092415 0.031988620440691 -3.1406021073417 -0.019273025292767 3.1237799932801 -0.0094568371292161 3.1415926535898 0.009129807194794
-0.662709980263 3.1132208362819 -0.025237620311967 -3.120872704198 -0.010409449046554 3.1115405766089 -0.028141608037796 3.1224687755191 -0.009129807194794 3.1415926535898
