0.016923011343801 -0.0031654660034304 0.0019044304078341 -0.0014382229512432 0.0011384032887109 -0.0009200030613072 0.00077651230354606 -0.00066564022033393 0.000576680038296 -0.00050702985592742
-0.0031654660034304 0.0084838385734591 -0.0034978686149927 0.0023847713086542 -0.0018253826848333 0.0014845950297292 -0.0012483464362214 0.0010727736708369 -0.00093342794119302 0.00082029327410124
0.0019044304078341 -0.0034978686149927 0.005180629334701 -0.0035287067897418 0.0027398667031564 -0.0022699193871695 0.0019333639128098 -0.0016749378226494 0.0014682188041527 -0.0013002639133727
-0.0014382229512432 0.0023847713086542 -0.0035287067897418 0.0037827895404449 -0.0031489107702283 0.0026925119109903 -0.0023373473662759 0.0020542649113324 -0.0018170150623737 0.0016206332113982
0.0011384032887109 -0.0018253826848333 0.0027398667031564 -0.0031489107702283 0.0030927014459495 -0.0027998160187072 0.0025220515079119 -0.0022760416664202 0.0020558920054317 -0.0018639870351795
-0.0009200030613072 0.0014845950297292 -0.0022699193871695 0.0026925119109903 -0.0027998160187072 0.0027079338234146 -0.0025329014090063 0.002347311672666 -0.0021649452784616 0.0019962212590112
0.00077651230354606 -0.0012483464362214 0.0019333639128098 -0.0023373473662759 0.0025220515079119 -0.0025329014090063 0.0024551331585783 -0.0023323163212621 0.0021930103311094 -0.002053982087456
-0.00066564022033393 0.0010727736708369 -0.0016749378226494 0.0020542649113324 -0.0022760416664202 0.002347311672666 -0.0023323163212621 0.0022644003314748 -0.0021666852544229 0.0020587171012068
0.000576680038296 -0.00093342794119302 0.0014682188041527 -0.0018170150623737 0.0020558920054317 -0.0021649452784616 0.0021930103311094 -0.0021666852544229 0.0021052779067039 -0.0020265269411981
-0.00050702985592742 0.00082029327410124 -0.0013002639133727 0.0016206332113982 -0.0018639870351795 0.0019962212590112 -0.002053982087456 0.0020587171012068 -0.0020265269411981 0.0019732235562417
