-0.0066535143136156 7.7793905878082e-05 -0.00012915708758464 -0.00057820241075411 0.00024146565280156 -0.00015089229235411 8.8779913958042e-05 -8.3346531517226e-05 0.00015156130800902 -0.00018980646088149
7.7793905878082e-05 -0.0086131863680382 0.0010719905681973 -0.0010926385033584 0.00056228480984584 -0.00029918454424635 0.00017706680851526 -0.00013497247401505 9.8322956690787e-05 -7.5230110625565e-05
-0.00012915708758464 0.0010719905681973 -0.0076172647571739 0.0022980682333751 -0.0016209138918822 0.0011953691993975 -0.00095929037800219 0.00074913175637044 -0.00061991597785595 0.00056066530063389
-0.00057820241075411 -0.0010926385033584 0.0022980682333751 -0.0058358526426155 0.00299997945629 -0.0021336327554964 0.0017842212932747 -0.0016151168174337 0.0014736350290829 -0.0013510469441709
0.00024146565280156 0.00056228480984584 -0.0016209138918822 0.00299997945629 -0.0035827376519368 0.0027274741225505 -0.0022345583274846 0.0019001531243521 -0.0016551056335101 0.0014726609432509
-0.00015089229235411 -0.00029918454424635 0.0011953691993975 -0.0021336327554964 0.0027274741225505 -0.0028940813731979 0.0025513158696173 -0.0022502622193813 0.0020050196950013 -0.001807869556102
8.8779913958042e-05 0.00017706680851526 -0.00095929037800219 0.0017842212932747 -0.0022345583274846 0.0025513158696173 -0.0025476039417079 0.0023647775821381 -0.0021652992229622 0.0019837040051627
-8.3346531517226e-05 -0.00013497247401505 0.00074913175637044 -0.0016151168174337 0.0019001531243521 -0.0022502622193813 0.0023647775821381 -0.0023204783316367 0.0021920342988179 -0.0020514134964147
0.00015156130800902 9.8322956690787e-05 -0.00061991597785595 0.0014736350290829 -0.0016551056335101 0.0020050196950013 -0.0021652992229622 0.0021920342988179 -0.0021305423150257 0.002031447269183
-0.00018980646088149 -7.5230110625565e-05 0.00056066530063389 -0.0013510469441709 0.0014726609432509 -0.001807869556102 0.0019837040051627 -0.0020514134964147 0.002031447269183 -0.0019691859120384
