3.1415926535898 -1.8517405931241 -2.7690253314543 0.44537334565731 -2.1206218013632 -2.8423065353946 0.60346082880297 -2.499548245348 0.69943792049147 -2.4349294139069
1.8517405931241 3.1415926535898 0.32682448832151 2.5448685141048 -0.72199267710672 1.9144742333244 -1.4012637883531 1.5793124057897 -1.6707239187682 1.3723018483571
2.7690253314543 -0.32682448832151 3.1415926535898 -0.20540095495027 2.9527125732836 -0.24519142032819 -3.1324819106862 0.21957407165908 -2.7459209114158 0.50927028987561
-0.44537334565731 -2.5448685141048 0.20540095495027 3.1415926535898 0.050990369577922 -3.1277111197408 -0.0080776047251548 -3.1272471377787 0.033144711321365 -3.0630953990243
2.1206218013632 0.72199267710672 -2.9527125732836 -0.050990369577922 3.1415926535898 -0.053235638895292 3.0961063588734 -0.034645539855762 3.1165208703676 -0.0038789293734138
2.8423065353946 -1.9144742333244 0.24519142032819 3.1277111197408 0.053235638895292 3.1415926535898 0.010674203436906 -3.1249913626601 0.015938873542045 -3.1245128826828
-0.60346082880297 1.4012637883531 3.1324819106862 0.0080776047251548 -3.0961063588734 -0.010674203436906 3.1415926535898 0.0060222159351879 -3.1358297801405 0.0027318434636617
2.499548245348 -1.5793124057897 -0.21957407165908 3.1272471377787 0.034645539855762 3.1249913626601 -0.0060222159351879 3.1415926535898 -0.00028854529612693 3.1368651519346
-0.69943792049147 1.6707239187682 2.7459209114158 -0.033144711321365 -3.1165208703676 -0.015938873542045 3.1358297801405 0.00028854529612693 3.1415926535898 -0.0043785516199078
2.4349294139069 -1.3723018483571 -0.50927028987561 3.0630953990243 0.0038789293734138 3.1245128826828 -0.0027318434636617 -3.1368651519346 0.0043785516199078 3.1415926535898
