0.036696015991728 -0.014427331106621 0.010288881435826 -0.0078717865517329 0.0065223446240902 -0.0052367622438663 0.0043391697759216 -0.0037057769138183 0.0031917129310973 -0.0027824019295345
-0.014427331106621 0.018744241783141 -0.0086309066419848 0.0061735962220979 -0.0047681854006369 0.0037676907243151 -0.0030708210513317 0.0025666749198523 -0.0021718302515614 0.0018668157284315
0.010288881435826 -0.0086309066419848 0.011839174567686 -0.0073627279427132 0.005498728409953 -0.0042792571422573 0.0034603984599632 -0.0028740233552414 0.0024291968500845 -0.002084799940959
-0.0078717865517329 0.0061735962220979 -0.0073627279427132 0.0075929005026291 -0.0059401905798347 0.0047413339137455 -0.0038810983492201 0.003231476409238 -0.0027253452179363 0.0023249307454436
0.0065223446240902 -0.0047681854006369 0.005498728409953 -0.0059401905798347 0.0056740997317374 -0.0048536822999629 0.0041531757420574 -0.003576811790343 0.0030990017303996 -0.0027027087868089
-0.0052367622438663 0.0037676907243151 -0.0042792571422573 0.0047413339137455 -0.0048536822999629 0.0045356442901222 -0.0040761317152099 0.003634765819226 -0.0032364190123198 0.0028871351523098
0.0043391697759216 -0.0030708210513317 0.0034603984599632 -0.0038810983492201 0.0041531757420574 -0.0040761317152099 0.0038407336399741 -0.0035419290564057 0.003237790967033 -0.0029516669226169
-0.0037057769138183 0.0025666749198523 -0.0028740233552414 0.003231476409238 -0.003576811790343 0.003634765819226 -0.0035419290564057 0.0033648605667181 -0.0031502165949153 0.0029292842840043
0.0031917129310973 -0.0021718302515614 0.0024291968500845 -0.0027253452179363 0.0030990017303996 -0.0032364190123198 0.003237790967033 -0.0031502165949153 0.0030118841643982 -0.0028511005494451
-0.0027824019295345 0.0018668157284315 -0.002084799940959 0.0023249307454436 -0.0027027087868089 0.0028871351523098 -0.0029516669226169 0.0029292842840043 -0.0028511005494451 0.0027441600619552
