0.0005954410863667 0.00044967594064877 0.00035112177963581 0.00029599177205179 0.00026913286676641 0.00025307716580704 0.0002408190832895 0.00023140810669162 0.00022333745942706 0.00021658965108521
0.00044967594064877 0.00033488124519324 0.00027306191709595 0.00023250236938359 0.00020848111653774 0.00019411806292709 0.00018349642142263 0.00017516849187878 0.0001683516410106 0.00016287919341108
0.00035112177963581 0.00027306191709595 0.0002196590199102 0.00018635239209774 0.00016868445001119 0.00015926733965 0.00015285424333236 0.00014838648173119 0.00014469377769628 0.00014153056915088
0.00029599177205179 0.00023250236938359 0.00018635239209774 0.00016170256558282 0.00014835932342449 0.0001412665982327 0.00013667804686202 0.00013322593926454 0.00013026778973224 0.00012762166504559
0.00026913286676641 0.00020848111653774 0.00016868445001119 0.00014835932342449 0.00013871399796836 0.00013367148577309 0.00013025136287528 0.000127272817987 0.00012436653908872 0.0001216021208578
0.00025307716580704 0.00019411806292709 0.00015926733965 0.0001412665982327 0.00013367148577309 0.00012934203153798 0.00012628066129746 0.0001234191708675 0.00012048481078852 0.00011766209761503
0.0002408190832895 0.00018349642142263 0.00015285424333236 0.00013667804686202 0.00013025136287528 0.00012628066129746 0.0001233691481793 0.00012063118904224 0.0001177862220439 0.00011502946629631
0.00023140810669162 0.00017516849187878 0.00014838648173119 0.00013322593926454 0.000127272817987 0.0001234191708675 0.00012063118904224 0.00011801895092524 0.00011531411332781 0.00011269561058945
0.00022333745942706 0.0001683516410106 0.00014469377769628 0.00013026778973224 0.00012436653908872 0.00012048481078852 0.0001177862220439 0.00011531411332781 0.00011276705216806 0.00011030674163488
0.00021658965108521 0.00016287919341108 0.00014153056915088 0.00012762166504559 0.0001216021208578 0.00011766209761503 0.00011502946629631 0.00011269561058945 0.00011030674163488 0.00010800892362915
