0.00044532214574877 0.00038144899640524 0.00031421929573198 0.000259199035049 0.0002356001639711 0.00021998875126079 0.00020944213769403 0.0002012537887764 0.00019391297848851 0.00018751362388246
0.00038144899640524 0.00029407201327166 0.00024563444938642 0.00019986966545066 0.00018105356153599 0.00016887239410946 0.00016172408884176 0.00015610084265967 0.00015097838878096 0.00014639375926593
0.00031421929573198 0.00024563444938642 0.00020651169739987 0.00016807453416146 0.00015366262564107 0.00014413804908205 0.00013753995452196 0.00013149025730308 0.00012601292605557 0.00012125086704964
0.000259199035049 0.00019986966545066 0.00016807453416146 0.00013889696340765 0.00013057626098074 0.00012516423555435 0.00012065775990179 0.00011626303633803 0.00011209805709958 0.00010839152205464
0.0002356001639711 0.00018105356153599 0.00015366262564107 0.00013057626098074 0.00012200782336642 0.00011674299472124 0.00011273169668394 0.00010882539825948 0.00010513288463776 0.00010182709006611
0.00021998875126079 0.00016887239410946 0.00014413804908205 0.00012516423555435 0.00011674299472124 0.00011180159106758 0.00010833692033974 0.00010486101891582 0.00010152487131828 9.849039569165e-05
0.00020944213769403 0.00016172408884176 0.00013753995452196 0.00012065775990179 0.00011273169668394 0.00010833692033974 0.00010539146740707 0.00010232392734274 9.9262990139478e-05 9.6396405417465e-05
0.0002012537887764 0.00015610084265967 0.00013149025730308 0.00011626303633803 0.00010882539825948 0.00010486101891582 0.00010232392734274 9.9583826907695e-05 9.6777620013505e-05 9.4097307537247e-05
0.00019391297848851 0.00015097838878096 0.00012601292605557 0.00011209805709958 0.00010513288463776 0.00010152487131828 9.9262990139478e-05 9.6777620013505e-05 9.4186828728235e-05 9.1681374417346e-05
0.00018751362388246 0.00014639375926593 0.00012125086704964 0.00010839152205464 0.00010182709006611 9.849039569165e-05 9.6396405417465e-05 9.4097307537247e-05 9.1681374417346e-05 8.9330518670694e-05
