0 3.139874866588 -0.0041317788640344 3.1351340350249 -0.0087151401049121 3.1306696892315 -0.0131365831281 3.1262216610171 -0.01766467672284 3.121550315424
-3.139874866588 0 3.1392788497756 -0.0045251862574126 3.1349210475846 -0.0087743718833878 3.1307048896473 -0.0130231013562 3.1263742104614 -0.017491254002708
0.0041317788640344 -3.1392788497756 0 3.1394009055252 -0.0043137662642569 3.1352023952477 -0.0084749834265095 3.1310127797309 -0.012742068898567 3.1266150273341
-3.1351340350249 0.0045251862574126 -3.1394009055252 0 3.1394772455689 -0.004182119183767 3.1353392558153 -0.0083425533758732 3.1311068594928 -0.012698893810263
0.0087151401049121 -3.1349210475846 0.0043137662642569 -3.1394772455689 0 3.1395293066362 -0.0041274486394439 3.1353855766454 -0.0083375885988977 3.1310578171885
-3.1306696892315 0.0087743718833878 -3.1352023952477 0.004182119183767 -3.1395293066362 0 3.1395323153744 -0.0041338632282628 3.1353374988873 -0.0084401984886739
0.0131365831281 -3.1307048896473 0.0084749834265095 -3.1353392558153 0.0041274486394439 -3.1395323153744 0 3.1395214943685 -0.0041870153916026 3.1352287369986
-3.1262216610171 0.0130231013562 -3.1310127797309 0.0083425533758732 -3.1353855766454 0.0041338632282628 -3.1395214943685 0 3.1394798214495 -0.0042840163585163
0.01766467672284 -3.1263742104614 0.012742068898567 -3.1311068594928 0.0083375885988977 -3.1353374988873 0.0041870153916026 -3.1394798214495 0 3.1394240954884
-3.121550315424 0.017491254002708 -3.1266150273341 0.012698893810263 -3.1310578171885 0.0084401984886739 -3.1352287369986 0.0042840163585163 -3.1394240954884 0
