3.1415926535898 -0.31463195583586 2.6980931869133 -0.39888542593574 2.7812255643785 -0.48368572525534 2.5759535514696 -0.63690462790145 2.4237932688637 -0.86015297739
0.31463195583586 3.1415926535898 -0.23106093115512 -3.0769673638449 0.26646815686154 -2.8108309056354 0.41144815897838 -2.6631440111381 0.5632970727062 -2.4342677591616
-2.6980931869133 0.23106093115512 3.1415926535898 0.11450439360978 -2.945771999045 0.25764687075374 -2.8467239966366 0.29276652839006 -2.8606777640762 0.26570181018147
0.39888542593574 3.0769673638449 -0.11450439360978 3.1415926535898 0.035338086138047 -3.0879149406364 0.050741530474826 -3.1044539452648 0.018488603042221 3.1412065896477
-2.7812255643785 -0.26646815686154 2.945771999045 -0.035338086138047 3.1415926535898 0.013622967630492 -3.1335138916717 0.0020449445500999 3.1375694849263 -0.0091576265669658
0.48368572525534 2.8108309056354 -0.25764687075374 3.0879149406364 -0.013622967630492 3.1415926535898 -0.0062581297916735 3.1320799861302 -0.012502815751315 3.1271605803182
-2.5759535514696 -0.41144815897838 2.8467239966366 -0.050741530474826 3.1335138916717 0.0062581297916735 3.1415926535898 -0.0012650251840838 3.1390838412099 -0.0030004316493431
0.63690462790145 2.6631440111381 -0.29276652839006 3.1044539452648 -0.0020449445500999 -3.1320799861302 0.0012650251840838 3.1415926535898 -0.0013096910702837 3.1394727619027
-2.4237932688637 -0.5632970727062 2.8606777640762 -0.018488603042221 -3.1375694849263 0.012502815751315 -3.1390838412099 0.0013096910702837 3.1415926535898 -0.001043547393454
0.86015297739 2.4342677591616 -0.26570181018147 -3.1412065896477 0.0091576265669658 -3.1271605803182 0.0030004316493431 -3.1394727619027 0.001043547393454 3.1415926535898
