0.012978680223975 0.0024317314846949 0.0012283142590571 0.00062279502544014 0.00058043139260446 0.00052912932868522 0.00048265465000339 0.00052268871595601 0.0005788513039039 0.00060046152184309
0.0024317314846949 0.0046712086171516 0.0013051917250177 0.00080243513441881 0.0007691361442185 0.00056853249484138 0.00050334866919328 0.0004398364763197 0.00039720333958935 0.00036508699691382
0.0012283142590571 0.0013051917250177 0.0019612706866411 0.0011531249927019 0.00093647386901241 0.00078524144218896 0.00060932702446418 0.00053443754436186 0.0004761597337465 0.00044371418870184
0.00062279502544014 0.00080243513441881 0.0011531249927019 0.0014665521271286 0.0011220121023994 0.00092179699538899 0.00074783293671892 0.00065880612452112 0.00057894085778065 0.0005215445699737
0.00058043139260446 0.0007691361442185 0.00093647386901241 0.0011220121023994 0.0011653009930968 0.0010069807747319 0.00088077900416518 0.00078049111153461 0.00070344577204335 0.00063980730966977
0.00052912932868522 0.00056853249484138 0.00078524144218896 0.00092179699538899 0.0010069807747319 0.00098878421486303 0.00089372770201391 0.00081647531111576 0.00074910057713494 0.00068938307557119
0.00048265465000339 0.00050334866919328 0.00060932702446418 0.00074783293671892 0.00088077900416518 0.00089372770201391 0.00087778031685909 0.00082254870630794 0.00077034548697129 0.00071736123420449
0.00052268871595601 0.0004398364763197 0.00053443754436186 0.00065880612452112 0.00078049111153461 0.00081647531111576 0.00082254870630794 0.00079792605375915 0.00076147713464121 0.00071840743821493
0.0005788513039039 0.00039720333958935 0.0004761597337465 0.00057894085778065 0.00070344577204335 0.00074910057713494 0.00077034548697129 0.00076147713464121 0.00074429964281672 0.00071301268017684
0.00060046152184309 0.00036508699691382 0.00044371418870184 0.0005215445699737 0.00063980730966977 0.00068938307557119 0.00071736123420449 0.00071840743821493 0.00071301268017684 0.00069414583902699
