3.1415926535898 -0.41031472095887 2.7031098456919 -0.50954394196559 2.4651522071569 -0.71357475798287 2.4254372489955 -0.7591328760171 2.3570622251011 -0.80359223380346
0.41031472095887 3.1415926535898 0.052472331231592 3.1232377136968 0.069160050936289 -3.0537483884545 0.070915562216797 -3.055740402774 0.126023110783 -2.9545539022766
-2.7031098456919 -0.052472331231592 3.1415926535898 0.0048339766918312 -3.1144893255679 0.034153562634511 -3.1175148525937 0.0085755697711513 3.1241923278121 -0.043478467200451
0.50954394196559 -3.1232377136968 -0.0048339766918312 3.1415926535898 0.01483887552851 -3.1286466379995 0.0080115622608728 -3.1389755339122 -0.0045987184504276 3.1301093063907
-2.4651522071569 -0.069160050936289 3.1144893255679 -0.01483887552851 3.1415926535898 -0.0013352335909943 3.1378363529949 -0.0075140040305747 3.1281922691716 -0.01920745581947
0.71357475798287 3.0537483884545 -0.034153562634511 3.1286466379995 0.0013352335909943 3.1415926535898 -0.0039656493331861 3.1333396292196 -0.013817285960062 3.1224117216593
-2.4254372489955 -0.070915562216797 3.1175148525937 -0.0080115622608728 -3.1378363529949 0.0039656493331861 3.1415926535898 -0.0034583698245328 3.1338024262187 -0.011637075183003
0.7591328760171 3.055740402774 -0.0085755697711513 3.1389755339122 0.0075140040305747 -3.1333396292196 0.0034583698245328 3.1415926535898 -0.0037980321820717 3.1346284499261
-2.3570622251011 -0.126023110783 -3.1241923278121 0.0045987184504276 -3.1281922691716 0.013817285960062 -3.1338024262187 0.0037980321820717 3.1415926535898 -0.0029254159578998
0.80359223380346 2.9545539022766 0.043478467200451 -3.1301093063907 0.01920745581947 -3.1224117216593 0.011637075183003 -3.1346284499261 0.0029254159578998 3.1415926535898
