0.011011455304347 -0.0011289110941364 0.00040554197978584 -0.00047277814723325 0.00037233165167633 -0.000301186530296 0.00022694837231617 -0.00017644526004986 0.00013963553643345 -0.00011162100215948
-0.0011289110941364 0.0071337582801148 -0.001918605519335 0.0013035489898847 -0.00095531747033542 0.00074566960740211 -0.00058304432067788 0.00047416958815694 -0.00039064175796639 0.00032369764007349
0.00040554197978584 -0.001918605519335 0.004494126472292 -0.0023827260938639 0.0017310295193644 -0.0013097352662359 0.0010510310000409 -0.00087570717679432 0.00074627974865052 -0.00064337064503086
-0.00047277814723325 0.0013035489898847 -0.0023827260938639 0.002997001987338 -0.0022253760652998 0.0017660573687323 -0.0014475238606522 0.0012335391462084 -0.0010743359106269 0.00095023713788904
0.00037233165167633 -0.00095531747033542 0.0017310295193644 -0.0022253760652998 0.0022877334239609 -0.0019572657458199 0.0016819342436255 -0.0014718662015511 0.0013052321384728 -0.0011698058512015
-0.000301186530296 0.00074566960740211 -0.0013097352662359 0.0017660573687323 -0.0019572657458199 0.0019180717050387 -0.0017376028783424 0.0015729495135496 -0.0014280988889044 0.0013030641992599
0.00022694837231617 -0.00058304432067788 0.0010510310000409 -0.0014475238606522 0.0016819342436255 -0.0017376028783424 0.0016814646138188 -0.0015780457269604 0.0014689136372902 -0.0013650076870837
-0.00017644526004986 0.00047416958815694 -0.00087570717679432 0.0012335391462084 -0.0014718662015511 0.0015729495135496 -0.0015780457269604 0.0015306323342299 -0.0014568780708256 0.0013764325793438
0.00013963553643345 -0.00039064175796639 0.00074627974865052 -0.0010743359106269 0.0013052321384728 -0.0014280988889044 0.0014689136372902 -0.0014568780708256 0.0014149622286007 -0.001357554733285
-0.00011162100215948 0.00032369764007349 -0.00064337064503086 0.00095023713788904 -0.0011698058512015 0.0013030641992599 -0.0013650076870837 0.0013764325793438 -0.001357554733285 0.0013200609776128
