3.1415926535898 2.7533404359382 0.27789774018656 -1.4750407881369 1.6352683391331 -1.8226931929045 0.93981247508677 -2.003399695409 1.5451096603153 -1.2752898547245
-2.7533404359382 3.1415926535898 0.37075453592904 3.1227098080163 0.15514006370013 -2.5508539487198 0.51196045996012 -2.5709888735366 0.60627398287377 -2.427966434879
-0.27789774018656 -0.37075453592904 3.1415926535898 -0.037541391505705 2.9172191256771 -0.15613911201738 2.9760686249545 -0.087440246742144 3.1314196931189 0.0036971812976226
1.4750407881369 -3.1227098080163 0.037541391505705 3.1415926535898 -0.023085571950559 3.1374460680055 0.0087182141912714 -3.1374823497955 0.016637826690949 -3.1049944137227
-1.6352683391331 -0.15514006370013 -2.9172191256771 0.023085571950559 3.1415926535898 -0.0043916759169698 3.1400286975714 -0.0015563614900923 3.1362973053324 -0.0011830969179046
1.8226931929045 2.5508539487198 0.15613911201738 -3.1374460680055 0.0043916759169698 3.1415926535898 0.0080551462112536 -3.1365275092641 0.0004243324217425 3.1390990960787
-0.93981247508677 -0.51196045996012 -2.9760686249545 -0.0087182141912714 -3.1400286975714 -0.0080551462112536 3.1415926535898 -0.0071059860227339 3.1289747323951 -0.013203352549933
2.003399695409 2.5709888735366 0.087440246742144 3.1374823497955 0.0015563614900923 3.1365275092641 0.0071059860227339 3.1415926535898 -0.001507625294814 3.1400094313805
-1.5451096603153 -0.60627398287377 -3.1314196931189 -0.016637826690949 -3.1362973053324 -0.0004243324217425 -3.1289747323951 0.001507625294814 3.1415926535898 -0.00049945705685337
1.2752898547245 2.427966434879 -0.0036971812976226 3.1049944137227 0.0011830969179046 -3.1390990960787 0.013203352549933 -3.1400094313805 0.00049945705685337 3.1415926535898
