0.00032324103867053 0.00026480527022408 0.00023617543441661 0.0001836468567835 0.00015710119763817 0.00014349948620572 0.00013496553821381 0.00012747686232177 0.00012108023314792 0.00011573256494466
0.00026480527022408 0.00023040147774286 0.00020348293404363 0.00015878099618057 0.00013776486859986 0.00012326687728801 0.00011446844511539 0.00010763836601907 0.0001022842231995 9.7903000209807e-05
0.00023617543441661 0.00020348293404363 0.0001707555004627 0.00013306100156319 0.00011483531367695 0.00010234713461859 9.5700636297139e-05 9.001021726066e-05 8.5627247320554e-05 8.1881712314969e-05
0.0001836468567835 0.00015878099618057 0.00013306100156319 0.00010314511615601 9.3047466574988e-05 8.326817823047e-05 7.7609557183669e-05 7.3022349856967e-05 6.9572792955787e-05 6.6815426776429e-05
0.00015710119763817 0.00013776486859986 0.00011483531367695 9.3047466574988e-05 8.2875091646899e-05 7.5626579063781e-05 7.0339066089046e-05 6.5701179235071e-05 6.2140637784172e-05 5.962103067281e-05
0.00014349948620572 0.00012326687728801 0.00010234713461859 8.326817823047e-05 7.5626579063781e-05 6.84171080801e-05 6.3963555224614e-05 6.0062803522397e-05 5.6953549562478e-05 5.4776635761862e-05
0.00013496553821381 0.00011446844511539 9.5700636297139e-05 7.7609557183669e-05 7.0339066089046e-05 6.3963555224614e-05 6.0349251454583e-05 5.7127147208769e-05 5.4391967151656e-05 5.2431433704671e-05
0.00012747686232177 0.00010763836601907 9.001021726066e-05 7.3022349856967e-05 6.5701179235071e-05 6.0062803522397e-05 5.7127147208769e-05 5.4277504175664e-05 5.1849854868803e-05 5.0088130196107e-05
0.00012108023314792 0.0001022842231995 8.5627247320554e-05 6.9572792955787e-05 6.2140637784172e-05 5.6953549562478e-05 5.4391967151656e-05 5.1849854868803e-05 4.9666732873978e-05 4.8065173152018e-05
0.00011573256494466 9.7903000209807e-05 8.1881712314969e-05 6.6815426776429e-05 5.962103067281e-05 5.4776635761862e-05 5.2431433704671e-05 5.0088130196107e-05 4.8065173152018e-05 4.6575668376147e-05
