0.00030007234613168 0.00027576919785935 0.00022913604486117 0.00018489715892255 0.00016000040011545 0.00014623210314001 0.00013567945505478 0.00012709873044813 0.00012116051826432 0.0001164478109013
0.00027576919785935 0.00025743248280559 0.0002074559633919 0.00017328184663943 0.00014868227892704 0.00013527498659671 0.00012493147138523 0.0001170840311581 0.00011186727385078 0.00010765092647074
0.00022913604486117 0.0002074559633919 0.00016747732690824 0.00014086891559173 0.00012065096688523 0.00010915154485857 9.9964647297895e-05 9.3124896751068e-05 8.8371352078447e-05 8.4676685027966e-05
0.00018489715892255 0.00017328184663943 0.00014086891559173 0.00011880530233988 0.00010167625107406 9.1824856433902e-05 8.4609707503722e-05 7.9915195088496e-05 7.6544523810097e-05 7.3737901303351e-05
0.00016000040011545 0.00014868227892704 0.00012065096688523 0.00010167625107406 8.9652380452759e-05 8.1995813061685e-05 7.4932877422143e-05 7.0245283422837e-05 6.6798614818736e-05 6.3934529761488e-05
0.00014623210314001 0.00013527498659671 0.00010915154485857 9.1824856433902e-05 8.1995813061685e-05 7.5180719379822e-05 6.8658789419086e-05 6.4752038516713e-05 6.1709808461467e-05 5.9272750394648e-05
0.00013567945505478 0.00012493147138523 9.9964647297895e-05 8.4609707503722e-05 7.4932877422143e-05 6.8658789419086e-05 6.2898529266228e-05 5.9775208852807e-05 5.7362364020716e-05 5.5472102698067e-05
0.00012709873044813 0.0001170840311581 9.3124896751068e-05 7.9915195088496e-05 7.0245283422837e-05 6.4752038516713e-05 5.9775208852807e-05 5.7137870166193e-05 5.5118585063842e-05 5.3520642695161e-05
0.00012116051826432 0.00011186727385078 8.8371352078447e-05 7.6544523810097e-05 6.6798614818736e-05 6.1709808461467e-05 5.7362364020716e-05 5.5118585063842e-05 5.3405629791733e-05 5.2020372961658e-05
0.0001164478109013 0.00010765092647074 8.4676685027966e-05 7.3737901303351e-05 6.3934529761488e-05 5.9272750394648e-05 5.5472102698067e-05 5.3520642695161e-05 5.2020372961658e-05 5.0777167569776e-05
