0 -3.1218178623255 0.037716910798125 -3.084438812148 0.077940779460988 -3.0424297995583 0.11997447262441 -3.0017360241791 0.15862598914717 -2.965549030645
3.1218178623255 0 -3.1253440340976 0.032688477619981 -3.0923582764438 0.065037297746265 -3.0621368512091 0.092131663541392 -3.0385410843722 0.11209331286553
-0.037716910798125 3.1253440340976 0 -3.1262063016783 0.029858590818325 -3.0989094626138 0.053427678227781 -3.0796758167837 0.068297291128063 -3.0690127928691
3.084438812148 -0.032688477619981 3.1262063016783 0 -3.1281053115106 0.02451711457679 -3.1086991007045 0.038649951673315 -3.0994945629898 0.043388622202601
-0.077940779460988 3.0923582764438 -0.029858590818325 3.1281053115106 0 -3.1313246054456 0.017378579409888 -3.1200064869384 0.023363238372416 -3.1185994241613
3.0424297995583 -0.065037297746265 3.0989094626138 -0.02451711457679 3.1313246054456 0 -3.1349649482696 0.010100869680351 -3.1305438878185 0.0098794333022609
-0.11997447262441 3.0621368512091 -0.053427678227781 3.1086991007045 -0.017378579409888 3.1349649482696 0 -3.1383627947366 0.0038452982490954 -3.1392212350148
3.0017360241791 -0.092131663541392 3.0796758167837 -0.038649951673315 3.1200064869384 -0.010100869680351 3.1383627947366 0 -3.1410670773853 -0.0010172930081788
-0.15862598914717 3.0385410843722 -0.068297291128063 3.0994945629898 -0.023363238372416 3.1305438878185 -0.0038452982490954 3.1410670773853 0 3.1400641449746
2.965549030645 -0.11209331286553 3.0690127928691 -0.043388622202601 3.1185994241613 -0.0098794333022609 3.1392212350148 0.0010172930081788 -3.1400641449746 0
