0.00044089845097469 0.0023588229516165 0.0026752380171452 0.0024007299070256 0.0020116014679386 0.0016507389726837 0.0013185233835928 0.0012039330748108 0.0011269515494995 0.0010473892708995
0.0023588229516165 0.00067340605388173 0.00058473835400868 0.00052703736558587 0.0004267802128615 0.00038117460491484 0.00028956915298031 0.00025938133683682 0.00024262062768588 0.00022080128084468
0.0026752380171452 0.00058473835400868 0.00097676539627102 0.00068169917862802 0.00049369702345363 0.0004333271514201 0.00032989595143287 0.00027250556539089 0.00025219406996241 0.00022952894779429
0.0024007299070256 0.00052703736558587 0.00068169917862802 0.00078540241914492 0.00050541397541809 0.00042796283881017 0.00033669032579016 0.00027800028797744 0.00026998001010303 0.00025522708964834
0.0020116014679386 0.0004267802128615 0.00049369702345363 0.00050541397541809 0.000458681511122 0.00036121552128343 0.00029296736883293 0.00027728476592391 0.00026083765715932 0.00024034173298116
0.0016507389726837 0.00038117460491484 0.0004333271514201 0.00042796283881017 0.00036121552128343 0.00031417695328708 0.00023194926082652 0.00020675150137348 0.00019173979051699 0.00017180134457126
0.0013185233835928 0.00028956915298031 0.00032989595143287 0.00033669032579016 0.00029296736883293 0.00023194926082652 0.00021134909104533 0.00019397438132117 0.00017965222931534 0.00016314750548533
0.0012039330748108 0.00025938133683682 0.00027250556539089 0.00027800028797744 0.00027728476592391 0.00020675150137348 0.00019397438132117 0.00018752188317014 0.00017455672763796 0.00015805480453124
0.0011269515494995 0.00024262062768588 0.00025219406996241 0.00026998001010303 0.00026083765715932 0.00019173979051699 0.00017965222931534 0.00017455672763796 0.00016541884441044 0.00015094377418861
0.0010473892708995 0.00022080128084468 0.00022952894779429 0.00025522708964834 0.00024034173298116 0.00017180134457126 0.00016314750548533 0.00015805480453124 0.00015094377418861 0.0001397740169625
