0.01112199833598 -0.0015547707156425 0.00065875151307442 -0.00053581016985736 0.00041826836278279 -0.00028220604289041 0.00017742180266265 -0.00010209855744809 5.1863462291593e-05 -1.5984574564672e-05
-0.0015547707156425 0.0070027467056571 -0.0019446673856781 0.0013454176491931 -0.00094771739858729 0.00073620656974031 -0.00056594069698647 0.00044071474578977 -0.00035030652936779 0.00028584610886503
0.00065875151307442 -0.0019446673856781 0.0045597613585782 -0.0022827416998575 0.0016153532020855 -0.0012265094858105 0.00098363992596044 -0.00082072006211561 0.0006975067613217 -0.00060321706315232
-0.00053581016985736 0.0013454176491931 -0.0022827416998575 0.0028818420251004 -0.002090614410535 0.0016098308478347 -0.0013138843152791 0.0011037562587005 -0.0009476753782488 0.00082577105558546
0.00041826836278279 -0.00094771739858729 0.0016153532020855 -0.002090614410535 0.0022082765214918 -0.0018203620740264 0.0015444039798982 -0.0013361799936691 0.0011728045578939 -0.0010427981770118
-0.00028220604289041 0.00073620656974031 -0.0012265094858105 0.0016098308478347 -0.0018203620740264 0.0017464399321034 -0.0015636556070883 0.0014020171692095 -0.0012627098909679 0.0011444846892221
0.00017742180266265 -0.00056594069698647 0.00098363992596044 -0.0013138843152791 0.0015444039798982 -0.0015636556070883 0.0015005191068978 -0.0013931589070223 0.0012861997690161 -0.0011874159259145
-0.00010209855744809 0.00044071474578977 -0.00082072006211561 0.0011037562587005 -0.0013361799936691 0.0014020171692095 -0.0013931589070223 0.0013421132095203 -0.0012697922237462 0.0011939146665694
5.1863462291593e-05 -0.00035030652936779 0.0006975067613217 -0.0009476753782488 0.0011728045578939 -0.0012627098909679 0.0012861997690161 -0.0012697922237462 0.0012297588876023 -0.0011766495837592
-1.5984574564672e-05 0.00028584610886503 -0.00060321706315232 0.00082577105558546 -0.0010427981770118 0.0011444846892221 -0.0011874159259145 0.0011939146665694 -0.0011766495837592 0.0011432002132194
