0.033944859542851 0.013934936574543 0.0074898394490174 0.0034566544518871 0.00086591811796262 0.00084441238568748 0.001949930050287 0.0026930057131824 0.0031972800560511 0.0035461642635119 0.0037839273518321 0.0039700251277439 0.0040890687124109 0.0041884843157827 0.0042522648835303 0.0043012188885653 0.0043395098775589 0.0043698056726539 0.0043746168272563 0.0043866770530107
0.013934936574543 0.019156302749988 0.019073273658413 0.017078808320462 0.01468315960503 0.012444888302378 0.01051684099898 0.0088983505916593 0.007547526648021 0.0064173845140041 0.0054587163473148 0.0046622416745779 0.0039957935340703 0.0033985100976977 0.0028932907175388 0.0024609919227995 0.0020844026586181 0.001706324261236 0.0014795894904807 0.0012319888564695
0.0074898394490174 0.019073273658413 0.022988771629736 0.023427381377941 0.022261513490096 0.020480843968943 0.018561335472053 0.016707452489699 0.015001749995041 0.01346465105945 0.012082247936042 0.01087983466241 0.0098213176049357 0.0088531154513868 0.0080076630629878 0.0072602864460082 0.0065937757851804 0.0059035503239386 0.0054769559932542 0.0050040693042736
0.0034566544518871 0.017078808320462 0.023427381377941 0.025992559052163 0.026332712973089 0.025484709455119 0.024067343054923 0.022420975815636 0.02073279635577 0.019093987761612 0.017539714043272 0.016124588375002 0.014830535149158 0.013625552441066 0.012544585385213 0.011567331591087 0.010680747055354 0.0097500646578649 0.009158026635686 0.0085003888023034
0.00086591811796262 0.01468315960503 0.022261513490096 0.026332712973089 0.02799464527352 0.028146574549642 0.027418781761123 0.026211078195498 0.024774512417378 0.023253337248283 0.021725832806339 0.020269250055285 0.018888420164729 0.017578494089476 0.016372187160181 0.015259617114471 0.014233537625616 0.013146340071964 0.012431579801136 0.011638188826081
0.00084441238568748 0.012444888302378 0.020480843968943 0.025484709455119 0.028146574549642 0.029175203995326 0.029142665422213 0.02845340796674 0.027384813929444 0.026112195433103 0.024744119973951 0.023372385172278 0.022022785894766 0.020715313221539 0.019479714331472 0.018317642690561 0.017228092217178 0.016063314091068 0.015272887574143 0.014395368199271
0.001949930050287 0.01051684099898 0.018561335472053 0.024067343054923 0.027418781761123 0.029142665422213 0.029726925195207 0.029548666486989 0.028885178105131 0.027924175808523 0.026791546882602 0.025586058655542 0.024349967296011 0.023122553647848 0.021931302336825 0.020788020969576 0.019697608321026 0.018519987307139 0.017697516647271 0.016782206194444
0.0026930057131824 0.0088983505916593 0.016707452489699 0.022420975815636 0.026211078195498 0.02845340796674 0.029548666486989 0.029832988076133 0.029565252132141 0.028934452382043 0.028072555028748 0.027079216575166 0.026008222267232 0.024912145161161 0.023816960153847 0.0227424805416 0.021698704523938 0.020557406943959 0.019739529446558 0.018824598028374
0.0031972800560511 0.007547526648021 0.015001749995041 0.02073279635577 0.024774512417378 0.027384813929444 0.028885178105131 0.029565252132141 0.02966181311868 0.029352344467989 0.028768838212722 0.02800748390403 0.02712915134876 0.026194479202046 0.025228326827544 0.024256337830118 0.023292596752526 0.022222486813585 0.021437741779189 0.020552619083912
0.0035461642635119 0.0064173845140041 0.01346465105945 0.019093987761612 0.023253337248283 0.026112195433103 0.027924175808523 0.028934452382043 0.029352344467989 0.029343619482759 0.029027610093203 0.028501212434846 0.027826461644249 0.027067992403563 0.026249649536233 0.025400997166669 0.024539199822422 0.023563514721035 0.02283296569697 0.021999270911467
0.0037839273518321 0.0054587163473148 0.012082247936042 0.017539714043272 0.021725832806339 0.024744119973951 0.026791546882602 0.028072555028748 0.028768838212722 0.029027610093203 0.028972934648049 0.028668073076055 0.028196940680567 0.027619014990723 0.026957038273329 0.026242948700421 0.025496098116688 0.024629050327407 0.023967306221875 0.023200038496836
0.0039700251277439 0.0046622416745779 0.01087983466241 0.016124588375002 0.020269250055285 0.023372385172278 0.025586058655542 0.027079216575166 0.02800748390403 0.028501212434846 0.028668073076055 0.028582197893048 0.028304760889895 0.027903233397817 0.02739804821271 0.026822229439721 0.026196479442357 0.025445605455155 0.024862318276276 0.024171632187212
0.0040890687124109 0.0039957935340703 0.0098213176049357 0.014830535149158 0.018888420164729 0.022022785894766 0.024349967296011 0.026008222267232 0.02712915134876 0.027826461644249 0.028196940680567 0.028304760889895 0.028218012946465 0.027978562889542 0.027626574975534 0.027188421100913 0.026685507955803 0.026053667711469 0.025554528223763 0.024946491475821
0.0041884843157827 0.0033985100976977 0.0088531154513868 0.013625552441066 0.017578494089476 0.020715313221539 0.023122553647848 0.024912145161161 0.026194479202046 0.027067992403563 0.027619014990723 0.027903233397817 0.027978562889542 0.027908803250144 0.02769822900803 0.027393263043928 0.027010970213823 0.02650078983793 0.026083987863492 0.025561006162499
0.0042522648835303 0.0028932907175388 0.0080076630629878 0.012544585385213 0.016372187160181 0.019479714331472 0.021931302336825 0.023816960153847 0.025228326827544 0.026249649536233 0.026957038273329 0.02739804821271 0.027626574975534 0.02769822900803 0.027629152834219 0.027451000287856 0.027185227149081 0.0267860248074 0.026459527926084 0.026022389180142
0.0043012188885653 0.0024609919227995 0.0072602864460082 0.011567331591087 0.015259617114471 0.018317642690561 0.020788020969576 0.0227424805416 0.024256337830118 0.025400997166669 0.026242948700421 0.026822229439721 0.027188421100913 0.027393263043928 0.027451000287856 0.027391902665279 0.027236930777482 0.026947717533389 0.02670617173255 0.026353774059609
0.0043395098775589 0.0020844026586181 0.0065937757851804 0.010680747055354 0.014233537625616 0.017228092217178 0.019697608321026 0.021698704523938 0.023292596752526 0.024539199822422 0.025496098116688 0.026196479442357 0.026685507955803 0.027010970213823 0.027185227149081 0.027236930777482 0.027186970725662 0.027001456705091 0.026842301010307 0.026572484435131
0.0043698056726539 0.001706324261236 0.0059035503239386 0.0097500646578649 0.013146340071964 0.016063314091068 0.018519987307139 0.020557406943959 0.022222486813585 0.023563514721035 0.024629050327407 0.025445605455155 0.026053667711469 0.02650078983793 0.0267860248074 0.026947717533389 0.027001456705091 0.027097519276872 0.026846234247359 0.026660917941304
0.0043746168272563 0.0014795894904807 0.0054769559932542 0.009158026635686 0.012431579801136 0.015272887574143 0.017697516647271 0.019739529446558 0.021437741779189 0.02283296569697 0.023967306221875 0.024862318276276 0.025554528223763 0.026083987863492 0.026459527926084 0.02670617173255 0.026842301010307 0.026846234247359 0.026840525025328 0.026725324288138
0.0043866770530107 0.0012319888564695 0.0050040693042736 0.0085003888023034 0.011638188826081 0.014395368199271 0.016782206194444 0.018824598028374 0.020552619083912 0.021999270911467 0.023200038496836 0.024171632187212 0.024946491475821 0.025561006162499 0.026022389180142 0.026353774059609 0.026572484435131 0.026660917941304 0.026725324288138 0.026682033125978
