-0.0038059820945558 -0.00015498243708909 1.6263696418722e-05 -9.0564763722283e-05 0.00011045580212977 -7.9531971258354e-05 7.841240529483e-05 -5.0630536461345e-05 4.9695597147457e-05 -5.6413168964453e-05
-0.00015498243708909 -0.0064261100279716 0.00052209456628856 -0.00044657514775191 0.00029021072099706 -0.00022970712534127 0.00016336426982851 -0.00011788854391243 9.2329692283051e-05 -8.1166346863139e-05
1.6263696418722e-05 0.00052209456628856 -0.0065292471357274 0.0017275558326237 -0.00097798210902232 0.00071934599963767 -0.00052057912967814 0.0004155950518456 -0.00033932263179852 0.00028484987087657
-9.0564763722283e-05 -0.00044657514775191 0.0017275558326237 -0.0049396409302617 0.0019857354346835 -0.0012401040897151 0.00097614360636791 -0.00077517710379673 0.00062238187080585 -0.00051478428864348
0.00011045580212977 0.00029021072099706 -0.00097798210902232 0.0019857354346835 -0.0033375627904943 0.0020514299297846 -0.0014920743961362 0.0011696826504809 -0.00094876483301354 0.00079634668567438
-7.9531971258354e-05 -0.00022970712534127 0.00071934599963767 -0.0012401040897151 0.0020514299297846 -0.0024353576362492 0.0018784473217869 -0.0015130173399319 0.0012605363031312 -0.001070567926562
7.841240529483e-05 0.00016336426982851 -0.00052057912967814 0.00097614360636791 -0.0014920743961362 0.0018784473217869 -0.0018774630411984 0.0016089928982522 -0.0013846250251627 0.0012115426646922
-5.0630536461345e-05 -0.00011788854391243 0.0004155950518456 -0.00077517710379673 0.0011696826504809 -0.0015130173399319 0.0016089928982522 -0.0015499043944708 0.0013992304540043 -0.0012622585491088
4.9695597147457e-05 9.2329692283051e-05 -0.00033932263179852 0.00062238187080585 -0.00094876483301354 0.0012605363031312 -0.0013846250251627 0.0013992304540043 -0.0013378639583659 0.001246335295335
-5.6413168964453e-05 -8.1166346863139e-05 0.00028484987087657 -0.00051478428864348 0.00079634668567438 -0.001070567926562 0.0012115426646922 -0.0012622585491088 0.001246335295335 -0.0011988236883369
