0.00045763025369655 0.00039647889521732 0.00034348670207111 0.00029539483565474 0.00025039419350388 0.00022222923574095 0.00020340435617298 0.00019069399587679 0.00018072710298701 0.00017384091697438
0.00039647889521732 0.00033194421203915 0.00028744226193026 0.00024464715798736 0.00021061926231405 0.00018561868208895 0.00017103370794962 0.00016202239835301 0.0001550892746302 0.00015007761898568
0.00034348670207111 0.00028744226193026 0.00025302036588516 0.00020953255648015 0.00017955991153563 0.00015908833462272 0.00014634679393885 0.00013776533334534 0.00013100775048298 0.00012594154547301
0.00029539483565474 0.00024464715798736 0.00020953255648015 0.00017566554374813 0.00015005580863411 0.00013264042520093 0.00012252804056132 0.00011609801361842 0.00011076489766176 0.00010666764968809
0.00025039419350388 0.00021061926231405 0.00017955991153563 0.00015005580863411 0.0001298225758024 0.0001155653211965 0.00010612259147152 0.00010095436959114 9.7071862049602e-05 9.3999571574528e-05
0.00022222923574095 0.00018561868208895 0.00015908833462272 0.00013264042520093 0.0001155653211965 0.00010266974994359 9.5000617742896e-05 9.1372411593481e-05 8.8671067938269e-05 8.6426809536952e-05
0.00020340435617298 0.00017103370794962 0.00014634679393885 0.00012252804056132 0.00010612259147152 9.5000617742896e-05 8.8095592161623e-05 8.4939978082699e-05 8.2585027285088e-05 8.0612695188359e-05
0.00019069399587679 0.00016202239835301 0.00013776533334534 0.00011609801361842 0.00010095436959114 9.1372411593481e-05 8.4939978082699e-05 8.1808921476141e-05 7.9530760616964e-05 7.7613599815593e-05
0.00018072710298701 0.0001550892746302 0.00013100775048298 0.00011076489766176 9.7071862049602e-05 8.8671067938269e-05 8.2585027285088e-05 7.9530760616964e-05 7.7374108994953e-05 7.5562896817074e-05
0.00017384091697438 0.00015007761898568 0.00012594154547301 0.00010666764968809 9.3999571574528e-05 8.6426809536952e-05 8.0612695188359e-05 7.7613599815593e-05 7.5562896817074e-05 7.3837055547043e-05
