0.0022753246270149 0.0018432886294059 0.0013363564635908 0.0010780743564893 0.00085847562236987 0.00070166488825061 0.00067491079814386 0.0006542521177898 0.00062486250912406 0.00061179127778802
0.0018432886294059 0.0012622758571733 0.0011259958219008 0.00080510763760716 0.00070670829679292 0.00059679454817597 0.00057631468518229 0.00054182892968099 0.00051247896642385 0.00049490110805385
0.0013363564635908 0.0011259958219008 0.00095775931601013 0.00071872084170472 0.0006330083937797 0.00053351893817478 0.00050340011924435 0.00046584112185305 0.00043675147456477 0.00041611976650948
0.0010780743564893 0.00080510763760716 0.00071872084170472 0.00057204565806839 0.00051290523910837 0.00043362115228468 0.00040733132246513 0.00038304927991947 0.00036107730518551 0.00034809932840387
0.00085847562236987 0.00070670829679292 0.0006330083937797 0.00051290523910837 0.00044036279568961 0.00037824048744278 0.00035073533374693 0.00032894696854891 0.00030617357556575 0.00029065002669299
0.00070166488825061 0.00059679454817597 0.00053351893817478 0.00043362115228468 0.00037824048744278 0.00032403462666503 0.00030602632019735 0.00029164738561516 0.00027278118356274 0.00026022371272132
0.00067491079814386 0.00057631468518229 0.00050340011924435 0.00040733132246513 0.00035073533374693 0.00030602632019735 0.00029154753011503 0.00028014664337051 0.00026352736121047 0.0002525995252385
0.0006542521177898 0.00054182892968099 0.00046584112185305 0.00038304927991947 0.00032894696854891 0.00029164738561516 0.00028014664337051 0.00026910730684138 0.00025362627322294 0.00024339896448931
0.00062486250912406 0.00051247896642385 0.00043675147456477 0.00036107730518551 0.00030617357556575 0.00027278118356274 0.00026352736121047 0.00025362627322294 0.00023940775640792 0.00023033252553052
0.00061179127778802 0.00049490110805385 0.00041611976650948 0.00034809932840387 0.00029065002669299 0.00026022371272132 0.0002525995252385 0.00024339896448931 0.00023033252553052 0.00022105175336939
