0 -3.1155769720387 -0.013787055306923 3.0881579862561 -0.028050191289817 3.0941160836222 -0.03955089166515 3.1198981277481 -0.0057070318991702 -3.134089175312
3.1155769720387 0 3.1367983508903 -0.026525469019497 3.1183766687921 -0.034192648584628 3.1163651508916 -0.016323714377334 3.1308923547356 -0.0057425838850303
0.013787055306923 -3.1367983508903 0 3.1192876106537 -0.013443098256461 3.1233602757144 -0.016474688720532 3.1319085004037 -0.0042964906818305 -3.1394417348915
-3.0881579862561 0.026525469019497 -3.1192876106537 0 -3.1279852734909 0.0091376747531801 -3.1351749744669 0.0050646396857285 -3.1391712703607 -0.00037614283853556
0.028050191289817 -3.1183766687921 0.013443098256461 3.1279852734909 0 3.1345947595904 -0.0088232434139476 3.1330050317493 -0.0097152073813299 3.1303881111658
-3.0941160836222 0.034192648584628 -3.1233602757144 -0.0091376747531801 -3.1345947595904 0 3.1415298788418 0.0018008574886539 -3.139426179463 0.0019406136352712
0.03955089166515 -3.1163651508916 0.016474688720532 3.1351749744669 0.0088232434139476 -3.1415298788418 0 -3.1396468010689 0.0023827658138462 -3.1394408019098
-3.1198981277481 0.016323714377334 -3.1319085004037 -0.0050646396857285 -3.1330050317493 -0.0018008574886539 3.1396468010689 0 -3.1409348366809 0.00063712149897084
0.0057070318991702 -3.1308923547356 0.0042964906818305 3.1391712703607 0.0097152073813299 3.139426179463 -0.0023827658138462 3.1409348366809 0 3.1415730004965
3.134089175312 0.0057425838850303 3.1394417348915 0.00037614283853556 -3.1303881111658 -0.0019406136352712 3.1394408019098 -0.00063712149897084 -3.1415730004965 0
