0.003271360172566 0.0019875425381252 0.0015240475360364 0.001465698656903 0.0014921802480724 0.0014887125518868 0.0014806970309301 0.0014615164164017 0.0014430239697191 0.0014315218605904
0.0019875425381252 0.0010928395381666 0.0010293453844639 0.001026346600304 0.0010044972016228 0.00096856641011879 0.00095079105519976 0.00093549192111925 0.00092111519440248 0.00090976480635216
0.0015240475360364 0.0010293453844639 0.00092788704566583 0.00088200730868627 0.00088146241544183 0.00085974367768005 0.00084647911518585 0.00083639735158245 0.00083033487032637 0.0008272895885204
0.001465698656903 0.001026346600304 0.00088200730868627 0.00080127287219403 0.00078948537973289 0.0007674688434167 0.00075794838419101 0.00075329244292538 0.00075281435737395 0.00075474014587441
0.0014921802480724 0.0010044972016228 0.00088146241544183 0.00078948537973289 0.00077831340862531 0.00075913801050624 0.00075428681221277 0.00075362770950867 0.00075694444319127 0.00076264419960305
0.0014887125518868 0.00096856641011879 0.00085974367768005 0.0007674688434167 0.00075913801050624 0.00074707309877058 0.00075074532189138 0.00075700508438456 0.00076594338525046 0.00077642814369215
0.0014806970309301 0.00095079105519976 0.00084647911518585 0.00075794838419101 0.00075428681221277 0.00075074532189138 0.00076229154642894 0.0007744279292155 0.0007877954928121 0.0008017664840581
0.0014615164164017 0.00093549192111925 0.00083639735158245 0.00075329244292538 0.00075362770950867 0.00075700508438456 0.0007744279292155 0.00079109669026052 0.0008081698282055 0.00082532477918549
0.0014430239697191 0.00092111519440248 0.00083033487032637 0.00075281435737395 0.00075694444319127 0.00076594338525046 0.0007877954928121 0.0008081698282055 0.00082862022264048 0.00084891416422037
0.0014315218605904 0.00090976480635216 0.0008272895885204 0.00075474014587441 0.00076264419960305 0.00077642814369215 0.0008017664840581 0.00082532477918549 0.00084891416422037 0.00087221770665389
