-0.011047442300992 0.00080347930952329 -0.0004831167495782 0.0003193259567125 -0.00022791700325653 0.0001894386138177 -0.00018378850919534 0.00016905831076222 -0.00014458190947127 0.00013001770059653
0.00080347930952329 -0.007916093040685 0.002173277233593 -0.0014079492609734 0.00099657594004358 -0.00079879746624495 0.00065730541133716 -0.0005408177376539 0.0004483873634172 -0.00038086071977035
-0.0004831167495782 0.002173277233593 -0.0057019651714822 0.0027024915635987 -0.001913251303863 0.001437674547623 -0.0011613167362701 0.00097177427842534 -0.00082752742558174 0.0007194654732763
0.0003193259567125 -0.0014079492609734 0.0027024915635987 -0.0036827677397061 0.0025907579528806 -0.0020515305318034 0.0016900705400781 -0.0014202388322579 0.0012249481880806 -0.0010736601781998
-0.00022791700325653 0.00099657594004358 -0.001913251303863 0.0025907579528806 -0.0027659552485653 0.0023155956094538 -0.0019811181638967 0.0017093245411691 -0.0014996812182638 0.001334071578035
0.0001894386138177 -0.00079879746624495 0.001437674547623 -0.0020515305318034 0.0023155956094538 -0.0022744123208313 0.0020602310906432 -0.0018496564600876 0.001665896909208 -0.0015107974955027
-0.00018378850919534 0.00065730541133716 -0.0011613167362701 0.0016900705400781 -0.0019811181638967 0.0020602310906432 -0.0020069423200931 0.0018714311633559 -0.0017309164950471 0.0016012104458462
0.00016905831076222 -0.0005408177376539 0.00097177427842534 -0.0014202388322579 0.0017093245411691 -0.0018496564600876 0.0018714311633559 -0.0018118745769714 0.0017182773558594 -0.0016202279097666
-0.00014458190947127 0.0004483873634172 -0.00082752742558174 0.0012249481880806 -0.0014996812182638 0.001665896909208 -0.0017309164950471 0.0017182773558594 -0.0016666747321561 0.001598929202579
0.00013001770059653 -0.00038086071977035 0.0007194654732763 -0.0010736601781998 0.001334071578035 -0.0015107974955027 0.0016012104458462 -0.0016202279097666 0.001598929202579 -0.0015572929020282
