3.1415926535898 -0.53112407865011 -2.3671985670032 1.6778123579907 -0.59724235082424 2.5479997579923 -0.24515932146869 -3.0741760614242 0.26381030614061 -2.7652659666918
0.53112407865011 3.1415926535898 0.080074475331831 -2.9943739204516 0.16254200946476 -2.896814455644 0.27935494883386 -2.8503816857876 0.29894894441393 -2.8601255064258
2.3671985670032 -0.080074475331831 3.1415926535898 0.0027634787251184 -3.0788113467311 0.11524498336708 -2.9859432815159 0.18104217243717 -2.9423987112895 0.20814881798416
-1.6778123579907 2.9943739204516 -0.0027634787251184 3.1415926535898 0.0067093686916766 3.1410619395298 -0.011424892351687 3.1178335992248 -0.035941606790532 3.0929258584173
0.59724235082424 -0.16254200946476 3.0788113467311 -0.0067093686916766 3.1415926535898 -0.0039921428463636 3.1342534836604 -0.014412121119021 3.1208029510513 -0.026128615672386
-2.5479997579923 2.896814455644 -0.11524498336708 -3.1410619395298 0.0039921428463636 3.1415926535898 0.00057441545536033 3.1372533201701 -0.0099892487815748 3.1267475433356
0.24515932146869 -0.27935494883386 2.9859432815159 0.011424892351687 -3.1342534836604 -0.00057441545536033 3.1415926535898 -0.0043690514328963 3.1322984634739 -0.013274403413208
3.0741760614242 2.8503816857876 -0.18104217243717 -3.1178335992248 0.014412121119021 -3.1372533201701 0.0043690514328963 3.1415926535898 -0.004768226283196 3.1331136263962
-0.26381030614061 -0.29894894441393 2.9423987112895 0.035941606790532 -3.1208029510513 0.0099892487815748 -3.1322984634739 0.004768226283196 3.1415926535898 -0.0035045580132588
2.7652659666918 2.8601255064258 -0.20814881798416 -3.0929258584173 0.026128615672386 -3.1267475433356 0.013274403413208 -3.1331136263962 0.0035045580132588 3.1415926535898
