-0.012593452093087 0.0013708295395539 -0.00080710730137359 0.00052461517132005 -0.00044306226316458 0.00033789972394037 -0.00027233241089724 0.00022773273064332 -0.00019583224467593 0.00016755795726431
0.0013708295395539 -0.0090449551003796 0.0027218121048759 -0.0019697182465347 0.0015256319045196 -0.0012540357649673 0.001042604183922 -0.00089486311639185 0.00077454995678625 -0.00067323000874232
-0.00080710730137359 0.0027218121048759 -0.0059066782923032 0.0035823522164422 -0.0026728479916382 0.0021502355161225 -0.0017936425865256 0.0015334717991336 -0.0013360860586474 0.0011832201754858
0.00052461517132005 -0.0019697182465347 0.0035823522164422 -0.004329920547486 0.0034147908238908 -0.0028374788259809 0.0024187414671103 -0.0020945225420964 0.0018393016915327 -0.0016353330134721
-0.00044306226316458 0.0015256319045196 -0.0026728479916382 0.0034147908238908 -0.0034443067074118 0.0030602872627927 -0.0027136646274735 0.0024105488184519 -0.0021505441104581 0.0019315797028211
0.00033789972394037 -0.0012540357649673 0.0021502355161225 -0.0028374788259809 0.0030602872627927 -0.0029915197714891 0.0027813187485877 -0.0025521881571464 0.0023327169428475 -0.0021353167181812
-0.00027233241089724 0.001042604183922 -0.0017936425865256 0.0024187414671103 -0.0027136646274735 0.0027813187485877 -0.0027082736059533 0.0025613031023616 -0.0023944429587158 0.0022310591146959
0.00022773273064332 -0.00089486311639185 0.0015334717991336 -0.0020945225420964 0.0024105488184519 -0.0025521881571464 0.0025613031023616 -0.0024869552687978 0.0023722669022222 -0.0022463618011832
-0.00019583224467593 0.00077454995678625 -0.0013360860586474 0.0018393016915327 -0.0021505441104581 0.0023327169428475 -0.0023944429587158 0.0023722669022222 -0.0023030245102349 0.0022129165639335
0.00016755795726431 -0.00067323000874232 0.0011832201754858 -0.0016353330134721 0.0019315797028211 -0.0021353167181812 0.0022310591146959 -0.0022463618011832 0.0022129165639335 -0.0021540099323105
