0 -3.1251373549047 0.017484937598359 -3.1128880288799 0.0495494001476 -3.0605444879649 0.12426775175191 -2.9656662870343 0.23377452773678 -2.8464644424515
3.1251373549047 0 3.1403213679619 0.010454967648199 -3.1188850292963 0.038307797234204 -3.0841055035318 0.080089999878666 -3.0373359547895 0.12854143360122
-0.017484937598359 -3.1403213679619 0 -3.131281360715 0.018682119426091 -3.1134544256968 0.03830921668144 -3.0920867674656 0.060407442184618 -3.0713823317247
3.1128880288799 -0.010454967648199 3.131281360715 0 -3.1343468814915 0.014471245326237 -3.1206559066155 0.027170164372294 -3.1093302067513 0.035761332530301
-0.0495494001476 3.1188850292963 -0.018682119426091 3.1343468814915 0 -3.1350783967274 0.011565444811961 -3.1257912553404 0.018625931675941 -3.1217584577007
3.0605444879649 -0.038307797234204 3.1134544256968 -0.014471245326237 3.1350783967274 0 -3.1370379763445 0.0079521977498371 -3.1317515702746 0.01019425815647
-0.12426775175191 3.0841055035318 -0.03830921668144 3.1206559066155 -0.011565444811961 3.1370379763445 0 -3.1384675071562 0.0046846673827046 -3.1368050949772
2.9656662870343 -0.080089999878666 3.0920867674656 -0.027170164372294 3.1257912553404 -0.0079521977498371 3.1384675071562 0 -3.1401029794496 0.0015679144839392
-0.23377452773678 3.0373359547895 -0.060407442184618 3.1093302067513 -0.018625931675941 3.1317515702746 -0.0046846673827046 3.1401029794496 0 -3.1414863689522
2.8464644424515 -0.12854143360122 3.0713823317247 -0.035761332530301 3.1217584577007 -0.01019425815647 3.1368050949772 -0.0015679144839392 3.1414863689522 0
