0.10131568786924 1.6293622122174e-06 7.549117610379e-06 1.0566965074984e-05 1.2803393193517e-05 1.4266750127135e-05 1.6209640118658e-05 1.6639268848873e-05 1.7673968330397e-05 1.8547891175213e-05 1.9272668350621e-05 2.0129624511527e-05 2.0986892311366e-05 2.1972256910467e-05 0.00096168807569613 2.301686548619e-05 2.3623370115487e-05 2.4500389575007e-05 2.5258724557604e-05 0.00053576829363799
1.6293622122174e-06 0.1495251598043 0.078181647235455 0.040263625164407 0.021377067298836 0.011736557523698 0.0069521228342831 0.0041030236179549 0.0026404488160186 0.0016744784597515 0.0010077725827238 0.0006471099229187 0.00032317372120127 0.00016855948899038 0.0020160194482939 7.6356348531923e-05 0.00016604197537161 0.00018496862572187 0.00023539513125067 0.00031633016125053
7.549117610379e-06 0.078181647235455 0.071266689234511 0.054638120487733 0.039951474964294 0.029019119047417 0.021299592731162 0.015872365437804 0.012010202557681 0.0091927678455401 0.0070833128694895 0.0054704611030688 0.0042080654940981 0.003205225500151 0.0028464835242042 0.0017389587411943 0.00119702737078 0.00075238281866604 0.00038437564269471 0.00056907629978481
1.0566965074984e-05 0.040263625164407 0.054638120487733 0.052997131112946 0.045827816161583 0.03791494005842 0.030864840828969 0.025122628808171 0.020491782533041 0.016806501675235 0.01384730875839 0.011426312215394 0.0094478280818329 0.0077919373274608 0.0064659421053477 0.0052411168886865 0.0042508743595935 0.0033982796730335 0.0026738290881367 0.0025727051728266
1.2803393193517e-05 0.021377067298836 0.039951474964294 0.045827816161583 0.044632434209786 0.040508264263826 0.035560533377215 0.030823646376588 0.026549766845152 0.022852354288165 0.019683342925026 0.016953989108736 0.014622506440379 0.01260229365 0.01079808757015 0.0093445374122346 0.0080264648105104 0.0068660803188917 0.0058538248005807 0.0053409971901813
1.4266750127135e-05 0.011736557523698 0.029019119047417 0.03791494005842 0.040508264263826 0.039547780496216 0.036871426091606 0.033610215673219 0.030243501222122 0.027052923888105 0.024127483890182 0.021475708594976 0.019109404666935 0.016988723710325 0.015015374263019 0.013416604436826 0.01191440064015 0.010565602040261 0.0093623334999116 0.0085129576091326
1.6209640118658e-05 0.0069521228342831 0.021299592731162 0.030864840828969 0.035560533377215 0.036871426091606 0.036142060385952 0.034362194614492 0.0320732139504 0.029627638392192 0.027198987955419 0.024867452868217 0.022687358422701 0.020662016999033 0.018740560500345 0.017093836969003 0.015534142035455 0.01410551761744 0.01280391734475 0.011736166180243
1.6639268848873e-05 0.0041030236179549 0.015872365437804 0.025122628808171 0.030823646376588 0.033610215673219 0.034362194614492 0.033857285495713 0.032599702709696 0.030949616657631 0.029118290490547 0.027227539398784 0.025361284273493 0.023554347101222 0.021800797229212 0.020212563259152 0.018691720643866 0.017268756531419 0.015945460344654 0.014770862023639
1.7673968330397e-05 0.0026404488160186 0.012010202557681 0.020491782533041 0.026549766845152 0.030243501222122 0.0320732139504 0.032599702709696 0.032251072760698 0.031357633405091 0.030137705136187 0.028732749473157 0.027242626694069 0.025724039881916 0.02421317904783 0.022751800749129 0.021337653469955 0.019983695735312 0.018697342222569 0.017496922301339
1.8547891175213e-05 0.0016744784597515 0.0091927678455401 0.016806501675235 0.022852354288165 0.027052923888105 0.029627638392192 0.030949616657631 0.031357633405091 0.031135809109641 0.030490302451192 0.029565995731218 0.028468896862636 0.027268270954357 0.026026111423202 0.024745119034814 0.023481153565271 0.022239172524148 0.021031894437552 0.019864297313608
1.9272668350621e-05 0.0010077725827238 0.0070833128694895 0.01384730875839 0.019683342925026 0.024127483890182 0.027198987955419 0.029118290490547 0.030137705136187 0.030490302451192 0.030360127929009 0.02988549303004 0.029171522047385 0.028293164414988 0.027325861769287 0.02625449775185 0.025165864196941 0.024063096541026 0.02296339560274 0.021867164894676
2.0129624511527e-05 0.0006471099229187 0.0054704611030688 0.011426312215394 0.016953989108736 0.021475708594976 0.024867452868217 0.027227539398784 0.028732749473157 0.029565995731218 0.02988549303004 0.029817845158346 0.029462379815177 0.028895351951859 0.028200049134237 0.02734703638482 0.026445635558925 0.025497543238369 0.024523264915299 0.023521682449564
2.0986892311366e-05 0.00032317372120127 0.0042080654940981 0.0094478280818329 0.014622506440379 0.019109404666935 0.022687358422701 0.025361284273493 0.027242626694069 0.028468896862636 0.029171522047385 0.029462379815177 0.029432571720479 0.029156068406066 0.028715545002513 0.028083730864264 0.027371883611538 0.026584881531257 0.025745741486398 0.024853510354421
2.1972256910467e-05 0.00016855948899038 0.003205225500151 0.0077919373274608 0.01260229365 0.016988723710325 0.020662016999033 0.023554347101222 0.025724039881916 0.027268270954357 0.028293164414988 0.028895351951859 0.029156068406066 0.029145316615867 0.028943773144115 0.02852325269178 0.027997050685064 0.027371568703177 0.026671316352998 0.025894916120176
0.00096168807569613 0.0020160194482939 0.0028464835242042 0.0064659421053477 0.01079808757015 0.015015374263019 0.018740560500345 0.021800797229212 0.02421317904783 0.026026111423202 0.027325861769287 0.028200049134237 0.028715545002513 0.028943773144115 0.03766647994091 0.028733028801015 0.028380696526043 0.027910666382256 0.027345304477962 0.026686309277399
2.301686548619e-05 7.6356348531923e-05 0.0017389587411943 0.0052411168886865 0.0093445374122346 0.013416604436826 0.017093836969003 0.020212563259152 0.022751800749129 0.024745119034814 0.02625449775185 0.02734703638482 0.028083730864264 0.02852325269178 0.028733028801015 0.028699719849358 0.028517743805087 0.028200338649242 0.027773145721194 0.027232575410714
2.3623370115487e-05 0.00016604197537161 0.00119702737078 0.0042508743595935 0.0080264648105104 0.01191440064015 0.015534142035455 0.018691720643866 0.021337653469955 0.023481153565271 0.025165864196941 0.026445635558925 0.027371883611538 0.027997050685064 0.028380696526043 0.028517743805087 0.028490407514973 0.028314962054675 0.02801687213486 0.027590598392852
2.4500389575007e-05 0.00018496862572187 0.00075238281866604 0.0033982796730335 0.0068660803188917 0.010565602040261 0.01410551761744 0.017268756531419 0.019983695735312 0.022239172524148 0.024063096541026 0.025497543238369 0.026584881531257 0.027371568703177 0.027910666382256 0.028200338649242 0.028314962054675 0.028271892905878 0.028095978181688 0.027778908364036
2.5258724557604e-05 0.00023539513125067 0.00038437564269471 0.0026738290881367 0.0058538248005807 0.0093623334999116 0.01280391734475 0.015945460344654 0.018697342222569 0.021031894437552 0.02296339560274 0.024523264915299 0.025745741486398 0.026671316352998 0.027345304477962 0.027773145721194 0.02801687213486 0.028095978181688 0.028034518317816 0.027821308863219
0.00053576829363799 0.00031633016125053 0.00056907629978481 0.0025727051728266 0.0053409971901813 0.0085129576091326 0.011736166180243 0.014770862023639 0.017496922301339 0.019864297313608 0.021867164894676 0.023521682449564 0.024853510354421 0.025894916120176 0.026686309277399 0.027232575410714 0.027590598392852 0.027778908364036 0.027821308863219 0.030273386171953
