-0.00035261466467936 -0.00093669402996202 0.00055902246567689 -0.00041058669517067 0.00037524574466579 -0.00032570811745088 0.00029496190445587 -0.0002683400069223 0.0002424322416704 -0.00022211827073343
-0.00093669402996202 -0.0074260138820175 0.0012593463450962 -0.00091085529343945 0.00097199399545479 -0.00077481457012359 0.00069326267258222 -0.00063433554416345 0.0005557515314503 -0.00049991870172707
0.00055902246567689 0.0012593463450962 -0.0069928556221375 0.002413032031007 -0.0016770110956848 0.0013299499149301 -0.0011212665016189 0.00095896104208297 -0.00083535191819624 0.00074546837436557
-0.00041058669517067 -0.00091085529343945 0.002413032031007 -0.0054983769545383 0.0028276250491294 -0.0020397003241207 0.0015737047384855 -0.0013122072277167 0.0011324063868508 -0.00099821531873147
0.00037524574466579 0.00097199399545479 -0.0016770110956848 0.0028276250491294 -0.0039386247916074 0.0027347449799691 -0.0021340917852365 0.0017346828447322 -0.0014693920183081 0.0012736356824587
-0.00032570811745088 -0.00077481457012359 0.0013299499149301 -0.0020397003241207 0.0027347449799691 -0.0029159323251034 0.0023952067844282 -0.0020303499454283 0.0017553650204151 -0.0015456665036163
0.00029496190445587 0.00069326267258222 -0.0011212665016189 0.0015737047384855 -0.0021340917852365 0.0023952067844282 -0.0023543147337792 0.0020926431559894 -0.0018650528111849 0.0016726267387161
-0.0002683400069223 -0.00063433554416345 0.00095896104208297 -0.0013122072277167 0.0017346828447322 -0.0020303499454283 0.0020926431559894 -0.0020133035403592 0.0018608654693104 -0.0017102816575827
0.0002424322416704 0.0005557515314503 -0.00083535191819624 0.0011324063868508 -0.0014693920183081 0.0017553650204151 -0.0018650528111849 0.0018608654693104 -0.0017924265084218 0.0016877811033773
-0.00022211827073343 -0.00049991870172707 0.00074546837436557 -0.00099821531873147 0.0012736356824587 -0.0015456665036163 0.0016726267387161 -0.0017102816575827 0.0016877811033773 -0.0016269174956874
