0 3.1256683708733 -0.065220041867751 3.0282502949491 -0.17239270696678 2.9005828981936 -0.31806517571147 2.7390230949759 -0.49394567727889 2.5495925091072
-3.1256683708733 0 3.0980215804727 -0.082046339110038 3.0194642091232 -0.1645408007486 2.9334965297781 -0.2512453211046 2.8483663012938 -0.33358274216823
0.065220041867751 -3.0980215804727 0 3.1088191650946 -0.061427883950444 3.0533378266922 -0.11291139927882 3.0070203963054 -0.15299022242947 2.9735534036977
-3.0282502949491 0.082046339110038 -3.1088191650946 0 3.1171289516823 -0.044477455730132 3.0809002897639 -0.072984022737768 3.0599557023825 -0.086965985043453
0.17239270696678 -3.0194642091232 0.061427883950444 -3.1171289516823 0 3.1239365696269 -0.030240149870221 3.1032396761583 -0.042790777741379 3.0973362201996
-2.9005828981936 0.1645408007486 -3.0533378266922 0.044477455730132 -3.1239365696269 0 3.1302019368998 -0.017859055646967 3.120919426189 -0.020847979152519
0.31806517571147 -2.9334965297781 0.11291139927882 -3.0809002897639 0.030240149870221 -3.1302019368998 0 3.1355708210795 -0.0083853819709925 3.1332327205362
-2.7390230949759 0.2512453211046 -3.0070203963054 0.072984022737768 -3.1032396761583 0.017859055646967 -3.1355708210795 0 3.1392613476177 -0.0024519801057989
0.49394567727889 -2.8483663012938 0.15299022242947 -3.0599557023825 0.042790777741379 -3.120919426189 0.0083853819709925 -3.1392613476177 0 3.1413297137084
-2.5495925091072 0.33358274216823 -2.9735534036977 0.086965985043453 -3.0973362201996 0.020847979152519 -3.1332327205362 0.0024519801057989 -3.1413297137084 0
