0 3.0362205019951 0.26264999583658 -2.8123669471113 0.30952502650904 -3.0166233653565 0.049696016513709 2.8967826613556 -0.33250236280384 2.6119020671267
-3.0362205019951 0 2.6924967786711 0.24960211927447 -3.0030222493095 -0.2489883258678 2.7060432735284 -0.62165636527509 2.3778693160727 -1.0737707081001
-0.26264999583658 -2.6924967786711 0 3.127395913376 -0.094487213012522 -3.0529558682108 -0.18932599358618 2.7200685864317 -0.28953571557778 2.763473328839
2.8123669471113 -0.24960211927447 -3.127395913376 0 3.0661867744473 0.13065355683899 -2.9486737618941 0.19443281158669 -2.8414883816785 0.21795544800975
-0.30952502650904 3.0030222493095 0.094487213012522 -3.0661867744473 0 3.1345188957405 0.09106778213454 -3.0916910783628 0.15853291796918 -3.1244383277301
3.0166233653565 0.2489883258678 3.0529558682108 -0.13065355683899 -3.1345188957405 0 -3.101034364561 0.030107830155571 -3.0579638501232 -0.0035378786141426
-0.049696016513709 -2.7060432735284 0.18932599358618 2.9486737618941 -0.09106778213454 3.101034364561 0 -3.1335557379255 0.063699080606896 -3.1142488800704
-2.8967826613556 0.62165636527509 -2.7200685864317 -0.19443281158669 3.0916910783628 -0.030107830155571 3.1335557379255 0 -3.0857284246696 0.032784764692878
0.33250236280384 -2.3778693160727 0.28953571557778 2.8414883816785 -0.15853291796918 3.0579638501232 -0.063699080606896 3.0857284246696 0 3.1158959204581
-2.6119020671267 1.0737707081001 -2.763473328839 -0.21795544800975 3.1244383277301 0.0035378786141426 3.1142488800704 -0.032784764692878 -3.1158959204581 0
