3.1415926535898 0.03267153378618 -2.9341002725121 -1.0596400534582 1.2672105286693 -1.8150851563804 1.2675227885922 -1.8205423185239 1.3931266071943 -1.6921874130018
-0.03267153378618 3.1415926535898 0.11888964333081 -2.8411469146474 0.22881207347542 -2.9408839162031 0.11383590680932 2.9798318905742 -0.58283448254617 2.1986098474103
2.9341002725121 -0.11888964333081 3.1415926535898 0.22968654856015 -3.002016636883 0.12071047712434 -3.0958934710455 -0.043391531972967 3.0180747109859 -0.21370354997706
1.0596400534582 2.8411469146474 -0.22968654856015 3.1415926535898 -0.031211301175842 -3.112492558319 0.063288918852854 -3.0671877972243 0.066541111302583 -3.1007708569227
-1.2672105286693 -0.22881207347542 3.002016636883 0.031211301175842 3.1415926535898 0.055590114084908 -3.0647411458334 0.083511700608777 -3.0662049163209 0.059537552162242
1.8150851563804 2.9408839162031 -0.12071047712434 3.112492558319 -0.055590114084908 3.1415926535898 0.0070566843226865 -3.1405065591099 -0.013540187725522 3.111048810277
-1.2675227885922 -0.11383590680932 3.0958934710455 -0.063288918852854 3.0647411458334 -0.0070566843226865 3.1415926535898 -0.0044525366027445 3.1256287543376 -0.028971628111405
1.8205423185239 -2.9798318905742 0.043391531972967 3.0671877972243 -0.083511700608777 3.1405065591099 0.0044525366027445 3.1415926535898 -0.0099315194291273 3.1208346651823
-1.3931266071943 0.58283448254617 -3.0180747109859 -0.066541111302583 3.0662049163209 0.013540187725522 -3.1256287543376 0.0099315194291273 3.1415926535898 -0.010127062407917
1.6921874130018 -2.1986098474103 0.21370354997706 3.1007708569227 -0.059537552162242 -3.111048810277 0.028971628111405 -3.1208346651823 0.010127062407917 3.1415926535898
