0.11220181251965 0.032449070814695 0.019342003513807 0.01305621539235 0.0098563545433574 0.0077430607932804 0.0063887830041526 0.0054195143185509 0.0047380064855249 0.0042138233902206
0.032449070814695 0.035708305750622 0.017556770272835 0.010712568392957 0.0077408927479926 0.0057330747673699 0.0042567511287562 0.0033009448892794 0.0026803491300223 0.0022527341197092
0.019342003513807 0.017556770272835 0.020271932530929 0.013880043374299 0.010677869706844 0.0083932772647773 0.0067215629031961 0.0054921037300009 0.0045430066400766 0.003778861963575
0.01305621539235 0.010712568392957 0.013880043374299 0.014306878026421 0.013051112308769 0.011393712972768 0.0098607602473944 0.008525469238936 0.007376755965587 0.0063911275412605
0.0098563545433574 0.0077408927479926 0.010677869706844 0.013051112308769 0.013669035416106 0.012828673905442 0.011655297717153 0.010433618789223 0.0092755283364972 0.0082226051589039
0.0077430607932804 0.0057330747673699 0.0083932772647773 0.011393712972768 0.012828673905442 0.012812393105301 0.012141979417815 0.01120713107197 0.010197968996756 0.0092168588628017
0.0063887830041526 0.0042567511287562 0.0067215629031961 0.0098607602473944 0.011655297717153 0.012141979417815 0.011907593013916 0.011283645998444 0.010488341123605 0.0096561116820483
0.0054195143185509 0.0033009448892794 0.0054921037300009 0.008525469238936 0.010433618789223 0.01120713107197 0.011283645998444 0.01093892837553 0.010367559503751 0.0097098093226499
0.0047380064855249 0.0026803491300223 0.0045430066400766 0.007376755965587 0.0092755283364972 0.010197968996756 0.010488341123605 0.010367559503751 0.010000709251462 0.0095159072558299
0.0042138233902206 0.0022527341197092 0.003778861963575 0.0063911275412605 0.0082226051589039 0.0092168588628017 0.0096561116820483 0.0097098093226499 0.0095159072558299 0.009186912279604
