-0.0094179177850985 0.00078856028697997 -0.00039209240348701 0.00026517662839499 -0.00017491331751727 0.00014023201222861 -0.00012704152424277 7.3266213241525e-05 -2.3836293357453e-05 -1.8950033643238e-05
0.00078856028697997 -0.0078842131767372 0.0020305093958734 -0.0011554758888364 0.00090958879809244 -0.00075854143928447 0.0005992985497444 -0.00051717484634581 0.00044934886497903 -0.00039446778496045
-0.00039209240348701 0.0020305093958734 -0.0053489615867165 0.0023692614969207 -0.0016197639033426 0.0011994208072831 -0.00094821798378281 0.00077208223485192 -0.00064702144660192 0.00055140125421286
0.00026517662839499 -0.0011554758888364 0.0023692614969207 -0.0035725544739735 0.0023646010666718 -0.0018290427437858 0.0014670729564914 -0.0012276170728393 0.0010516714134974 -0.00091831129069171
-0.00017491331751727 0.00090958879809244 -0.0016197639033426 0.0023646010666718 -0.00262370827801 0.002163295097384 -0.0018140038474187 0.0015534281149771 -0.0013608628318957 0.0012079537696863
0.00014023201222861 -0.00075854143928447 0.0011994208072831 -0.0018290427437858 0.002163295097384 -0.0021556842265694 0.0019137605179107 -0.0016965159267522 0.0015188671555696 -0.0013707984102029
-0.00012704152424277 0.0005992985497444 -0.00094821798378281 0.0014670729564914 -0.0018140038474187 0.0019137605179107 -0.0018407258844015 0.0016968729270092 -0.0015602241757675 0.0014347587749841
7.3266213241525e-05 -0.00051717484634581 0.00077208223485192 -0.0012276170728393 0.0015534281149771 -0.0016965159267522 0.0016968729270092 -0.0016299976503538 0.0015385917986583 -0.0014421320357124
-2.3836293357453e-05 0.00044934886497903 -0.00064702144660192 0.0010516714134974 -0.0013608628318957 0.0015188671555696 -0.0015602241757675 0.0015385917986583 -0.0014885908170612 0.0014210043252319
-1.8950033643238e-05 -0.00039446778496045 0.00055140125421286 -0.00091831129069171 0.0012079537696863 -0.0013707984102029 0.0014347587749841 -0.0014421320357124 0.0014210043252319 -0.0013788485190868
