0.00033578573441387 0.00026300944449251 0.00027622360267257 0.00024441583298714 0.00020910515846737 0.00019788723624955 0.00018754534775036 0.00016484423681361 0.00015360172637335 0.00014549825552733
0.00026300944449251 0.00042220547714028 0.00029734070908019 0.00028149614365313 0.00024259122452371 0.00021688571398095 0.00020689859287853 0.00019218100744795 0.0001784709827054 0.00017156221373925
0.00027622360267257 0.00029734070908019 0.00040565342386763 0.00027865177097066 0.00024155970016963 0.00021745746220706 0.0002048850835809 0.00018667181751281 0.00017778102538963 0.00017017612190774
0.00024441583298714 0.00028149614365313 0.00027865177097066 0.00032073216991612 0.00023979215774902 0.00021767984240506 0.00019521431864604 0.00018096740392448 0.00016820250609753 0.0001563422109157
0.00020910515846737 0.00024259122452371 0.00024155970016963 0.00023979215774902 0.00028070789496269 0.00021513275688373 0.00018149307297692 0.00016172761699428 0.00015085837941465 0.00014278064047876
0.00019788723624955 0.00021688571398095 0.00021745746220706 0.00021767984240506 0.00021513275688373 0.00023408614998948 0.00018129451848398 0.00015958945124939 0.00014787254276441 0.00013822439452604
0.00018754534775036 0.00020689859287853 0.0002048850835809 0.00019521431864604 0.00018149307297692 0.00018129451848398 0.00017896025305334 0.00015513992189288 0.00014216019870011 0.00013147986708034
0.00016484423681361 0.00019218100744795 0.00018667181751281 0.00018096740392448 0.00016172761699428 0.00015958945124939 0.00015513992189288 0.00015050013723433 0.00013853123718348 0.00012735624651907
0.00015360172637335 0.0001784709827054 0.00017778102538963 0.00016820250609753 0.00015085837941465 0.00014787254276441 0.00014216019870011 0.00013853123718348 0.00013295131788549 0.00012457013610763
0.00014549825552733 0.00017156221373925 0.00017017612190774 0.0001563422109157 0.00014278064047876 0.00013822439452604 0.00013147986708034 0.00012735624651907 0.00012457013610763 0.00011960829083564
