0.019117626113345 -0.0036190414680777 0.0026947419145917 -0.0022674616615507 0.0019668728840683 -0.0017154959843087 0.0015222276299288 -0.0013626557183226 0.0012169111715976 -0.0010859002706963
-0.0036190414680777 0.010050427331933 -0.004794589050478 0.0033493947364278 -0.0025540388404235 0.0020256961837568 -0.0016799173249797 0.0014322627849248 -0.0012414569687119 0.0010885143758489
0.0026947419145917 -0.004794589050478 0.0060864124794266 -0.0042907085345117 0.0034542120181998 -0.0028499224464219 0.0024175953999039 -0.0020928030482128 0.0018391518162006 -0.0016333113630306
-0.0022674616615507 0.0033493947364278 -0.0042907085345117 0.0044575478477734 -0.0038390284965553 0.0032867939534668 -0.002855020133631 0.0025088081820133 -0.0022266478580566 0.0019924840216724
0.0019668728840683 -0.0025540388404235 0.0034542120181998 -0.0038390284965553 0.0037615449682769 -0.0034082210258291 0.0030701948604459 -0.0027723326340883 0.0025107753755644 -0.0022821242074773
-0.0017154959843087 0.0020256961837568 -0.0028499224464219 0.0032867939534668 -0.0034082210258291 0.0032821026974805 -0.0030695957536983 0.002848815045015 -0.0026346258262179 0.0024349407388579
0.0015222276299288 -0.0016799173249797 0.0024175953999039 -0.002855020133631 0.0030701948604459 -0.0030695957536983 0.0029679158096994 -0.0028221703357834 0.002659158919865 -0.0024950078185221
-0.0013626557183226 0.0014322627849248 -0.0020928030482128 0.0025088081820133 -0.0027723326340883 0.002848815045015 -0.0028221703357834 0.0027402183440844 -0.0026253441993447 0.0024973254213024
0.0012169111715976 -0.0012414569687119 0.0018391518162006 -0.0022266478580566 0.0025107753755644 -0.0026346258262179 0.002659158919865 -0.0026253441993447 0.0025516795787996 -0.0024570990760904
-0.0010859002706963 0.0010885143758489 -0.0016333113630306 0.0019924840216724 -0.0022821242074773 0.0024349407388579 -0.0024950078185221 0.0024973254213024 -0.0024570990760904 0.0023916931102488
