0 3.1325285467672 -0.035803551043215 3.0922849331696 -0.029422501822599 3.1311572811137 -0.0030564451854222 3.1393854908405 -0.0028505286804382 3.1366160140887
-3.1325285467672 0 -3.1228272908143 0.033976744747132 -3.1008600635125 0.053638457013089 -3.0731566147742 0.069320180798947 -3.0757754043881 0.062229644361179
0.035803551043215 3.1228272908143 0 3.1215804909509 -0.013694577731343 3.1310180073286 -0.0021283022597062 3.1385120135506 -0.0066458268435017 3.1294265774928
-3.0922849331696 -0.033976744747132 -3.1215804909509 0 -3.1376825594916 0.017693239045757 -3.1130852624806 0.034541454331104 -3.1047703214755 0.036817319553523
0.029422501822599 3.1008600635125 0.013694577731343 3.1376825594916 0 -3.1305215008085 0.016076666274637 -3.1228271588168 0.019047698983401 -3.1234531088637
-3.1311572811137 -0.053638457013089 -3.1310180073286 -0.017693239045757 3.1305215008085 0 -3.1373494733213 0.0072888370059769 -3.1330369935449 0.0089732735936794
0.0030564451854222 3.0731566147742 0.0021283022597062 3.1130852624806 -0.016076666274637 3.1373494733213 0 -3.1376627971905 0.0060656464125962 -3.1343489342955
-3.1393854908405 -0.069320180798947 -3.1385120135506 -0.034541454331104 3.1228271588168 -0.0072888370059769 3.1376627971905 0 -3.1392527560035 0.003747974663398
0.0028505286804382 3.0757754043881 0.0066458268435017 3.1047703214755 -0.019047698983401 3.1330369935449 -0.0060656464125962 3.1392527560035 0 -3.1401532888364
-3.1366160140887 -0.062229644361179 -3.1294265774928 -0.036817319553523 3.1234531088637 -0.0089732735936794 3.1343489342955 -0.003747974663398 3.1401532888364 0
