0.00072020394576667 0.00060452967327028 0.00052047048972176 0.00041174803419576 0.0003635434805445 0.00033507339236843 0.00031559885276604 0.00029970288939667 0.00028814596689547 0.00027896614069876
0.00060452967327028 0.00045251270398828 0.0003847092591669 0.00031772500852324 0.00027711806575813 0.00025327124962619 0.0002351605773913 0.00022218412339744 0.00021210848442744 0.0002037694533735
0.00052047048972176 0.0003847092591669 0.00032077458837679 0.00026168255364865 0.00023274492753199 0.00021383889647541 0.00019989183899054 0.00018916912167301 0.00018118431843644 0.00017477743276972
0.00041174803419576 0.00031772500852324 0.00026168255364865 0.0002047654722109 0.00018782706101159 0.00017376928594319 0.00016211031201214 0.00015369082621515 0.00014743685316103 0.00014263977597493
0.0003635434805445 0.00027711806575813 0.00023274492753199 0.00018782706101159 0.0001731216942916 0.00015846222979715 0.00014724829400225 0.00013911186411686 0.00013302558365354 0.00012847520687709
0.00033507339236843 0.00025327124962619 0.00021383889647541 0.00017376928594319 0.00015846222979715 0.00014548827433215 0.00013557670746958 0.00012843872775376 0.00012303203573872 0.00011896257194853
0.00031559885276604 0.0002351605773913 0.00019989183899054 0.00016211031201214 0.00014724829400225 0.00013557670746958 0.00012687866520072 0.00012072399361034 0.00011593942337872 0.00011229658294438
0.00029970288939667 0.00022218412339744 0.00018916912167301 0.00015369082621515 0.00013911186411686 0.00012843872775376 0.00012072399361034 0.00011536187792094 0.00011115950640144 0.00010795242948204
0.00028814596689547 0.00021210848442744 0.00018118431843644 0.00014743685316103 0.00013302558365354 0.00012303203573872 0.00011593942337872 0.00011115950640144 0.00010743918093783 0.00010464395172545
0.00027896614069876 0.0002037694533735 0.00017477743276972 0.00014263977597493 0.00012847520687709 0.00011896257194853 0.00011229658294438 0.00010795242948204 0.00010464395172545 0.00010224572034364
