0.10141273608432 0.00043702010056679 -0.00026342888476105 0.00024739943704045 -0.00031879165653124 0.00026359664214742 -0.00026254054457801 0.00023093114214478 -0.00020313170598738 0.00018154758374317
0.00043702010056679 0.0070773243278528 0.00032628859701718 -0.00037579208907841 -0.00092569625593029 0.00052128650736842 -0.00070208858606021 0.00071108910639801 -0.00072325403240138 0.00073643897961688
-0.00026342888476105 0.00032628859701718 0.0074136417182747 -0.0023439082995212 0.0016426151267723 -0.0013888002785758 0.0011435082043416 -0.00081683536087137 0.00059269904077502 -0.00042474940974566
0.00024739943704045 -0.00037579208907841 -0.0023439082995212 0.0068904957884176 -0.0038746237284978 0.002591698341814 -0.0019865044223396 0.0013198484247238 -0.00096682844972797 0.00070388833339289
-0.00031879165653124 -0.00092569625593029 0.0016426151267723 -0.0038746237284978 0.0053742620034876 -0.0037022480778503 0.0029373275414775 -0.0022230359591831 0.0018148030202976 -0.001578007954911
0.00026359664214742 0.00052128650736842 -0.0013888002785758 0.002591698341814 -0.0037022480778503 0.0039781150488513 -0.0034694721148236 0.0027362398176276 -0.0022620326246607 0.0019409330030623
-0.00026254054457801 -0.00070208858606021 0.0011435082043416 -0.0019865044223396 0.0029373275414775 -0.0034694721148236 0.0036008923193266 -0.0030824755498819 0.0026734017674652 -0.0023568749200606
0.00023093114214478 0.00071108910639801 -0.00081683536087137 0.0013198484247238 -0.0022230359591831 0.0027362398176276 -0.0030824755498819 0.0028870423279174 -0.0026338939918791 0.0024113752845651
-0.00020313170598738 -0.00072325403240138 0.00059269904077502 -0.00096682844972797 0.0018148030202976 -0.0022620326246607 0.0026734017674652 -0.0026338939918791 0.0025145639211205 -0.0023803084164395
0.00018154758374317 0.00073643897961688 -0.00042474940974566 0.00070388833339289 -0.001578007954911 0.0019409330030623 -0.0023568749200606 0.0024113752845651 -0.0023803084164395 0.0023262166656317
