0.0015429438298536 0.0014687859704197 0.0012521796094263 0.0010382103699593 0.00088150932665093 0.00092288084490178 0.00091075594021363 0.00086292383133511 0.00080446428358398 0.00075926879001169
0.0014687859704197 0.0014598853184208 0.0011722986817289 0.0009906232819657 0.00092588024484177 0.00093571527968951 0.00086192614717373 0.0008044854385316 0.00074131624499592 0.00067361512720053
0.0012521796094263 0.0011722986817289 0.0010524818156212 0.00096743176330772 0.00085223660518781 0.00081700324165073 0.00072336210336632 0.000637077513719 0.00058973180800209 0.00054704350847146
0.0010382103699593 0.0009906232819657 0.00096743176330772 0.00078443602470893 0.00070095455957746 0.00072025202805298 0.00063442963842169 0.00055172779434772 0.00051336846547885 0.00046674331051974
0.00088150932665093 0.00092588024484177 0.00085223660518781 0.00070095455957746 0.00061737863965209 0.00059728124836029 0.00050356435193891 0.00044501176718784 0.00040435683427729 0.00037007634545199
0.00092288084490178 0.00093571527968951 0.00081700324165073 0.00072025202805298 0.00059728124836029 0.00061724933657995 0.00054924489342405 0.00049245401192462 0.00044609313266701 0.0004166010874499
0.00091075594021363 0.00086192614717373 0.00072336210336632 0.00063442963842169 0.00050356435193891 0.00054924489342405 0.00049122722352829 0.00044286680224757 0.00041162829631998 0.00039042173888598
0.00086292383133511 0.0008044854385316 0.000637077513719 0.00055172779434772 0.00044501176718784 0.00049245401192462 0.00044286680224757 0.00040249899342465 0.00038095192205317 0.00036428726391228
0.00080446428358398 0.00074131624499592 0.00058973180800209 0.00051336846547885 0.00040435683427729 0.00044609313266701 0.00041162829631998 0.00038095192205317 0.00036376746495673 0.0003466166178387
0.00075926879001169 0.00067361512720053 0.00054704350847146 0.00046674331051974 0.00037007634545199 0.0004166010874499 0.00039042173888598 0.00036428726391228 0.0003466166178387 0.00033159051585108
