0.0086629818515602 -0.00047619233993367 0.00055975002750252 -0.00023927696702183 0.00028851400422399 -0.00025000891213163 0.00015598639475909 -7.4110704166089e-05 3.3767924902216e-05 -1.7073391944145e-05
-0.00047619233993367 0.0064924969663695 -0.0017633504171334 0.00073539926633202 -0.00043197924520667 0.00033628537158344 -0.00027126186671976 0.00018797371873799 -0.00015645058043062 0.00012100282216032
0.00055975002750252 -0.0017633504171334 0.0045554596176022 -0.0015733895524974 0.00096503951296026 -0.00064818578539816 0.00050251352720773 -0.00038502163851066 0.00028487026983649 -0.00020391649955151
-0.00023927696702183 0.00073539926633202 -0.0015733895524974 0.0024338822232547 -0.0014858911304955 0.0011938980604835 -0.00098658577308942 0.00079839163619877 -0.00066986134503066 0.00056414700502573
0.00028851400422399 -0.00043197924520667 0.00096503951296026 -0.0014858911304955 0.0017083468194592 -0.0014087235488756 0.001194516433986 -0.0010211180306842 0.0008853504433075 -0.00077883162191602
-0.00025000891213163 0.00033628537158344 -0.00064818578539816 0.0011938980604835 -0.0014087235488756 0.0014666187411997 -0.001291855327408 0.0011380860103861 -0.0010080208311598 0.00090106563134912
0.00015598639475909 -0.00027126186671976 0.00050251352720773 -0.00098658577308942 0.001194516433986 -0.001291855327408 0.0012335357390907 -0.0011277269276013 0.0010226524953623 -0.00093128855343282
-7.4110704166089e-05 0.00018797371873799 -0.00038502163851066 0.00079839163619877 -0.0010211180306842 0.0011380860103861 -0.0011277269276013 0.001082251431854 -0.0010105602119609 0.000940772503952
3.3767924902216e-05 -0.00015645058043062 0.00028487026983649 -0.00066986134503066 0.0008853504433075 -0.0010080208311598 0.0010226524953623 -0.0010105602119609 0.00096978756065926 -0.00092000992468433
-1.7073391944145e-05 0.00012100282216032 -0.00020391649955151 0.00056414700502573 -0.00077883162191602 0.00090106563134912 -0.00093128855343282 0.000940772503952 -0.00092000992468433 0.00088785669363349
