0 -3.0989275773516 -0.0014744489763651 -3.1183519393494 -0.0034977528413907 -3.0980065314577 0.068335375593538 -2.9997294673615 0.22047829703485 -2.8308690773799
3.0989275773516 0 -3.1347355839312 0.057394585157193 -3.092562974219 0.075521989465139 -3.0681938712924 0.081779251451239 -3.0474579141534 0.10901108648041
0.0014744489763651 3.1347355839312 0 -3.1253360290863 -0.010225512212658 3.1403333886989 0.0042591346064428 -3.1258637107213 0.025876717990243 -3.1067565283524
3.1183519393494 -0.057394585157193 3.1253360290863 0 3.1199186085679 -0.014533789748586 3.1314006538981 -0.0069688944216578 3.1383207879354 -0.00016371338333596
0.0034977528413907 3.092562974219 0.010225512212658 -3.1199186085679 0 -3.1360580365467 0.012009805652812 -3.1255997444269 0.01983529657074 -3.1190944079292
3.0980065314577 -0.075521989465139 -3.1403333886989 0.014533789748586 3.1360580365467 0 -3.1346403704177 0.011380943568535 -3.126450172193 0.017853351270278
-0.068335375593538 3.0681938712924 -0.0042591346064428 -3.1314006538981 -0.012009805652812 3.1346403704177 0 -3.137231430534 0.0076002481743529 -3.1318340465206
2.9997294673615 -0.081779251451239 3.1258637107213 0.0069688944216578 3.1255997444269 -0.011380943568535 3.137231430534 0 -3.1386968905401 0.0047466852842761
-0.22047829703485 3.0474579141534 -0.025876717990243 -3.1383207879354 -0.01983529657074 3.126450172193 -0.0076002481743529 3.1386968905401 0 -3.1398061498187
2.8308690773799 -0.10901108648041 3.1067565283524 0.00016371338333596 3.1190944079292 -0.017853351270278 3.1318340465206 -0.0047466852842761 3.1398061498187 0
