0.00086706910591342 0.00071173804485863 0.00058527268148237 0.00047700278483211 0.00041862541642422 0.00038112231057053 0.00035534402268056 0.00033636536845373 0.00032177217616884 0.00031002543959798
0.00071173804485863 0.00053581014356889 0.00042855194946233 0.0003495400036991 0.00031094209182338 0.00028449183351192 0.00026457418977141 0.00024959067257365 0.00023784832557529 0.00022833759728045
0.00058527268148237 0.00042855194946233 0.0003399956931247 0.00028050385957127 0.00024541554378996 0.00022485769680545 0.0002102125088182 0.00019915709644122 0.00019046739306582 0.00018354013137697
0.00047700278483211 0.0003495400036991 0.00028050385957127 0.00023443342806533 0.00020437664738658 0.0001868787437292 0.0001748764680897 0.00016550175997093 0.0001580101782543 0.00015195965768731
0.00041862541642422 0.00031094209182338 0.00024541554378996 0.00020437664738658 0.00017609444079493 0.00016088811022645 0.00015110605577501 0.00014376355721204 0.0001378414884973 0.00013306331360709
0.00038112231057053 0.00028449183351192 0.00022485769680545 0.0001868787437292 0.00016088811022645 0.00014639856654429 0.0001374810719523 0.00013110802819381 0.00012592384373378 0.00012162740608978
0.00035534402268056 0.00026457418977141 0.0002102125088182 0.0001748764680897 0.00015110605577501 0.0001374810719523 0.0001290122992143 0.00012308411259168 0.00011820615839541 0.00011409267280577
0.00033636536845373 0.00024959067257365 0.00019915709644122 0.00016550175997093 0.00014376355721204 0.00013110802819381 0.00012308411259168 0.00011739866503318 0.00011265772208688 0.00010864241535783
0.00032177217616884 0.00023784832557529 0.00019046739306582 0.0001580101782543 0.0001378414884973 0.00012592384373378 0.00011820615839541 0.00011265772208688 0.00010800310127394 0.00010408939994555
0.00031002543959798 0.00022833759728045 0.00018354013137697 0.00015195965768731 0.00013306331360709 0.00012162740608978 0.00011409267280577 0.00010864241535783 0.00010408939994555 0.00010030358425519
