0.0087821139555098 -0.00023235474267397 0.00010600306156732 -3.8221393765418e-05 -4.0576262784925e-05 -1.5638741639166e-05 1.5543984385737e-05 -1.304071658417e-05 -4.1414911075089e-06 1.5527886412032e-05
-0.00023235474267397 0.0061594453186247 -0.0013353416792856 0.00072724085068246 -0.00047006752564839 0.00038141819081225 -0.00030000356615132 0.00024080691977753 -0.00020670296704993 0.00018018276000423
0.00010600306156732 -0.0013353416792856 0.0041228105943728 -0.0016427983256167 0.00098911426967381 -0.00072136379210444 0.00057772298759825 -0.00046410433595229 0.00038533828097088 -0.00032207372727659
-3.8221393765418e-05 0.00072724085068246 -0.0016427983256167 0.00277774813334 -0.0016747686098898 0.0011922822072076 -0.00091906239810536 0.00073566651836851 -0.00061358668892571 0.00052065912340826
-4.0576262784925e-05 -0.00047006752564839 0.00098911426967381 -0.0016747686098898 0.0018286807940988 -0.0013963677061156 0.0011274324840349 -0.00093688823561179 0.00080126353843258 -0.00069508727554411
-1.5638741639166e-05 0.00038141819081225 -0.00072136379210444 0.0011922822072076 -0.0013963677061156 0.0013802018171419 -0.0011877140340766 0.0010306380724246 -0.00090801472402697 0.00080785539598542
1.5543984385737e-05 -0.00030000356615132 0.00057772298759825 -0.00091906239810536 0.0011274324840349 -0.0011877140340766 0.0011386372869107 -0.0010341142438032 0.00093771349067757 -0.00085183631242302
-1.304071658417e-05 0.00024080691977753 -0.00046410433595229 0.00073566651836851 -0.00093688823561179 0.0010306380724246 -0.0010341142438032 0.00099144161521113 -0.00092567336337214 0.0008587033497359
-4.1414911075089e-06 -0.00020670296704993 0.00038533828097088 -0.00061358668892571 0.00080126353843258 -0.00090801472402697 0.00093771349067757 -0.00092567336337214 0.00089083702760925 -0.00084359842931251
1.5527886412032e-05 0.00018018276000423 -0.00032207372727659 0.00052065912340826 -0.00069508727554411 0.00080785539598542 -0.00085183631242302 0.0008587033497359 -0.00084359842931251 0.00081438559845659
