0.00055850537550863 0.00046695394893547 0.00041510040162027 0.00034132171128733 0.00029582231984731 0.00026512031430621 0.00024789517763998 0.00023563139737089 0.00022590754505089 0.0002176589197505
0.00046695394893547 0.00037492016013261 0.00031480161658051 0.00027273698356898 0.00023960561344788 0.00021436135018006 0.00019856331647657 0.00018701175635141 0.00017792990999079 0.00017043355237348
0.00041510040162027 0.00031480161658051 0.00027902872590552 0.00023037922030214 0.00020454518715596 0.00018203188650986 0.00016862953236558 0.00015884215532973 0.00015137962064716 0.00014516246011332
0.00034132171128733 0.00027273698356898 0.00023037922030214 0.00018622770727374 0.00017064219406003 0.00015390292459825 0.00014255460817527 0.00013412966353208 0.00012769001148218 0.00012248773086654
0.00029582231984731 0.00023960561344788 0.00020454518715596 0.00017064219406003 0.00015056856955905 0.00013435163421429 0.00012492165273049 0.00011823806505772 0.00011302297128518 0.00010873188846661
0.00026512031430621 0.00021436135018006 0.00018203188650986 0.00015390292459825 0.00013435163421429 0.00011879915062505 0.00011079041401897 0.00010521074942349 0.0001007119762562 9.6975269695898e-05
0.00024789517763998 0.00019856331647657 0.00016862953236558 0.00014255460817527 0.00012492165273049 0.00011079041401897 0.00010343431857317 9.8384777767932e-05 9.4298469358737e-05 9.0876216405162e-05
0.00023563139737089 0.00018701175635141 0.00015884215532973 0.00013412966353208 0.00011823806505772 0.00010521074942349 9.8384777767932e-05 9.3623877139442e-05 8.978465133191e-05 8.6571857908802e-05
0.00022590754505089 0.00017792990999079 0.00015137962064716 0.00012769001148218 0.00011302297128518 0.0001007119762562 9.4298469358737e-05 8.978465133191e-05 8.6123583745249e-05 8.3049406234304e-05
0.0002176589197505 0.00017043355237348 0.00014516246011332 0.00012248773086654 0.00010873188846661 9.6975269695898e-05 9.0876216405162e-05 8.6571857908802e-05 8.3049406234304e-05 8.0093809301692e-05
