0.00087223245949998 0.00065270097195608 0.00062383791641242 0.00047646159231114 0.00037255424348976 0.00033060708769949 0.00029004413983292 0.00026277993884942 0.0002475271490285 0.0002370649511803
0.00065270097195608 0.00059279186033056 0.00056382934551935 0.00042346091744429 0.00033406141142314 0.00030457599077116 0.00027275645807399 0.00025140131877058 0.00023633583371278 0.00022627748405194
0.00062383791641242 0.00056382934551935 0.00053248909433347 0.00046045987831758 0.00031019301005899 0.00028077597676388 0.00026031411390909 0.00024213408220202 0.0002329676900004 0.00022581539879985
0.00047646159231114 0.00042346091744429 0.00046045987831758 0.00030432134393436 0.00025320425091783 0.00022720372302586 0.00020668752735592 0.00018619674343812 0.00016999587725557 0.00015805079835973
0.00037255424348976 0.00033406141142314 0.00031019301005899 0.00025320425091783 0.00021844116850746 0.00020295355545951 0.00017825954219017 0.00016033596636109 0.00014687711302029 0.00013761014286475
0.00033060708769949 0.00030457599077116 0.00028077597676388 0.00022720372302586 0.00020295355545951 0.00017614471507169 0.00015220915424756 0.00013179839506732 0.00011936688733437 0.00011186364434231
0.00029004413983292 0.00027275645807399 0.00026031411390909 0.00020668752735592 0.00017825954219017 0.00015220915424756 0.00013017204679091 0.00011191201411683 0.00010278890864976 9.8184124195646e-05
0.00026277993884942 0.00025140131877058 0.00024213408220202 0.00018619674343812 0.00016033596636109 0.00013179839506732 0.00011191201411683 9.8052098967757e-05 9.2586166238299e-05 9.098963938617e-05
0.0002475271490285 0.00023633583371278 0.0002329676900004 0.00016999587725557 0.00014687711302029 0.00011936688733437 0.00010278890864976 9.2586166238299e-05 9.0108749410767e-05 9.0906897303486e-05
0.0002370649511803 0.00022627748405194 0.00022581539879985 0.00015805079835973 0.00013761014286475 0.00011186364434231 9.8184124195646e-05 9.098963938617e-05 9.0906897303486e-05 9.3331028652505e-05
