0 -3.1300505677313 0.19647457732989 -2.8667467204769 0.39966582618797 -2.8338407422677 0.23896509591844 -2.9619975737218 0.17336002030772 -2.961581003224
3.1300505677313 0 -3.0953202371743 -0.018808934046892 -3.06439433465 0.096181168862402 3.0922948249806 -0.076303031842154 3.0346315712697 -0.11374192843997
-0.19647457732989 3.0953202371743 0 -3.0481805483892 0.026295018599259 -3.0690617269451 0.043441993092355 -3.0518489550932 0.12520525306371 -2.9953509921426
2.8667467204769 0.018808934046892 3.0481805483892 0 -3.1409560749268 -0.0036235355460459 -3.1359715595745 0.0097550022028205 -3.1414755603274 -0.0025908785359302
-0.39966582618797 3.06439433465 -0.026295018599259 3.1409560749268 0 3.1264999453858 -0.023578655605664 3.1244462425043 -0.020302830151279 3.1274109250981
2.8338407422677 -0.096181168862402 3.0690617269451 0.0036235355460459 -3.1264999453858 0 3.1161561661328 -0.024280842994647 3.1126297151705 -0.026508067266748
-0.23896509591844 -3.0922948249806 -0.043441993092355 3.1359715595745 0.023578655605664 -3.1161561661328 0 -3.1390989509341 -0.0011064598477557 3.1396115514633
2.9619975737218 0.076303031842154 3.0518489550932 -0.0097550022028205 -3.1244462425043 0.024280842994647 3.1390989509341 0 3.1356479233497 -0.0088565218142841
-0.17336002030772 -3.0346315712697 -0.12520525306371 3.1414755603274 0.020302830151279 -3.1126297151705 0.0011064598477557 -3.1356479233497 0 3.1385782184072
2.961581003224 0.11374192843997 2.9953509921426 0.0025908785359302 -3.1274109250981 0.026508067266748 -3.1396115514633 0.0088565218142841 -3.1385782184072 0
