0 3.0563834593348 0.042273557984343 3.0639500390773 -0.047775689569134 3.0322843386967 -0.086312251695775 3.0457213348676 -0.11949643719734 3.0032070732521
-3.0563834593348 0 -3.0401640114923 0.044536465909689 -3.1196203082506 0.062320745190148 -3.0236262537293 0.10299001906268 -3.0589407697068 0.056777139811039
-0.042273557984343 3.0401640114923 0 -3.14094492117 0.013718875341928 3.1194838243851 -0.025274141008796 3.0964266523692 -0.05201047126457 3.0800220972695
-3.0639500390773 -0.044536465909689 3.14094492117 0 -3.1337986583195 -0.016233671543527 3.1273393503279 -0.01881236183973 3.114620024289 -0.03603497329324
0.047775689569134 3.1196203082506 -0.013718875341928 3.1337986583195 0 3.1339654171732 -0.015844803962705 3.1133475316014 -0.036203119322239 3.1003703394038
-3.0322843386967 -0.062320745190148 -3.1194838243851 0.016233671543527 -3.1339654171732 0 3.1275393329166 -0.025061898508207 3.1077173923005 -0.039513359601146
0.086312251695775 3.0236262537293 0.025274141008796 -3.1273393503279 0.015844803962705 -3.1275393329166 0 3.1333865071684 -0.015683177834216 3.1216030762003
-3.0457213348676 -0.10299001906268 -3.0964266523692 0.01881236183973 -3.1133475316014 0.025061898508207 -3.1333865071684 0 3.1337978930671 -0.011874724722799
0.11949643719734 3.0589407697068 0.05201047126457 -3.114620024289 0.036203119322239 -3.1077173923005 0.015683177834216 -3.1337978930671 0 3.1379047761552
-3.0032070732521 -0.056777139811039 -3.0800220972695 0.03603497329324 -3.1003703394038 0.039513359601146 -3.1216030762003 0.011874724722799 -3.1379047761552 0
