3.1415926535898 0.22158117747053 2.954471573826 -0.57993435677369 2.2584568311379 -0.78805354947118 2.677739296211 -0.33790165296647 2.6857931837226 -0.85638090121334
-0.22158117747053 3.1415926535898 -0.049519145646145 3.0956758890878 -0.084595711130815 3.117370855087 0.00096777022674776 3.1132138840671 -0.029603397953092 3.1373139893376
-2.954471573826 0.049519145646145 3.1415926535898 -0.050138953766391 3.0777066401963 -0.052546091179703 3.1047595642017 -0.0048380335616587 -3.1304514733355 0.023332247385637
0.57993435677369 -3.0956758890878 0.050138953766391 3.1415926535898 -0.0077083146630139 3.1186643895407 -0.022784231811481 3.130934351135 0.00213372943751 -3.1256031035701
-2.2584568311379 0.084595711130815 -3.0777066401963 0.0077083146630139 3.1415926535898 -0.0076837718977338 3.1358816629182 0.0039407600268911 -3.131292822302 0.01843307892301
0.78805354947118 -3.117370855087 0.052546091179703 -3.1186643895407 0.0076837718977338 3.1415926535898 -0.0013766258881757 -3.1373343135316 0.0091078447210963 -3.1258193630258
-2.677739296211 -0.00096777022674776 -3.1047595642017 0.022784231811481 -3.1358816629182 0.0013766258881757 3.1415926535898 0.0045643476454312 -3.1321421361564 0.015295743144729
0.33790165296647 -3.1132138840671 0.0048380335616587 -3.130934351135 -0.0039407600268911 3.1373343135316 -0.0045643476454312 3.1415926535898 0.0052352509634696 -3.1307149709929
-2.6857931837226 0.029603397953092 3.1304514733355 -0.00213372943751 3.131292822302 -0.0091078447210963 3.1321421361564 -0.0052352509634696 3.1415926535898 0.0052251802701208
0.85638090121334 -3.1373139893376 -0.023332247385637 3.1256031035701 -0.01843307892301 3.1258193630258 -0.015295743144729 3.1307149709929 -0.0052251802701208 3.1415926535898
