3.1415926535898 0.063653032054385 -2.6282824642532 -0.146091359207 2.8877862430877 0.37431651872953 -1.9547681536333 1.3835512467014 -1.4540996439928 1.9495827979228
-0.063653032054385 3.1415926535898 -0.075947627822026 -2.9850712030813 0.36469984160383 -2.6505475517952 0.49631445516886 -2.6270080218911 0.45947804565526 -2.7441948006984
2.6282824642532 0.075947627822026 3.1415926535898 0.027189771760566 -3.1115352526165 -0.020139378472394 3.1083585101915 -0.0069432282624674 -3.1224541483816 0.039003455018343
0.146091359207 2.9850712030813 -0.027189771760566 3.1415926535898 0.046343600774329 -3.0894067652531 0.060793298042778 -3.066913386696 0.093822892389666 -3.025708756117
-2.8877862430877 -0.36469984160383 3.1115352526165 -0.046343600774329 3.1415926535898 -0.0014254992435936 -3.1375030669824 0.0065996735795518 -3.1334185277433 0.011478274094233
-0.37431651872953 2.6505475517952 0.020139378472394 3.0894067652531 0.0014254992435936 3.1415926535898 0.0034962421496762 -3.1388167159638 0.0016205553487596 -3.1386327949666
1.9547681536333 -0.49631445516886 -3.1083585101915 -0.060793298042778 3.1375030669824 -0.0034962421496762 3.1415926535898 -0.0008547282289371 3.1390641885553 -0.0019194039809124
-1.3835512467014 2.6270080218911 0.0069432282624674 3.066913386696 -0.0065996735795518 3.1388167159638 0.0008547282289371 3.1415926535898 -0.001206199017094 3.1407462091159
1.4540996439928 -0.45947804565526 3.1224541483816 -0.093822892389666 3.1334185277433 -0.0016205553487596 -3.1390641885553 0.001206199017094 3.1415926535898 -0.00012114326121598
-1.9495827979228 2.7441948006984 -0.039003455018343 3.025708756117 -0.011478274094233 3.1386327949666 0.0019194039809124 -3.1407462091159 0.00012114326121598 3.1415926535898
