0.001251367739199 0.0010383252428129 0.00070349984351553 0.00071224112069485 0.00060821260290737 0.00052224179355586 0.00047242155400275 0.00044026171639883 0.00042051022712844 0.00040529949390782
0.0010383252428129 0.00094470288581108 0.00056780494532401 0.00058060869382337 0.00050058953166852 0.00043320298302983 0.00038759044406416 0.00035628770604 0.00033391884281845 0.00031634665727199
0.00070349984351553 0.00056780494532401 0.00040120067071812 0.00042721535088576 0.00035752644642176 0.00030883670201518 0.00028320799906966 0.00026806183435471 0.00025663381750931 0.00024916410364205
0.00071224112069485 0.00058060869382337 0.00042721535088576 0.00042590761355154 0.00035092005821882 0.00030665359895141 0.00028154325093611 0.00026898908260179 0.00025992337785383 0.00025359613134588
0.00060821260290737 0.00050058953166852 0.00035752644642176 0.00035092005821882 0.00029670958260602 0.00026508454033464 0.00024623744904016 0.00023435985773488 0.0002248140171266 0.00021755522566081
0.00052224179355586 0.00043320298302983 0.00030883670201518 0.00030665359895141 0.00026508454033464 0.00023654260223053 0.00021971101059728 0.00020781246312319 0.00019802350327048 0.00019072022026888
0.00047242155400275 0.00038759044406416 0.00028320799906966 0.00028154325093611 0.00024623744904016 0.00021971101059728 0.00020451995225502 0.00019376624055253 0.00018436438421784 0.00017735613051794
0.00044026171639883 0.00035628770604 0.00026806183435471 0.00026898908260179 0.00023435985773488 0.00020781246312319 0.00019376624055253 0.00018394124091696 0.00017515430793577 0.00016854266520015
0.00042051022712844 0.00033391884281845 0.00025663381750931 0.00025992337785383 0.0002248140171266 0.00019802350327048 0.00018436438421784 0.00017515430793577 0.00016688178194958 0.00016061989304854
0.00040529949390782 0.00031634665727199 0.00024916410364205 0.00025359613134588 0.00021755522566081 0.00019072022026888 0.00017735613051794 0.00016854266520015 0.00016061989304854 0.00015460045070532
