0.00044764797150869 0.00037206429730908 0.00035067285041749 0.00031356289269482 0.00027532145727751 0.00024948470614178 0.00023985424611875 0.00023453081301158 0.00022832951934658 0.00022338804116431
0.00037206429730908 0.00056315088256127 0.00039279450172018 0.000345650318349 0.0002903340601497 0.00027371952580201 0.000257125250887 0.00025255602079118 0.00024732281051826 0.00024371576912664
0.00035067285041749 0.00039279450172018 0.00043812187824194 0.00035184166437755 0.00030974092952882 0.00027625956699898 0.00026138047801235 0.00025441862229879 0.0002450915414717 0.00023761933464988
0.00031356289269482 0.000345650318349 0.00035184166437755 0.00041215334503136 0.00033447597445919 0.00029385785308217 0.00027647292651095 0.00026480167085765 0.00025110330866956 0.00024083817785811
0.00027532145727751 0.0002903340601497 0.00030974092952882 0.00033447597445919 0.00031776227436506 0.00027458208878299 0.00025716720829226 0.00024878549081977 0.0002381108423237 0.00022989641042066
0.00024948470614178 0.00027371952580201 0.00027625956699898 0.00029385785308217 0.00027458208878299 0.00026263532732096 0.00024753420720246 0.00023875095013952 0.00022820891444831 0.00021934264738824
0.00023985424611875 0.000257125250887 0.00026138047801235 0.00027647292651095 0.00025716720829226 0.00024753420720246 0.00024260826210711 0.00023740282087144 0.00022857141671929 0.00022040767180211
0.00023453081301158 0.00025255602079118 0.00025441862229879 0.00026480167085765 0.00024878549081977 0.00023875095013952 0.00023740282087144 0.00023727472164647 0.00023150060376174 0.00022495877815987
0.00022832951934658 0.00024732281051826 0.0002450915414717 0.00025110330866956 0.0002381108423237 0.00022820891444831 0.00022857141671929 0.00023150060376174 0.0002286870412411 0.00022411230965903
0.00022338804116431 0.00024371576912664 0.00023761933464988 0.00024083817785811 0.00022989641042066 0.00021934264738824 0.00022040767180211 0.00022495877815987 0.00022411230965903 0.00022115791499008
