0.017148800776736 -0.0032142770434755 0.0020245169506929 -0.0013907192371126 0.0010979964196036 -0.00082631286090439 0.00071920737577238 -0.00063236985079422 0.00056532814621749 -0.00051045842855232
-0.0032142770434755 0.0088113001144411 -0.0035566725943597 0.0024688555388512 -0.0018882605394025 0.0015186527823791 -0.0013052683582833 0.0011483389429716 -0.0010250621069628 0.00092547524325595
0.0020245169506929 -0.0035566725943597 0.0054021267509789 -0.0036378116654283 0.0028667009463408 -0.0023497499885591 0.0020041930653905 -0.0017277358193993 0.001511754297162 -0.0013385769778733
-0.0013907192371126 0.0024688555388512 -0.0036378116654283 0.0039467934836406 -0.0032922704064329 0.0028115491812305 -0.0024484041860614 0.0021557148836048 -0.0019169075403038 0.0017199010053681
0.0010979964196036 -0.0018882605394025 0.0028667009463408 -0.0032922704064329 0.0032426290578932 -0.0029282554606756 0.0026443290529944 -0.0023879428167254 0.002164094833321 -0.0019694697340884
-0.00082631286090439 0.0015186527823791 -0.0023497499885591 0.0028115491812305 -0.0029282554606756 0.0028274289552702 -0.0026474950765556 0.002453179883751 -0.0022670783907641 0.0020958573244746
0.00071920737577238 -0.0013052683582833 0.0020041930653905 -0.0024484041860614 0.0026443290529944 -0.0026474950765556 0.002567324318806 -0.0024367236723331 0.002293743363265 -0.0021519877640417
-0.00063236985079422 0.0011483389429716 -0.0017277358193993 0.0021557148836048 -0.0023879428167254 0.002453179883751 -0.0024367236723331 0.0023628037230799 -0.0022621786289952 0.0021519900059246
0.00056532814621749 -0.0010250621069628 0.001511754297162 -0.0019169075403038 0.002164094833321 -0.0022670783907641 0.002293743363265 -0.0022621786289952 0.0021984018876305 -0.0021177970175703
-0.00051045842855232 0.00092547524325595 -0.0013385769778733 0.0017199010053681 -0.0019694697340884 0.0020958573244746 -0.0021519877640417 0.0021519900059246 -0.0021177970175703 0.0020629299796244
