0.022701552074015 -0.007780971419572 0.0056122900777546 -0.003666108774916 0.0031661151128971 -0.0026338896364107 0.0022226815475806 -0.0019130480379722 0.0015596340138967 -0.0012849968722383
-0.007780971419572 0.012793860489795 -0.0054913000481791 0.0036023255551031 -0.0025913419839905 0.0020266823206262 -0.0017211319094241 0.0015262418618788 -0.0013482887380613 0.0011924171081423
0.0056122900777546 -0.0054913000481791 0.0087417668219564 -0.0044693867819159 0.0030366058952076 -0.0022348717801274 0.0017032922482304 -0.0014052949215253 0.0011459274564672 -0.00094760260724636
-0.003666108774916 0.0036023255551031 -0.0044693867819159 0.0053858802562295 -0.0037729954907226 0.0029203720924317 -0.0023382815956405 0.0019180582468228 -0.0016026113525101 0.001345401371789
0.0031661151128971 -0.0025913419839905 0.0030366058952076 -0.0037729954907226 0.0041204778164133 -0.0034077991697398 0.0028770933082837 -0.002480168115399 0.0021610708015636 -0.0018953724472509
-0.0026338896364107 0.0020266823206262 -0.0022348717801274 0.0029203720924317 -0.0034077991697398 0.0032853886599693 -0.0029341511872112 0.0025989779684582 -0.002313749586474 0.002068717640014
0.0022226815475806 -0.0017211319094241 0.0017032922482304 -0.0023382815956405 0.0028770933082837 -0.0029341511872112 0.0028475866889321 -0.0026361614390352 0.0024225775892945 -0.0022261132767034
-0.0019130480379722 0.0015262418618788 -0.0014052949215253 0.0019180582468228 -0.002480168115399 0.0025989779684582 -0.0026361614390352 0.0025380834561541 -0.002399380560321 0.0022553743944733
0.0015596340138967 -0.0013482887380613 0.0011459274564672 -0.0016026113525101 0.0021610708015636 -0.002313749586474 0.0024225775892945 -0.002399380560321 0.0023282277333223 -0.0022351359289205
-0.0012849968722383 0.0011924171081423 -0.00094760260724636 0.001345401371789 -0.0018953724472509 0.002068717640014 -0.0022261132767034 0.0022553743944733 -0.0022351359289205 0.0021857291679576
