3.1415926535898 -1.6652915750757e-05 -2.7843448744015 0.80168116802493 -2.0720242557869 1.2188745945773 -1.8208932352482 1.444082213921 -1.571703347106 1.6875255945429
1.6652915750757e-05 3.1415926535898 -0.0053074786991989 -3.0394107889647 0.13489164384827 -2.9664371354692 0.19263876747974 -2.9466213101826 0.19368635109198 -2.9484973779697
2.7843448744015 0.0053074786991989 3.1415926535898 0.0095881096984014 -3.1304505851788 0.0095538822064225 -3.1411180183255 -0.0017128947083151 3.1406950479059 0.0014566078259924
-0.80168116802493 3.0394107889647 -0.0095881096984014 3.1415926535898 0.00058573075462456 3.1359921003854 -0.012217284274673 3.1251270576959 -0.018149350364572 3.1233193153904
2.0720242557869 -0.13489164384827 3.1304505851788 -0.00058573075462456 3.1415926535898 -0.0069125213923212 3.1285861177226 -0.016099272171884 3.1246811591424 -0.016003207374744
-1.2188745945773 2.9664371354692 -0.0095538822064225 -3.1359921003854 0.0069125213923212 3.1415926535898 -0.0053843470367106 3.1338166305003 -0.0079263017193639 3.1350730785052
1.8208932352482 -0.19263876747974 3.1411180183255 0.012217284274673 -3.1285861177226 0.0053843470367106 3.1415926535898 -0.0021966203020661 3.1393948183432 -0.00070523869795824
-1.444082213921 2.9466213101826 0.0017128947083151 -3.1251270576959 0.016099272171884 -3.1338166305003 0.0021966203020661 3.1415926535898 6.6476630510929e-05 -3.1399866839841
1.571703347106 -0.19368635109198 -3.1406950479059 0.018149350364572 -3.1246811591424 0.0079263017193639 -3.1393948183432 -6.6476630510929e-05 3.1415926535898 0.001545967725752
-1.6875255945429 2.9484973779697 -0.0014566078259924 -3.1233193153904 0.016003207374744 -3.1350730785052 0.00070523869795824 3.1399866839841 -0.001545967725752 3.1415926535898
