0.00039358302821228 0.00034693712640028 0.00030910513545343 0.00025059710325089 0.0002119306104132 0.00018998220057243 0.00017472855621298 0.0001638050874316 0.00015580790953743 0.00014925038038111
0.00034693712640028 0.00031607844222747 0.00027516513439187 0.00021999350195196 0.00018654805994962 0.0001657108992591 0.00015348034600311 0.00014284970749413 0.00013521378640274 0.00012902217153916
0.00030910513545343 0.00027516513439187 0.00023438258431978 0.00019772128115509 0.00016236071702124 0.00014489706416129 0.00013391798182251 0.00012394162230831 0.00011688729394144 0.0001111859466435
0.00025059710325089 0.00021999350195196 0.00019772128115509 0.00016297128845088 0.00012839236462492 0.00011519646799619 0.00010590737385777 9.9640122327491e-05 9.5161321812952e-05 9.1350250868526e-05
0.0002119306104132 0.00018654805994962 0.00016236071702124 0.00012839236462492 0.00010795651462389 9.5739211120709e-05 8.9531080858262e-05 8.4196177370509e-05 8.0196491030353e-05 7.6873456984023e-05
0.00018998220057243 0.0001657108992591 0.00014489706416129 0.00011519646799619 9.5739211120709e-05 8.5558730670243e-05 8.0378702607442e-05 7.5646471838296e-05 7.2004362083065e-05 6.8889744509201e-05
0.00017472855621298 0.00015348034600311 0.00013391798182251 0.00010590737385777 8.9531080858262e-05 8.0378702607442e-05 7.5715508781517e-05 7.1368884859191e-05 6.794219216379e-05 6.5011251759225e-05
0.0001638050874316 0.00014284970749413 0.00012394162230831 9.9640122327491e-05 8.4196177370509e-05 7.5646471838296e-05 7.1368884859191e-05 6.733108298919e-05 6.4172983901747e-05 6.1521214973266e-05
0.00015580790953743 0.00013521378640274 0.00011688729394144 9.5161321812952e-05 8.0196491030353e-05 7.2004362083065e-05 6.794219216379e-05 6.4172983901747e-05 6.1342810258591e-05 5.8983827133107e-05
0.00014925038038111 0.00012902217153916 0.0001111859466435 9.1350250868526e-05 7.6873456984023e-05 6.8889744509201e-05 6.5011251759225e-05 6.1521214973266e-05 5.8983827133107e-05 5.6881914316382e-05
