0.00016397700540068 0.00086648117963158 0.00087217542565449 0.00081102122187304 0.00065019424026912 0.00054225679380492 0.00048488113424721 0.00045193982016653 0.00042669470674632 0.00040837273795697
0.00086648117963158 0.00033859696655888 0.00025104580466592 0.00021909034712676 0.00017995472456874 0.00014964287872559 0.00013546688380285 0.00012691882928995 0.00012068031228657 0.00011507203417891
0.00087217542565449 0.00025104580466592 0.00032567862504172 0.00023843681505653 0.0001860208181833 0.00015134743662584 0.00013062263822254 0.00012220774728632 0.00011474747276651 0.00010857198813533
0.00081102122187304 0.00021909034712676 0.00023843681505653 0.00030154825140646 0.00018004793720859 0.00014758583727629 0.00013002249613019 0.00011864830675615 0.00011048994832639 0.00010485650445752
0.00065019424026912 0.00017995472456874 0.0001860208181833 0.00018004793720859 0.00018151060230193 0.00013905567830522 0.00011945262840604 0.00010575059207206 9.7730073327835e-05 9.1240572723359e-05
0.00054225679380492 0.00014964287872559 0.00015134743662584 0.00014758583727629 0.00013905567830522 0.0001370550111541 0.00011455518382658 0.00010008069180675 9.016752331196e-05 8.3587191923929e-05
0.00048488113424721 0.00013546688380285 0.00013062263822254 0.00013002249613019 0.00011945262840604 0.00011455518382658 0.00010631585400101 9.4484889378694e-05 8.588881748513e-05 7.9651347523911e-05
0.00045193982016653 0.00012691882928995 0.00012220774728632 0.00011864830675615 0.00010575059207206 0.00010008069180675 9.4484889378694e-05 8.7964257557633e-05 8.1339299602813e-05 7.6384443719006e-05
0.00042669470674632 0.00012068031228657 0.00011474747276651 0.00011048994832639 9.7730073327835e-05 9.016752331196e-05 8.588881748513e-05 8.1339299602813e-05 7.7530768487964e-05 7.4053694215599e-05
0.00040837273795697 0.00011507203417891 0.00010857198813533 0.00010485650445752 9.1240572723359e-05 8.3587191923929e-05 7.9651347523911e-05 7.6384443719006e-05 7.4053694215599e-05 7.184158126632e-05
