0.010532225034604 -0.0012195812635153 0.00098788718316365 -0.00061363597483527 0.00089941376707737 -0.00082734168444177 0.00086312323795777 -0.00083370147605782 0.00075292855559911 -0.00069195389371392
-0.0012195812635153 0.0083665469708092 -0.0020275371516426 0.00092810349963659 -0.00048908341906907 0.00043304527029739 -0.00036888851368194 0.00034132402591623 -0.00029345395793089 0.0002384582602721
0.00098788718316365 -0.0020275371516426 0.0042790137039772 -0.0018109514423501 0.0012669281443131 -0.00098287787498207 0.00085737507085973 -0.00074375018489962 0.000638005481129 -0.00053856230460518
-0.00061363597483527 0.00092810349963659 -0.0018109514423501 0.0023852883359878 -0.0016666458878813 0.0013281443602651 -0.0011133190706284 0.00094784317342001 -0.00080486093902006 0.00069783912928606
0.00089941376707737 -0.00048908341906907 0.0012669281443131 -0.0016666458878813 0.0018630202529423 -0.001579305167465 0.0013955024761628 -0.0012166917337995 0.0010617567486704 -0.00093811954371016
-0.00082734168444177 0.00043304527029739 -0.00098287787498207 0.0013281443602651 -0.001579305167465 0.0015999885708018 -0.0014805108541879 0.0013374894179683 -0.0011934234598978 0.0010752812017802
0.00086312323795777 -0.00036888851368194 0.00085737507085973 -0.0011133190706284 0.0013955024761628 -0.0014805108541879 0.0014560340531417 -0.0013554345724167 0.0012384691065648 -0.0011345341371666
-0.00083370147605782 0.00034132402591623 -0.00074375018489962 0.00094784317342001 -0.0012166917337995 0.0013374894179683 -0.0013554345724167 0.0013046946067747 -0.0012216994241733 0.0011414742572603
0.00075292855559911 -0.00029345395793089 0.000638005481129 -0.00080486093902006 0.0010617567486704 -0.0011934234598978 0.0012384691065648 -0.0012216994241733 0.0011728634831312 -0.0011174208795852
-0.00069195389371392 0.0002384582602721 -0.00053856230460518 0.00069783912928606 -0.00093811954371016 0.0010752812017802 -0.0011345341371666 0.0011414742572603 -0.0011174208795852 0.0010831080383811
