0.0010813878714974 0.0011802349426241 0.00089437317998954 0.00080354447827014 0.00073216161054971 0.00068801687013922 0.00066552997102297 0.00064280162425883 0.00062170761271139 0.00059967666815598
0.0011802349426241 0.0012045850641354 0.00090080952445753 0.00087025759904934 0.00079427500997075 0.00075515260197729 0.00072751868871408 0.00070319813506038 0.00068126461206807 0.00065839732898882
0.00089437317998954 0.00090080952445753 0.00091716753206301 0.00079803387522612 0.00067063819758516 0.0006398052042018 0.00059819913274776 0.00055659577606071 0.0005179884776591 0.0004841046982418
0.00080354447827014 0.00087025759904934 0.00079803387522612 0.00068538987774811 0.00060561415822346 0.00058315628682824 0.00055993985365002 0.00053145244671379 0.00049866875798713 0.00046564861483401
0.00073216161054971 0.00079427500997075 0.00067063819758516 0.00060561415822346 0.00059511055989477 0.00060271429258424 0.00058357865049649 0.00055403021601941 0.00051867588890623 0.00048281987125729
0.00068801687013922 0.00075515260197729 0.0006398052042018 0.00058315628682824 0.00060271429258424 0.00060121816965098 0.00058322371165083 0.00055341767705735 0.00051712466169193 0.00048026501588502
0.00066552997102297 0.00072751868871408 0.00059819913274776 0.00055993985365002 0.00058357865049649 0.00058322371165083 0.00056796438191046 0.00054112879945302 0.00050805684473897 0.00047384520058258
0.00064280162425883 0.00070319813506038 0.00055659577606071 0.00053145244671379 0.00055403021601941 0.00055341767705735 0.00054112879945302 0.00051721208011328 0.00048805019621695 0.00045731122718915
0.00062170761271139 0.00068126461206807 0.0005179884776591 0.00049866875798713 0.00051867588890623 0.00051712466169193 0.00050805684473897 0.00048805019621695 0.00046368606915847 0.00043744199059227
0.00059967666815598 0.00065839732898882 0.0004841046982418 0.00046564861483401 0.00048281987125729 0.00048026501588502 0.00047384520058258 0.00045731122718915 0.00043744199059227 0.00041555661582155
