0 -2.5812376755094 1.5884561202902 -0.85710986885642 2.6130705221165 -0.41122549981932 2.6938890770986 -0.45435390674645 2.6915125286265 -0.44123711462843
2.5812376755094 0 2.8206852049301 0.36417107826145 2.8045120795074 -0.8239375219721 2.091898419996 -1.2185199890866 2.1158826351724 -0.91352264552061
-1.5884561202902 -2.8206852049301 0 -2.9446561568919 0.26869239790099 -2.8891770921475 0.28331946414987 -2.8300560506693 0.38579957917681 -2.7180422879477
0.85710986885642 -0.36417107826145 2.9446561568919 0 -3.0232396293018 0.060223968609096 -3.0952291686248 0.0920275562427 -3.0127889117026 0.13815055799481
-2.6130705221165 -2.8045120795074 -0.26869239790099 3.0232396293018 0 3.0981481412218 -0.074751735681277 3.0806349423307 -0.053221980857704 3.0922993888205
0.41122549981932 0.8239375219721 2.8891770921475 -0.060223968609096 -3.0981481412218 0 3.1207479540678 -0.010817523782934 3.1368070121071 -0.0054160655384827
-2.6938890770986 -2.091898419996 -0.28331946414987 3.0952291686248 0.074751735681277 -3.1207479540678 0 -3.1388147532096 0.0038789530359573 3.140924853575
0.45435390674645 1.2185199890866 2.8300560506693 -0.0920275562427 -3.0806349423307 0.010817523782934 3.1388147532096 0 -3.1414135296431 -0.0043611755076173
-2.6915125286265 -2.1158826351724 -0.38579957917681 3.0127889117026 0.053221980857704 -3.1368070121071 -0.0038789530359573 3.1414135296431 0 3.1367975563549
0.44123711462843 0.91352264552061 2.7180422879477 -0.13815055799481 -3.0922993888205 0.0054160655384827 -3.140924853575 0.0043611755076173 -3.1367975563549 0
