0 -3.0103324340742 0.11225582102697 -3.0583248478334 0.07899333755602 -3.0759839670085 0.06428072543324 -3.0664795947683 0.085876274712379 -3.0518811198436
3.0103324340742 0 -3.1062057787311 0.017908252650156 3.136527558395 -0.032970128855688 3.0758779098882 -0.084529677165676 3.04218459506 -0.11724500733053
-0.11225582102697 3.1062057787311 0 3.1249627192301 -0.027839913066812 3.0937342017495 -0.068437790719672 3.0583081680435 -0.095519146185798 3.0340316021043
3.0583248478334 -0.017908252650156 -3.1249627192301 0 3.1341704517552 -0.016144707154121 3.1161408068142 -0.030555370001145 3.1063710158184 -0.040582823750858
-0.07899333755602 -3.136527558395 0.027839913066812 -3.1341704517552 0 3.1376429794198 -0.010018475612478 3.1297287476339 -0.013409081506688 3.1260618558735
3.0759839670085 0.032970128855688 -3.0937342017495 0.016144707154121 -3.1376429794198 0 3.136392230813 -0.0064113802971253 3.1344180424201 -0.0084290676234707
-0.06428072543324 -3.0758779098882 0.068437790719672 -3.1161408068142 0.010018475612478 -3.136392230813 0 3.1400950619262 -0.0022997827049478 3.1381395244928
3.0664795947683 0.084529677165676 -3.0583081680435 0.030555370001145 -3.1297287476339 0.0064113802971253 -3.1400950619262 0 3.1409669561971 -0.0015143470802484
-0.085876274712379 -3.04218459506 0.095519146185798 -3.1063710158184 0.013409081506688 -3.1344180424201 0.0022997827049478 -3.1409669561971 0 3.1408076238857
3.0518811198436 0.11724500733053 -3.0340316021043 0.040582823750858 -3.1260618558735 0.0084290676234707 -3.1381395244928 0.0015143470802484 -3.1408076238857 0
