0.0019348059120739 0.0016947625872942 0.0013565198295846 0.0011729041239945 0.00099408687506702 0.00087823207780677 0.00079075916853306 0.00073475897389659 0.00069444623234857 0.00067046373729906
0.0016947625872942 0.0014080031996133 0.0010746489961641 0.00097262529366498 0.00079278665063365 0.00074244619371316 0.00068030298215266 0.00063222844924259 0.00059640072338947 0.0005703027814254
0.0013565198295846 0.0010746489961641 0.00081288088709989 0.0008145551542087 0.00065338136983753 0.00058974526674844 0.00053985237165748 0.00050284891880849 0.00047230620302336 0.00045007528419157
0.0011729041239945 0.00097262529366498 0.0008145551542087 0.00066463477494444 0.00054331241493643 0.00047718997451049 0.0004464742055158 0.00042249230159683 0.00040338353612867 0.00038852596629929
0.00099408687506702 0.00079278665063365 0.00065338136983753 0.00054331241493643 0.0004253899386154 0.00038287302369745 0.00036318707413404 0.00034588155272809 0.00033190366439489 0.00032231743001298
0.00087823207780677 0.00074244619371316 0.00058974526674844 0.00047718997451049 0.00038287302369745 0.00036500699363313 0.00035039837647591 0.00033461909586224 0.00032226810619025 0.00031265436975082
0.00079075916853306 0.00068030298215266 0.00053985237165748 0.0004464742055158 0.00036318707413404 0.00035039837647591 0.00033376170640691 0.00031713475251997 0.00030513407869623 0.00029576803504523
0.00073475897389659 0.00063222844924259 0.00050284891880849 0.00042249230159683 0.00034588155272809 0.00033461909586224 0.00031713475251997 0.00029926277943492 0.00028722805105108 0.0002783909087942
0.00069444623234857 0.00059640072338947 0.00047230620302336 0.00040338353612867 0.00033190366439489 0.00032226810619025 0.00030513407869623 0.00028722805105108 0.00027583181489064 0.00026786058142996
0.00067046373729906 0.0005703027814254 0.00045007528419157 0.00038852596629929 0.00032231743001298 0.00031265436975082 0.00029576803504523 0.0002783909087942 0.00026786058142996 0.00026081588932628
