0.0015862751535169 0.0012214320924505 0.0010506392994927 0.00091233615759774 0.00082905773298271 0.00078201171891905 0.000750900343586 0.00072447845056296 0.00070219429854589 0.00068322408127073
0.0012214320924505 0.00079638251831288 0.00069986074888975 0.00062114489847019 0.00055913631515275 0.00052832748679266 0.00050412608070254 0.00048358538865774 0.00046719743910541 0.00045286157797644
0.0010506392994927 0.00069986074888975 0.0005803607543035 0.00052274429901913 0.00047204866441762 0.00044287246979536 0.00042248312195271 0.00040554563622815 0.0003926042267134 0.0003819422783075
0.00091233615759774 0.00062114489847019 0.00052274429901913 0.00046179948508754 0.00041956782492746 0.00039557362259742 0.00037815950072888 0.0003642696276101 0.00035381503588154 0.00034521293839058
0.00082905773298271 0.00055913631515275 0.00047204866441762 0.00041956782492746 0.00037831578932295 0.00035818234711432 0.00034436077436273 0.00033356835911728 0.0003250379849963 0.00031756028343059
0.00078201171891905 0.00052832748679266 0.00044287246979536 0.00039557362259742 0.00035818234711432 0.00033824171608952 0.00032533546353285 0.00031549770379655 0.000307418809101 0.00030016424820485
0.000750900343586 0.00050412608070254 0.00042248312195271 0.00037815950072888 0.00034436077436273 0.00032533546353285 0.00031290128328642 0.00030361327775558 0.0002958994322108 0.00028892534297311
0.00072447845056296 0.00048358538865774 0.00040554563622815 0.0003642696276101 0.00033356835911728 0.00031549770379655 0.00030361327775558 0.000294937883035 0.00028779275268373 0.00028133134167205
0.00070219429854589 0.00046719743910541 0.0003926042267134 0.00035381503588154 0.0003250379849963 0.000307418809101 0.0002958994322108 0.00028779275268373 0.00028125691637351 0.00027538476218609
0.00068322408127073 0.00045286157797644 0.0003819422783075 0.00034521293839058 0.00031756028343059 0.00030016424820485 0.00028892534297311 0.00028133134167205 0.00027538476218609 0.00027009944733483
