0 -3.0831693752298 0.16730763269528 -2.8834633956975 0.1572147063713 -2.9370679043759 0.24647872437721 -2.8243005220033 0.39654682106669 -2.659865628428
3.0831693752298 0 -3.1382567437536 0.020912210726382 -3.0358070840906 0.055583915299936 -3.1255785748102 -0.016519664785706 3.0763539684664 -0.12066728506185
-0.16730763269528 3.1382567437536 0 -3.0543435684822 0.13905563048217 -2.9430357191283 0.24696662225362 -2.8446379100613 0.32699691423083 -2.8047143449893
2.8834633956975 -0.020912210726382 3.0543435684822 0 -3.1250705962639 0.046383954411169 -3.0741254614871 0.088239342480385 -3.0384169354904 0.10274775735313
-0.1572147063713 3.0358070840906 -0.13905563048217 3.1250705962639 0 -3.1152845643402 0.047817175891237 -3.070271114574 0.088164752584439 -3.0482860586853
2.9370679043759 -0.055583915299936 2.9430357191283 -0.046383954411169 3.1152845643402 0 -3.1274622224948 0.030597687904899 -3.1008548523466 0.04222140259579
-0.24647872437721 3.1255785748102 -0.24696662225362 3.0741254614871 -0.047817175891237 3.1274622224948 0 -3.1241358730385 0.027859776698489 -3.1104440085332
2.8243005220033 0.016519664785706 2.8446379100613 -0.088239342480385 3.070271114574 -0.030597687904899 3.1241358730385 0 -3.1323074158387 0.012938774869549
-0.39654682106669 -3.0763539684664 -0.32699691423083 3.0384169354904 -0.088164752584439 3.1008548523466 -0.027859776698489 3.1323074158387 0 -3.1370361751278
2.659865628428 0.12066728506185 2.8047143449893 -0.10274775735313 3.0482860586853 -0.04222140259579 3.1104440085332 -0.012938774869549 3.1370361751278 0
