0 -3.1147835798866 0.011415190612647 -3.1173281648995 0.012585571064167 -3.1165276394207 0.015618391531108 -3.1345404713144 0.0016901234521692 3.1407725839344
3.1147835798866 0 3.1307329130081 0.00534143658978 -3.1301919848354 0.016040084415652 -3.1337468432299 -0.0058996913615283 3.1277108427238 -0.018706982114593
-0.011415190612647 -3.1307329130081 0 -3.1203829430686 0.0048066829059113 -3.1266316096837 0.019492950077185 -3.1185974914589 0.027758880034621 -3.1074083034137
3.1173281648995 -0.00534143658978 3.1203829430686 0 3.1323135760548 0.00088484801347427 -3.1365786066392 0.0055508371314091 -3.1350401202419 0.0091678007804588
-0.012585571064167 3.1301919848354 -0.0048066829059113 -3.1323135760548 0 -3.1343221835286 0.0099277314875454 -3.132439301904 0.008526699560503 -3.1325073548384
3.1165276394207 -0.016040084415652 3.1266316096837 -0.00088484801347427 3.1343221835286 0 -3.1393383203279 0.00071904173443311 3.1414204739019 -0.00019431407568787
-0.015618391531108 3.1337468432299 -0.019492950077185 3.1365786066392 -0.0099277314875454 3.1393383203279 0 3.1398611115466 -0.0026107502976212 3.1387886051286
3.1345404713144 0.0058996913615283 3.1185974914589 -0.0055508371314091 3.132439301904 -0.00071904173443311 -3.1398611115466 0 3.1408283816605 -0.00089356715344539
-0.0016901234521692 -3.1277108427238 -0.027758880034621 3.1350401202419 -0.008526699560503 -3.1414204739019 0.0026107502976212 -3.1408283816605 0 3.1414926536389
-3.1407725839344 0.018706982114593 3.1074083034137 -0.0091678007804588 3.1325073548384 0.00019431407568787 -3.1387886051286 0.00089356715344539 -3.1414926536389 0
