0.0031901005775235 0.0023344523980254 0.0017254834529998 0.0014470020192811 0.0013898306606186 0.0013386605829253 0.001281663682421 0.0012411762710595 0.0012128147160802 0.0011885568433604
0.0023344523980254 0.0017145321493871 0.0013769242237527 0.0011261773607281 0.0010162502818517 0.0009827575229517 0.00094137944829404 0.00089967889447638 0.00087448724758886 0.00085668523826926
0.0017254834529998 0.0013769242237527 0.0010313951913407 0.00089108835781253 0.00081543157997704 0.00079673365804674 0.00076376538008168 0.00073005560457242 0.00070649100646813 0.00068850999056658
0.0014470020192811 0.0011261773607281 0.00089108835781253 0.00082485048723275 0.00073848082492891 0.00071318837021032 0.0006793066621944 0.00064900258672002 0.00062553687853334 0.00060736498211437
0.0013898306606186 0.0010162502818517 0.00081543157997704 0.00073848082492891 0.00069004119795387 0.00068230770577575 0.00065462231097743 0.00062800839100816 0.00060612234433331 0.00058863029930419
0.0013386605829253 0.0009827575229517 0.00079673365804674 0.00071318837021032 0.00068230770577575 0.00067769499787703 0.00065231455487794 0.00062635745046873 0.00060526819534411 0.0005888808817821
0.001281663682421 0.00094137944829404 0.00076376538008168 0.0006793066621944 0.00065462231097743 0.00065231455487794 0.00063005948792113 0.00060719679837749 0.00058887439063502 0.00057487631752098
0.0012411762710595 0.00089967889447638 0.00073005560457242 0.00064900258672002 0.00062800839100816 0.00062635745046873 0.00060719679837749 0.00058690931730567 0.00057064959046509 0.00055827874367629
0.0012128147160802 0.00087448724758886 0.00070649100646813 0.00062553687853334 0.00060612234433331 0.00060526819534411 0.00058887439063502 0.00057064959046509 0.00055592798816203 0.00054467606447779
0.0011885568433604 0.00085668523826926 0.00068850999056658 0.00060736498211437 0.00058863029930419 0.0005888808817821 0.00057487631752098 0.00055827874367629 0.00054467606447779 0.00053420406233219
