-0.012919265996638 0.00093845642887913 -0.00043530171959349 0.00023728092232467 1.8564750013093e-05 -7.395611552251e-05 0.00011509462661592 -0.00012804666035906 0.00011749744643744 -9.6182242418249e-05
0.00093845642887913 -0.0090600533791667 0.0030076836773931 -0.0017035536701675 0.0012150129460081 -0.00088690144918113 0.00068036576902808 -0.00054402875427104 0.0004464354671785 -0.00036951916872623
-0.00043530171959349 0.0030076836773931 -0.0058436699275986 0.003439628025901 -0.0024514184730616 0.0018856125411261 -0.0014948219771128 0.0012256647832564 -0.0010289272527575 0.00087814470450958
0.00023728092232467 -0.0017035536701675 0.003439628025901 -0.0041878598189127 0.003263776779297 -0.0026832767950364 0.0022402357033322 -0.001905077403201 0.0016421726903078 -0.001433527261723
1.8564750013093e-05 0.0012150129460081 -0.0024514184730616 0.003263776779297 -0.0033139214896505 0.0029376616562869 -0.0025754959447317 0.0022670981808125 -0.0020092773742926 0.0017935036389753
-7.395611552251e-05 -0.00088690144918113 0.0018856125411261 -0.0026832767950364 0.0029376616562869 -0.0028854592114214 0.0026653736400721 -0.0024322182966689 0.0022162409260371 -0.0020216707873698
0.00011509462661592 0.00068036576902808 -0.0014948219771128 0.0022402357033322 -0.0025754959447317 0.0026653736400721 -0.0025872148561505 0.0024385847630344 -0.002276813879677 0.0021172083944382
-0.00012804666035906 -0.00054402875427104 0.0012256647832564 -0.001905077403201 0.0022670981808125 -0.0024322182966689 0.0024385847630344 -0.0023655366706537 0.0022576749054534 -0.0021367552992242
0.00011749744643744 0.0004464354671785 -0.0010289272527575 0.0016421726903078 -0.0020092773742926 0.0022162409260371 -0.002276813879677 0.0022576749054534 -0.0021960881702747 0.0021112243831959
-9.6182242418249e-05 -0.00036951916872623 0.00087814470450958 -0.001433527261723 0.0017935036389753 -0.0020216707873698 0.0021172083944382 -0.0021367552992242 0.0021112243831959 -0.0020585015637764
