-0.0058553689685475 5.1561148314528e-05 -0.00018608689592455 5.0948596886456e-05 -5.7283410739382e-06 6.4277447728256e-05 -4.9200017150922e-05 2.755825603416e-05 2.1576481405583e-06 -3.1064795728551e-05
5.1561148314528e-05 -0.0084158039369098 0.0013970464340514 -0.00095507421065479 0.00070514663777664 -0.00060697542948326 0.00049392666969587 -0.00037966821820948 0.00028557599967811 -0.00022195656733234
-0.00018608689592455 0.0013970464340514 -0.0077273590082928 0.0025039421415467 -0.0015484712407495 0.0011433982694691 -0.00093826876680698 0.0008031214584436 -0.00070837512788557 0.00061703841842888
5.0948596886456e-05 -0.00095507421065479 0.0025039421415467 -0.0052913232636512 0.0029195376879418 -0.0020925026657625 0.0015913616314037 -0.0012594871314238 0.0010400227321555 -0.00086908677097828
-5.7283410739382e-06 0.00070514663777664 -0.0015484712407495 0.0029195376879418 -0.0037565826353087 0.0028030518989963 -0.0022319181051247 0.0018064556003436 -0.0015049727545235 0.0012773525628521
6.4277447728256e-05 -0.00060697542948326 0.0011433982694691 -0.0020925026657625 0.0028030518989963 -0.0029324663756148 0.0025258383530319 -0.0021622938612183 0.0018702134358913 -0.0016325467081775
-4.9200017150922e-05 0.00049392666969587 -0.00093826876680698 0.0015913616314037 -0.0022319181051247 0.0025258383530319 -0.0025084106335167 0.002286932909961 -0.0020633985065696 0.0018578753726439
2.755825603416e-05 -0.00037966821820948 0.0008031214584436 -0.0012594871314238 0.0018064556003436 -0.0021622938612183 0.002286932909961 -0.0022326465758644 0.0020979947392803 -0.0019475697467058
2.1576481405583e-06 0.00028557599967811 -0.00070837512788557 0.0010400227321555 -0.0015049727545235 0.0018702134358913 -0.0020633985065696 0.0020979947392803 -0.002046229309707 0.0019506349100559
-3.1064795728551e-05 -0.00022195656733234 0.00061703841842888 -0.00086908677097828 0.0012773525628521 -0.0016325467081775 0.0018578753726439 -0.0019475697467058 0.0019506349100559 -0.0019032052942179
