0.00041194170004743 0.00035207389109016 0.00028571448591881 0.00023508277654069 0.00021106465326341 0.00019475284982716 0.00018534442352873 0.00017805978246476 0.00017212145450166 0.00016703380334071
0.00035207389109016 0.00029556866448098 0.00023132362482288 0.00019502588953691 0.0001764399352573 0.00016454937112589 0.00015680008350033 0.00015099477489672 0.00014638136890156 0.00014242734674342
0.00028571448591881 0.00023132362482288 0.00019043508905659 0.00015970455742408 0.00014332527526901 0.00013361493874038 0.00012794782134228 0.00012369032076474 0.00012013779894397 0.00011699382534802
0.00023508277654069 0.00019502588953691 0.00015970455742408 0.00013377676714239 0.00011962151279086 0.00011226411661016 0.00010717777454331 0.0001036163516581 0.0001007124126818 9.8182814575041e-05
0.00021106465326341 0.0001764399352573 0.00014332527526901 0.00011962151279086 0.00010993848042526 0.00010297300807254 9.8271898751769e-05 9.5135893980761e-05 9.2546829778435e-05 9.0300545579734e-05
0.00019475284982716 0.00016454937112589 0.00013361493874038 0.00011226411661016 0.00010297300807254 9.6623129270049e-05 9.2585657787405e-05 8.9950455886576e-05 8.7740257777297e-05 8.575185678035e-05
0.00018534442352873 0.00015680008350033 0.00012794782134228 0.00010717777454331 9.8271898751769e-05 9.2585657787405e-05 8.9160763250929e-05 8.6967268922127e-05 8.5090649030192e-05 8.3347257405708e-05
0.00017805978246476 0.00015099477489672 0.00012369032076474 0.0001036163516581 9.5135893980761e-05 8.9950455886576e-05 8.6967268922127e-05 8.5017774292411e-05 8.3336994286876e-05 8.1737303370934e-05
0.00017212145450166 0.00014638136890156 0.00012013779894397 0.0001007124126818 9.2546829778435e-05 8.7740257777297e-05 8.5090649030192e-05 8.3336994286876e-05 8.1822187344968e-05 8.0353898783106e-05
0.00016703380334071 0.00014242734674342 0.00011699382534802 9.8182814575041e-05 9.0300545579734e-05 8.575185678035e-05 8.3347257405708e-05 8.1737303370934e-05 8.0353898783106e-05 7.8994427620913e-05
