3.1415926535898 3.0134045710986 -1.6753776673366 -1.4374491638218 2.289942947544 -2.3409523662843 0.060920288752772 -2.9182854908548 0.15668696218969 3.0995094387899
-3.0134045710986 3.1415926535898 0.21224900667793 2.5016531403658 -2.1857933250616 0.80147268507818 -2.027390021581 1.068902437083 -2.3641887501747 0.66602731793126
1.6753776673366 -0.21224900667793 3.1415926535898 0.14712576794114 -3.0992644612617 -0.052426262293176 3.0394442966477 -0.14903599722045 3.0879036998573 0.036538263609299
1.4374491638218 -2.5016531403658 -0.14712576794114 3.1415926535898 0.096754389113088 -3.0816516327013 0.15343941449428 -3.0508734817239 0.15785932443956 -2.9147636737342
-2.289942947544 2.1857933250616 3.0992644612617 -0.096754389113088 3.1415926535898 0.016449102503435 -3.0652229635519 0.069320505794404 -3.0406565521688 0.15950529827919
2.3409523662843 -0.80147268507818 0.052426262293176 3.0816516327013 -0.016449102503435 3.1415926535898 0.060108061108434 -3.0952964494147 0.066359509606108 -3.0375190489896
-0.060920288752772 2.027390021581 -3.0394442966477 -0.15343941449428 3.0652229635519 -0.060108061108434 3.1415926535898 0.0024199095430139 -3.1189995934516 0.052958607019581
2.9182854908548 -1.068902437083 0.14903599722045 3.0508734817239 -0.069320505794404 3.0952964494147 -0.0024199095430139 3.1415926535898 0.0086895901954217 -3.1080716676367
-0.15668696218969 2.3641887501747 -3.0879036998573 -0.15785932443956 3.0406565521688 -0.066359509606108 3.1189995934516 -0.0086895901954217 3.1415926535898 0.02443797830911
-3.0995094387899 -0.66602731793126 -0.036538263609299 2.9147636737342 -0.15950529827919 3.0375190489896 -0.052958607019581 3.1080716676367 -0.02443797830911 3.1415926535898
