0.014016387499487 -0.0016454129742179 0.00096989265447832 -0.00053465720155117 0.00062773573784047 -0.00061644484961789 0.00059084439981367 -0.00055340317900995 0.00054134432024131 -0.00053034661962714
-0.0016454129742179 0.0080049936069937 -0.0027860390695866 0.0020331682546387 -0.0015112039128728 0.0011303751033498 -0.0009455687223803 0.00080892475689941 -0.0006885280066734 0.00060549986116552
0.00096989265447832 -0.0027860390695866 0.0045934629249895 -0.0025863798797066 0.0019045506012233 -0.0013337750036426 0.001045409614604 -0.0008598080902458 0.00071536717487008 -0.00061581484765803
-0.00053465720155117 0.0020331682546387 -0.0025863798797066 0.0032601094044172 -0.0023560820144551 0.0018443746500604 -0.0014692463450824 0.0012292871484161 -0.001070535068746 0.00094896696081656
0.00062773573784047 -0.0015112039128728 0.0019045506012233 -0.0023560820144551 0.0023614935084198 -0.0019811781649602 0.0016778500168198 -0.0014504818124791 0.0012914996424266 -0.0011753642595127
-0.00061644484961789 0.0011303751033498 -0.0013337750036426 0.0018443746500604 -0.0019811781649602 0.0019111113743252 -0.0017284252378357 0.0015639388497897 -0.0014247381063419 0.0013163391743841
0.00059084439981367 -0.0009455687223803 0.001045409614604 -0.0014692463450824 0.0016778500168198 -0.0017284252378357 0.0016730125748159 -0.0015734378596918 0.0014695419848879 -0.0013804786353691
-0.00055340317900995 0.00080892475689941 -0.0008598080902458 0.0012292871484161 -0.0014504818124791 0.0015639388497897 -0.0015734378596918 0.001531672735658 -0.0014613736037368 0.0013933085953249
0.00054134432024131 -0.0006885280066734 0.00071536717487008 -0.001070535068746 0.0012914996424266 -0.0014247381063419 0.0014695419848879 -0.0014613736037368 0.0014222160550406 -0.0013757045272604
-0.00053034661962714 0.00060549986116552 -0.00061581484765803 0.00094896696081656 -0.0011753642595127 0.0013163391743841 -0.0013804786353691 0.0013933085953249 -0.0013757045272604 0.0013474785136191
