0.0017965876987758 0.0013667580261023 0.0011606606413806 0.00095510872832923 0.00079324470111067 0.00069825512751526 0.00065516511400197 0.00063005737025387 0.00061052879428494 0.00059663415645142
0.0013667580261023 0.00079571276216561 0.00069533068446466 0.00053571885828398 0.0004778069259657 0.00044120312077178 0.00042718971862464 0.00041680297025597 0.00040494507122635 0.00039536276946551
0.0011606606413806 0.00069533068446466 0.0005880555366369 0.00051142567874591 0.00042127797268476 0.0003699653853401 0.00034074718507038 0.00032556526772313 0.00031486643704674 0.00030879439774604
0.00095510872832923 0.00053571885828398 0.00051142567874591 0.00043015030610662 0.00035547727345671 0.00030862853773332 0.00028605084763988 0.00027453813431495 0.00026694959549633 0.00026208874408343
0.00079324470111067 0.0004778069259657 0.00042127797268476 0.00035547727345671 0.00029472544611927 0.00025517956176121 0.00023545263830931 0.00022518583299511 0.00021941123329595 0.0002163329590746
0.00069825512751526 0.00044120312077178 0.0003699653853401 0.00030862853773332 0.00025517956176121 0.00022079568967045 0.00020462947943606 0.00019580483495716 0.00019080697540681 0.00018830907735649
0.00065516511400197 0.00042718971862464 0.00034074718507038 0.00028605084763988 0.00023545263830931 0.00020462947943606 0.00019083492761352 0.00018366544158904 0.0001797560043529 0.00017810768575459
0.00063005737025387 0.00041680297025597 0.00032556526772313 0.00027453813431495 0.00022518583299511 0.00019580483495716 0.00018366544158904 0.00017830253612167 0.00017591479020848 0.00017564866939764
0.00061052879428494 0.00040494507122635 0.00031486643704674 0.00026694959549633 0.00021941123329595 0.00019080697540681 0.0001797560043529 0.00017591479020848 0.00017491652751156 0.00017596292035682
0.00059663415645142 0.00039536276946551 0.00030879439774604 0.00026208874408343 0.0002163329590746 0.00018830907735649 0.00017810768575459 0.00017564866939764 0.00017596292035682 0.00017824207207592
