0.015225563971632 -0.0020215846280277 0.00099938340416798 -0.00099675309055927 0.00070548630606622 -0.00056911789706857 0.0004629171312137 -0.00038696128296197 0.00031203993574075 -0.00025166242657463
-0.0020215846280277 0.0082919689933024 -0.0030021832278924 0.0019864212762961 -0.0015012516801498 0.0012225079394779 -0.0010327403616968 0.00090481732528849 -0.00080140296668933 0.00071634249773201
0.00099938340416798 -0.0030021832278924 0.0050721043274673 -0.0032002455660313 0.002378367238637 -0.0018972276024127 0.0015876530466776 -0.0013668382297031 0.0012049057443281 -0.0010772750104091
-0.00099675309055927 0.0019864212762961 -0.0032002455660313 0.0036300803452638 -0.0029337845561994 0.0024630899813314 -0.0021159636316183 0.0018531123634186 -0.0016528915803407 0.0014912665839295
0.00070548630606622 -0.0015012516801498 0.002378367238637 -0.0029337845561994 0.0029085025656029 -0.0025879701690662 0.0023018854841962 -0.0020605676963832 0.0018640190711748 -0.0016999315833321
-0.00056911789706857 0.0012225079394779 -0.0018972276024127 0.0024630899813314 -0.0025879701690662 0.002490435572884 -0.0023074375637524 0.0021234720162561 -0.0019578869403152 0.0018112501773581
0.0004629171312137 -0.0010327403616968 0.0015876530466776 -0.0021159636316183 0.0023018854841962 -0.0023074375637524 0.0022288946445656 -0.0021085667991803 0.0019839328589496 -0.0018643167761681
-0.00038696128296197 0.00090481732528849 -0.0013668382297031 0.0018531123634186 -0.0020605676963832 0.0021234720162561 -0.0021085667991803 0.0020443963940482 -0.0019594930201934 0.0018683879318955
0.00031203993574075 -0.00080140296668933 0.0012049057443281 -0.0016528915803407 0.0018640190711748 -0.0019578869403152 0.0019839328589496 -0.0019594930201934 0.0019085207186035 -0.0018437219807619
-0.00025166242657463 0.00071634249773201 -0.0010772750104091 0.0014912665839295 -0.0016999315833321 0.0018112501773581 -0.0018643167761681 0.0018683879318955 -0.0018437219807619 0.0018015862706525
