0.0057174134309509 0.0041522389864162 0.0043467778472335 0.0046228683754734 0.0048937632962847 0.0051422198098709 0.0053640472553129 0.0055589175726968 0.0057277666252683 0.0058715826244346 0.0059916926211484 0.0060895548978321 0.0061665484527418 0.006223918422739 0.0062625936291193 0.0062844931557478 0.0062900961223262 0.0062804590992321 0.0062567338016558 0.0062201439625883
0.0041522389864162 0.0030291433144777 0.0031819898211852 0.003394607686098 0.0036039704255578 0.0037974204618312 0.0039717928380072 0.0041267314443744 0.0042628248544217 0.0043806927977694 0.004481213812878 0.0045653456207516 0.004634097090581 0.0046882742223302 0.0047285312920083 0.0047562162274439 0.0047716193536066 0.004775478206715 0.0047686539448287 0.0047519915841021
0.0043467778472335 0.0031819898211852 0.0033517639786549 0.0035847771910081 0.003814998666421 0.0040290431047076 0.0042234801364095 0.0043978241088716 0.0045526002915846 0.0046883564821474 0.0048059339132766 0.0049062685966121 0.0049903707117159 0.0050590116696339 0.0051128324494934 0.0051532216716453 0.0051804148617339 0.005195164747378 0.0051983455763305 0.0051908237644633
0.0046228683754734 0.003394607686098 0.0035847771910081 0.0038430019507645 0.0040989805040233 0.0043383370120576 0.0045572981666005 0.0047552271352007 0.0049325865239002 0.0050898486946202 0.0052278322881336 0.0053474528280941 0.0054497370095264 0.0055354266938339 0.0056051489202344 0.0056603623137129 0.0057012381187315 0.0057285563548775 0.0057432072191475 0.0057460908234296
0.0048937632962847 0.0036039704255578 0.003814998666421 0.0040989805040233 0.0043814177692419 0.0046469273980264 0.0048913942144477 0.0051140126632694 0.0053151691071875 0.0054952466166719 0.00565503167216 0.0057954070334059 0.0059174039772636 0.0060217248874325 0.0061089713747885 0.0061806676118108 0.0062369077567346 0.0062784944778391 0.0063063230344089 0.0063213189678533
0.0051422198098709 0.0037974204618312 0.0040290431047076 0.0043383370120576 0.0046469273980264 0.0049385048326485 0.005208595110817 0.0054562212595785 0.0056816798267528 0.0058852477211952 0.0060676676354364 0.0062297731823462 0.0063725855278585 0.0064967545006642 0.0066028419120765 0.0066924293956584 0.0067655196975198 0.0068229288728107 0.0068655456645041 0.0068943084342549
0.0053640472553129 0.0039717928380072 0.0042234801364095 0.0045572981666005 0.0048913942144477 0.005208595110817 0.0055040921010894 0.0057767218618139 0.006026679692211 0.0062541211481025 0.0064597324790802 0.0066442813703863 0.0068087645650681 0.0069537666905997 0.0070797954028579 0.0071884822758614 0.0072797218598352 0.0073543369700279 0.0074131974638275 0.0074572413569997
0.0055589175726968 0.0041267314443744 0.0043978241088716 0.0047552271352007 0.0051140126632694 0.0054562212595785 0.0057767218618139 0.0060741662972068 0.0063486288865062 0.0066001347316456 0.0068293018144845 0.0070368187612021 0.0072236423749127 0.0073902804653814 0.0075371738465885 0.0076659919089941 0.0077765112177144 0.007869552040788 0.007945953272147 0.0080066404718898
0.0057277666252683 0.0042628248544217 0.0045526002915846 0.0049325865239002 0.0053151691071875 0.0056816798267528 0.006026679692211 0.0063486288865062 0.0066474833379451 0.006923111774281 0.0071760624900212 0.0074069283554234 0.0076166117586308 0.007805536873528 0.0079740676236363 0.0081238926798558 0.0082546693580148 0.0083672010793032 0.0084622884972258 0.0085408322016887
0.0058715826244346 0.0043806927977694 0.0046883564821474 0.0050898486946202 0.0054952466166719 0.0058852477211952 0.0062541211481025 0.0066001347316456 0.006923111774281 0.0072227879738739 0.0074995827447002 0.0077540179132323 0.0079869171297483 0.0081986118986314 0.0083893893399857 0.0085609358506428 0.0087127806962377 0.0088457051931815 0.0089604689591908 0.0090579325461803
0.0059916926211484 0.004481213812878 0.0048059339132766 0.0052278322881336 0.00565503167216 0.0060676676354364 0.0064597324790802 0.0068293018144845 0.0071760624900212 0.0074995827447002 0.0078002374739182 0.0080783374232553 0.0083347059228448 0.0085695512820249 0.0087830682127446 0.0089769248256557 0.0091505341705468 0.0093046404662283 0.0094399402517056 0.0095572511269333
0.0060895548978321 0.0045653456207516 0.0049062685966121 0.0053474528280941 0.0057954070334059 0.0062297731823462 0.0066442813703863 0.0070368187612021 0.0074069283554234 0.0077540179132323 0.0080783374232553 0.0083801658021471 0.0086601161460481 0.0089183565423467 0.0091549703392842 0.0093715950098129 0.0095675211665149 0.0097434451819017 0.0099000021929865 0.010037952915167
0.0061665484527418 0.004634097090581 0.0049903707117159 0.0054497370095264 0.0059174039772636 0.0063725855278585 0.0068087645650681 0.0072236423749127 0.0076166117586308 0.0079869171297483 0.0083347059228448 0.0086601161460481 0.008963706130444 0.0092454801116755 0.0095054412177281 0.0097451610274829 0.00996383451846 0.010162091823051 0.010340491268949 0.01049973686739
0.006223918422739 0.0046882742223302 0.0050590116696339 0.0055354266938339 0.0060217248874325 0.0064967545006642 0.0069537666905997 0.0073902804653814 0.007805536873528 0.0081986118986314 0.0085695512820249 0.0089183565423467 0.0092454801116755 0.0095508186771347 0.0098342411999633 0.01009727024198 0.010338995703807 0.010559981336839 0.010760687653286 0.010941761035291
0.0062625936291193 0.0047285312920083 0.0051128324494934 0.0056051489202344 0.0061089713747885 0.0066028419120765 0.0070797954028579 0.0075371738465885 0.0079740676236363 0.0083893893399857 0.0087830682127446 0.0091549703392842 0.0095054412177281 0.0098342411999633 0.010141220929002 0.010427609282986 0.010692578948895 0.010936551621174 0.01115992145518 0.011363253878148
0.0062844931557478 0.0047562162274439 0.0051532216716453 0.0056603623137129 0.0061806676118108 0.0066924293956584 0.0071884822758614 0.0076659919089941 0.0081238926798558 0.0085609358506428 0.0089769248256557 0.0093715950098129 0.0097451610274829 0.01009727024198 0.010427609282986 0.01073749936472 0.011025801132436 0.011292943137729 0.011539238112631 0.01176515864708
0.0062900961223262 0.0047716193536066 0.0051804148617339 0.0057012381187315 0.0062369077567346 0.0067655196975198 0.0072797218598352 0.0077765112177144 0.0082546693580148 0.0087127806962377 0.0091505341705468 0.0095675211665149 0.00996383451846 0.010338995703807 0.010692578948895 0.011025801132436 0.011337443814311 0.011627824347974 0.011897171221653 0.01214587232623
0.0062804590992321 0.004775478206715 0.005195164747378 0.0057285563548775 0.0062784944778391 0.0068229288728107 0.0073543369700279 0.007869552040788 0.0083672010793032 0.0088457051931815 0.0093046404662283 0.0097434451819017 0.010162091823051 0.010559981336839 0.010936551621174 0.011292943137729 0.011627824347974 0.011941452969491 0.012233897090342 0.012505494415876
0.0062567338016558 0.0047686539448287 0.0051983455763305 0.0057432072191475 0.0063063230344089 0.0068655456645041 0.0074131974638275 0.007945953272147 0.0084622884972258 0.0089604689591908 0.0094399402517056 0.0099000021929865 0.010340491268949 0.010760687653286 0.01115992145518 0.011539238112631 0.011897171221653 0.012233897090342 0.012549454225511 0.012843966551967
0.0062201439625883 0.0047519915841021 0.0051908237644633 0.0057460908234296 0.0063213189678533 0.0068943084342549 0.0074572413569997 0.0080066404718898 0.0085408322016887 0.0090579325461803 0.0095572511269333 0.010037952915167 0.01049973686739 0.010941761035291 0.011363253878148 0.01176515864708 0.01214587232623 0.012505494415876 0.012843966551967 0.01316138078904
