0.00038786346982952 0.00031572057078599 0.00027028994139183 0.00021237858051749 0.00018777960479734 0.00017327432936573 0.00016305889942539 0.0001544518809938 0.00014812733576819 0.00014271030194903
0.00031572057078599 0.00026175300960698 0.00022615356889081 0.00018024566302033 0.00015833668970102 0.00014381177041682 0.00013451494361038 0.00012745222701803 0.00012216598236792 0.00011765142817066
0.00027028994139183 0.00022615356889081 0.00018325331594771 0.00014908055726154 0.00013151661357543 0.0001218531633884 0.00011543417741243 0.00011044464286111 0.00010628549637761 0.00010252303411122
0.00021237858051749 0.00018024566302033 0.00014908055726154 0.00012286661706325 0.00010837590363757 9.9641631086569e-05 9.4737255198401e-05 9.0711529743152e-05 8.7223965358949e-05 8.4149554254955e-05
0.00018777960479734 0.00015833668970102 0.00013151661357543 0.00010837590363757 9.7769276236197e-05 9.0104408845263e-05 8.5878426728982e-05 8.2332382829931e-05 7.9549458993921e-05 7.7106700682396e-05
0.00017327432936573 0.00014381177041682 0.0001218531633884 9.9641631086569e-05 9.0104408845263e-05 8.3648127684553e-05 7.9906652342887e-05 7.666986827782e-05 7.4232034321849e-05 7.2112315624611e-05
0.00016305889942539 0.00013451494361038 0.00011543417741243 9.4737255198401e-05 8.5878426728982e-05 7.9906652342887e-05 7.6517291760244e-05 7.3459708300252e-05 7.1218760266243e-05 6.9262260790853e-05
0.0001544518809938 0.00012745222701803 0.00011044464286111 9.0711529743152e-05 8.2332382829931e-05 7.666986827782e-05 7.3459708300252e-05 7.0540261466392e-05 6.8440148176004e-05 6.6609449086982e-05
0.00014812733576819 0.00012216598236792 0.00010628549637761 8.7223965358949e-05 7.9549458993921e-05 7.4232034321849e-05 7.1218760266243e-05 6.8440148176004e-05 6.6467207156442e-05 6.4745649473194e-05
0.00014271030194903 0.00011765142817066 0.00010252303411122 8.4149554254955e-05 7.7106700682396e-05 7.2112315624611e-05 6.9262260790853e-05 6.6609449086982e-05 6.4745649473194e-05 6.3119481530574e-05
