0 -2.8801251171151 0.19844830773439 -2.9880244955556 0.059007720292973 3.1319378271719 -0.081078374559771 3.0015794570075 -0.20225405119296 2.8737780917995
2.8801251171151 0 -3.1139987513422 0.018228626228958 -3.1347908229289 0.076185129263776 -3.0030896860414 0.21538726752186 -2.8585753051037 0.33926478892928
-0.19844830773439 3.1139987513422 0 3.1110702875789 -0.035154237584639 3.1381449018063 0.031268019473954 -3.0758409318814 0.093592465134599 -3.0277674789656
2.9880244955556 -0.018228626228958 -3.1110702875789 0 3.1295977846474 0.0058300587759195 -3.1155081583373 0.047252905318724 -3.0776828085575 0.075835364729429
-0.059007720292973 3.1347908229289 0.035154237584639 -3.1295977846474 0 -3.1322075950996 0.023140360546632 -3.1022065209929 0.053422657431546 -3.0768856912011
-3.1319378271719 -0.076185129263776 -3.1381449018063 -0.0058300587759195 3.1322075950996 0 -3.1270374705051 0.031240776438391 -3.0951958081463 0.059534161893598
0.081078374559771 3.0030896860414 -0.031268019473954 3.1155081583373 -0.023140360546632 3.1270374705051 0 -3.1247893562879 0.03234854660003 -3.09550614439
-3.0015794570075 -0.21538726752186 3.0758409318814 -0.047252905318724 3.1022065209929 -0.031240776438391 3.1247893562879 0 -3.1257709555041 0.029931630900506
0.20225405119296 2.8585753051037 -0.093592465134599 3.0776828085575 -0.053422657431546 3.0951958081463 -0.03234854660003 3.1257709555041 0 -3.1273476588737
-2.8737780917995 -0.33926478892928 3.0277674789656 -0.075835364729429 3.0768856912011 -0.059534161893598 3.09550614439 -0.029931630900506 3.1273476588737 0
