0.00024652856492598 0.00022560362635726 0.00018893622955884 0.00015698829338593 0.0001354030055305 0.00011373424917766 0.00010095608604456 9.3503937242997e-05 8.8218572680871e-05 8.3955381837273e-05
0.00022560362635726 0.00020444652010124 0.00017460551286909 0.00014492363089886 0.00012254448545272 0.00010400362389146 9.0962532973012e-05 8.3339430752167e-05 7.8120390435736e-05 7.4379283440398e-05
0.00018893622955884 0.00017460551286909 0.00015033010630571 0.00011970623092366 0.00010448685549515 8.6824733835306e-05 7.7580505813936e-05 7.1269664148469e-05 6.7272712203417e-05 6.4248458620254e-05
0.00015698829338593 0.00014492363089886 0.00011970623092366 9.4403877765788e-05 8.3873049934229e-05 7.1186319892743e-05 6.3226480936726e-05 5.8114487722867e-05 5.4326308087155e-05 5.1735766581449e-05
0.0001354030055305 0.00012254448545272 0.00010448685549515 8.3873049934229e-05 7.0987891952726e-05 6.0739111331646e-05 5.3579914326438e-05 4.8782792962798e-05 4.5545537443006e-05 4.3355444330654e-05
0.00011373424917766 0.00010400362389146 8.6824733835306e-05 7.1186319892743e-05 6.0739111331646e-05 5.1494468313133e-05 4.5723528838966e-05 4.2140268421597e-05 3.9571139418233e-05 3.7596978519002e-05
0.00010095608604456 9.0962532973012e-05 7.7580505813936e-05 6.3226480936726e-05 5.3579914326438e-05 4.5723528838966e-05 4.0635233743653e-05 3.7543202101914e-05 3.5286736072528e-05 3.3539268391759e-05
9.3503937242997e-05 8.3339430752167e-05 7.1269664148469e-05 5.8114487722867e-05 4.8782792962798e-05 4.2140268421597e-05 3.7543202101914e-05 3.5036643948239e-05 3.3040451291195e-05 3.1440033139851e-05
8.8218572680871e-05 7.8120390435736e-05 6.7272712203417e-05 5.4326308087155e-05 4.5545537443006e-05 3.9571139418233e-05 3.5286736072528e-05 3.3040451291195e-05 3.1148042535217e-05 2.9670216226963e-05
8.3955381837273e-05 7.4379283440398e-05 6.4248458620254e-05 5.1735766581449e-05 4.3355444330654e-05 3.7596978519002e-05 3.3539268391759e-05 3.1440033139851e-05 2.9670216226963e-05 2.8306664632542e-05
