0.038860456575398 0.021821985523561 0.019197688457683 0.017718275947038 0.016605694201909 0.01565339831565 0.01478681960902 0.013973118703353 0.013197132735704 0.01245485621657
0.021821985523561 0.013669562556523 0.012835375270811 0.012401643308759 0.012018985687112 0.01161634302025 0.011182008742505 0.010719110215958 0.010235601801918 0.0097421047532286
0.019197688457683 0.012835375270811 0.012576492724128 0.012541500002187 0.012449702403404 0.012257333436613 0.011970741015147 0.011607131939661 0.011185884498724 0.010726873228241
0.017718275947038 0.012401643308759 0.012541500002187 0.012816949872818 0.012971068102954 0.012968898922777 0.012824836479586 0.012564001171944 0.0122132467245 0.01179911599085
0.016605694201909 0.012018985687112 0.012449702403404 0.012971068102954 0.01333495737636 0.013506609761627 0.013502363882022 0.013350706635721 0.013082566870107 0.012728643113229
0.01565339831565 0.01161634302025 0.012257333436613 0.012968898922777 0.013506609761627 0.013832106588562 0.013959993617069 0.013918851308813 0.013740948488582 0.013458934761884
0.01478681960902 0.011182008742505 0.011970741015147 0.012824836479586 0.013502363882022 0.013959993617069 0.01420861845389 0.014274750329221 0.014189978656651 0.01398712502004
0.013973118703353 0.010719110215958 0.011607131939661 0.012564001171944 0.013350706635721 0.013918851308813 0.014274750329221 0.014441592963097 0.014448923736315 0.014328424317065
0.013197132735704 0.010235601801918 0.011185884498724 0.0122132467245 0.013082566870107 0.013740948488582 0.014189978656651 0.014448923736315 0.014544472096378 0.014506270685881
0.01245485621657 0.0097421047532286 0.010726873228241 0.01179911599085 0.012728643113229 0.013458934761884 0.01398712502004 0.014328424317065 0.014506270685881 0.014547746894891
