0.020615813518796 -0.0043351364863783 0.0029097969042716 -0.0022455516805997 0.001864450187438 -0.001565398957327 0.0013139518785171 -0.0011221751082059 0.00096870389354071 -0.00083993517508766
-0.0043351364863783 0.0092428735992281 -0.0047434441234512 0.0032872117050693 -0.0024730225853492 0.0019486665065572 -0.0015840203219243 0.0013160469683102 -0.001111086953174 0.00094985620262481
0.0029097969042716 -0.0047434441234512 0.0061501733754205 -0.0045930876154824 0.0036387380475023 -0.0029771466112843 0.0024901228543796 -0.0021246115270873 0.0018398906765768 -0.0016126247973789
-0.0022455516805997 0.0032872117050693 -0.0045930876154824 0.0045578975496857 -0.0039164939566972 0.0033794145471632 -0.0029263937682498 0.0025623999589912 -0.002264262244192 0.0020184079008764
0.001864450187438 -0.0024730225853492 0.0036387380475023 -0.0039164939566972 0.0037486849202131 -0.003424272677464 0.0030804617577349 -0.0027717058216891 0.0025009471790722 -0.0022671049295422
-0.001565398957327 0.0019486665065572 -0.0029771466112843 0.0033794145471632 -0.003424272677464 0.0033010254808372 -0.0030786513862071 0.0028453938322953 -0.0026218539774494 0.0024176501884104
0.0013139518785171 -0.0015840203219243 0.0024901228543796 -0.0029263937682498 0.0030804617577349 -0.0030786513862071 0.0029622541506109 -0.0028048186085297 0.0026349478205034 -0.0024686044709475
-0.0011221751082059 0.0013160469683102 -0.0021246115270873 0.0025623999589912 -0.0027717058216891 0.0028453938322953 -0.0028048186085297 0.0027118368575256 -0.0025922926618879 0.0024643152642148
0.00096870389354071 -0.001111086953174 0.0018398906765768 -0.002264262244192 0.0025009471790722 -0.0026218539774494 0.0026349478205034 -0.0025922926618879 0.0025162258474361 -0.0024236322867179
-0.00083993517508766 0.00094985620262481 -0.0016126247973789 0.0020184079008764 -0.0022671049295422 0.0024176501884104 -0.0024686044709475 0.0024643152642148 -0.0024236322867179 0.0023615658885976
