3.1415926535898 -0.021079657895328 3.1035287431962 -0.052247709653957 3.0782332305184 -0.071737402340884 3.0634116675694 -0.083249948221199 3.0542172990113 -0.090982822830954
0.021079657895328 3.1415926535898 -0.015717486586844 3.113667620926 -0.036755843345926 3.0987822393205 -0.046865309209304 3.0921040590768 -0.051083103875132 3.0895498911616
-3.1035287431962 0.015717486586844 3.1415926535898 -0.011556816733631 3.1221929146681 -0.024334921227197 3.1144133533204 -0.028532806816961 3.1127904065505 -0.02837415666269
0.052247709653957 -3.113667620926 0.011556816733631 3.1415926535898 -0.0074664146502012 3.1297455207899 -0.014029775719009 3.1269323281452 -0.014163659275156 3.12866323902
-3.0782332305184 0.036755843345926 -3.1221929146681 0.0074664146502012 3.1415926535898 -0.0041889838917416 3.1355240564058 -0.0063349071601382 3.1361565784456 -0.0037690517333994
0.071737402340884 -3.0987822393205 0.024334921227197 -3.1297455207899 0.0041889838917416 3.1415926535898 -0.001770495764918 3.1397226948057 -0.00077221589305725 -3.1404769939455
-3.0634116675694 0.046865309209304 -3.1144133533204 0.014029775719009 -3.1355240564058 0.001770495764918 3.1415926535898 -4.3424238094891e-05 -3.1404539550849 0.0031263713807614
0.083249948221199 -3.0921040590768 0.028532806816961 -3.1269323281452 0.0063349071601382 -3.1397226948057 4.3424238094891e-05 3.1415926535898 0.0012084620299686 -3.1383594362852
-3.0542172990113 0.051083103875132 -3.1127904065505 0.014163659275156 -3.1361565784456 0.00077221589305725 3.1404539550849 -0.0012084620299686 3.1415926535898 0.0020328899102251
0.090982822830954 -3.0895498911616 0.02837415666269 -3.12866323902 0.0037690517333994 3.1404769939455 -0.0031263713807614 3.1383594362852 -0.0020328899102251 3.1415926535898
