0.00037746645579719 0.00031946148163206 0.00026183177515588 0.00021019521521594 0.00018501970067231 0.00016981482700397 0.0001597846435446 0.00015179080259237 0.00014563306113936 0.00014100712950654
0.00031946148163206 0.00026736335555851 0.00022360946324284 0.00018315414855569 0.0001604038978139 0.00014787951647155 0.00013924566510027 0.00013166790160496 0.00012575361340525 0.00012103162627707
0.00026183177515588 0.00022360946324284 0.00016995634141186 0.00014871507847057 0.00013238830119412 0.00012420755289531 0.00011838761518584 0.00011346374578666 0.00010912549450899 0.00010546904277413
0.00021019521521594 0.00018315414855569 0.00014871507847057 0.00012852480914832 0.00011437076190813 0.00010711853357738 0.00010225226394955 9.7851039880798e-05 9.3892323562788e-05 9.0611671285641e-05
0.00018501970067231 0.0001604038978139 0.00013238830119412 0.00011437076190813 0.00010245762422693 9.6797739504693e-05 9.2258214092492e-05 8.8166066814407e-05 8.4418728686831e-05 8.1404121878325e-05
0.00016981482700397 0.00014787951647155 0.00012420755289531 0.00010711853357738 9.6797739504693e-05 9.0615051941527e-05 8.5887168988629e-05 8.1797948905002e-05 7.8217918218619e-05 7.5449395396889e-05
0.0001597846435446 0.00013924566510027 0.00011838761518584 0.00010225226394955 9.2258214092492e-05 8.5887168988629e-05 8.0954365323008e-05 7.6933900857234e-05 7.3561347996801e-05 7.1019888665261e-05
0.00015179080259237 0.00013166790160496 0.00011346374578666 9.7851039880798e-05 8.8166066814407e-05 8.1797948905002e-05 7.6933900857234e-05 7.310331128031e-05 6.9975479814768e-05 6.7659437007931e-05
0.00014563306113936 0.00012575361340525 0.00010912549450899 9.3892323562788e-05 8.4418728686831e-05 7.8217918218619e-05 7.3561347996801e-05 6.9975479814768e-05 6.7108034840212e-05 6.5016788902398e-05
0.00014100712950654 0.00012103162627707 0.00010546904277413 9.0611671285641e-05 8.1404121878325e-05 7.5449395396889e-05 7.1019888665261e-05 6.7659437007931e-05 6.5016788902398e-05 6.3110415405552e-05
