0.00031675293913845 0.00028628258366474 0.00025908771175695 0.00021084161166006 0.00017211960000501 0.00014837086085293 0.00013475872828901 0.00012638123519637 0.0001209050990116 0.00011667574276363
0.00028628258366474 0.00025861027402986 0.00023237303208666 0.00018546582961838 0.0001521963763359 0.00013027008301697 0.0001180046908529 0.0001105585888777 0.00010485120017673 0.00010047281044044
0.00025908771175695 0.00023237303208666 0.00021598237398271 0.00017413713721716 0.00014250168032513 0.00012209324138213 0.0001114376246103 0.00010424243150383 0.00010010665873929 9.6773340653054e-05
0.00021084161166006 0.00018546582961838 0.00017413713721716 0.00014428601680368 0.00011919047288063 0.00010216907370259 9.3606721603526e-05 8.6748398864899e-05 8.2384135131042e-05 7.8904948092607e-05
0.00017211960000501 0.0001521963763359 0.00014250168032513 0.00011919047288063 9.966610694577e-05 8.6125555669422e-05 7.747755940368e-05 7.1997176514128e-05 6.8509567740284e-05 6.6079520306691e-05
0.00014837086085293 0.00013027008301697 0.00012209324138213 0.00010216907370259 8.6125555669422e-05 7.530962695521e-05 6.8965944121674e-05 6.4283993535337e-05 6.1325136441506e-05 5.9239839988541e-05
0.00013475872828901 0.0001180046908529 0.0001114376246103 9.3606721603526e-05 7.747755940368e-05 6.8965944121674e-05 6.3763809500377e-05 5.9699947683854e-05 5.7180359233217e-05 5.5203532077519e-05
0.00012638123519637 0.0001105585888777 0.00010424243150383 8.6748398864899e-05 7.1997176514128e-05 6.4283993535337e-05 5.9699947683854e-05 5.5889432692598e-05 5.3590437232872e-05 5.1723995250235e-05
0.0001209050990116 0.00010485120017673 0.00010010665873929 8.2384135131042e-05 6.8509567740284e-05 6.1325136441506e-05 5.7180359233217e-05 5.3590437232872e-05 5.1543414901624e-05 4.9834243907935e-05
0.00011667574276363 0.00010047281044044 9.6773340653054e-05 7.8904948092607e-05 6.6079520306691e-05 5.9239839988541e-05 5.5203532077519e-05 5.1723995250235e-05 4.9834243907935e-05 4.822861214444e-05
