0.10131796261233 4.4964218463194e-06 5.3873726289687e-06 6.6510687619858e-06 7.3662368616843e-06 8.6315860350611e-06 9.0300876172141e-06 9.7538829191382e-06 1.0078101577758e-05 1.0731887927235e-05 1.1393285501554e-05 1.2261600442333e-05 1.3007744398609e-05 1.3369801138122e-05 1.336071119367e-05 1.3229065149914e-05 1.3884948031014e-05 1.5146883305295e-05 1.6369636291031e-05 1.641686540575e-05
4.4964218463194e-06 0.0072781492234014 0.0029061800372444 0.0016516684178572 0.00088280864175248 0.0012131566773959 0.0010214882671979 0.00093245003643923 0.00092515647090389 0.00086909920731785 0.00079521421411936 0.00074950454332627 0.00070837847149455 0.00067556612586218 0.00064384885933098 0.00061100141034585 0.0005820031104858 0.00055486050498426 0.00053109173609095 0.00050768455478347
5.3873726289687e-06 0.0029061800372444 0.0079769052684005 0.0026683468188817 0.0018678017614873 0.0018826989952801 0.001498857468778 0.0011857762484833 0.00098691749005562 0.0008980943077007 0.00080558310789094 0.00074794455843228 0.00069125964414501 0.00064973459830562 0.0005988108594963 0.00056068320988507 0.0005288413795888 0.00050333101504892 0.00047907760969662 0.00045888208124786
6.6510687619858e-06 0.0016516684178572 0.0026683468188817 0.0079338018140447 0.002828260801504 0.0021751642915061 0.0016045310822827 0.0014605184543319 0.0012326517474171 0.0011091549945779 0.00093854667674813 0.00080898851713942 0.00068251426057302 0.00059245236556062 0.00052195978776778 0.00045891414884592 0.00041446023325887 0.00037412592564242 0.00034739676889521 0.00031778466483341
7.3662368616843e-06 0.00088280864175248 0.0018678017614873 0.002828260801504 0.0053638665454391 0.0026838077482741 0.0018624276223077 0.0015580671165757 0.001361220874917 0.001186361967202 0.0010148570262234 0.0008512406771774 0.00071632765094404 0.00061509428356044 0.00052584696827055 0.00045442638292663 0.00039033857978991 0.00034129020475756 0.00029602660141417 0.00026172657170671
8.6315860350611e-06 0.0012131566773959 0.0018826989952801 0.0021751642915061 0.0026838077482741 0.0041511235394493 0.002815272025746 0.0022910448811269 0.0019444316833982 0.0016819859244891 0.0014391850502836 0.001250601048216 0.0010830613627846 0.00095813715173351 0.00085632041318898 0.00077043914990618 0.00070001775119664 0.00063726052396514 0.00058794522379738 0.00054219745625212
9.0300876172141e-06 0.0010214882671979 0.001498857468778 0.0016045310822827 0.0018624276223077 0.002815272025746 0.0031953628540472 0.0026981270049616 0.002335719013531 0.0020696011669792 0.0018418033042336 0.0016448627085021 0.0014824346572039 0.0013550089443098 0.0012434253783354 0.0011484978099591 0.001065968419328 0.0009953921086839 0.00093363721911473 0.00087980986903176
9.7538829191382e-06 0.00093245003643923 0.0011857762484833 0.0014605184543319 0.0015580671165757 0.0022910448811269 0.0026981270049616 0.002866534723148 0.0025984516389889 0.0023667806715885 0.0021447844439692 0.0019580680125991 0.0017935576080177 0.0016610498932889 0.0015420605669971 0.0014383658086524 0.0013480878948125 0.0012678228577696 0.001198080667796 0.0011344220272719
1.0078101577758e-05 0.00092515647090389 0.00098691749005562 0.0012326517474171 0.001361220874917 0.0019444316833982 0.002335719013531 0.0025984516389889 0.0026189557382212 0.0024768116955143 0.0022967797412995 0.0021294177971251 0.0019759165417354 0.0018460020034584 0.0017248991747336 0.0016170028070699 0.0015211635787521 0.0014353797719445 0.0013589999426237 0.0012895730199572
1.0731887927235e-05 0.00086909920731785 0.0008980943077007 0.0011091549945779 0.001186361967202 0.0016819859244891 0.0020696011669792 0.0023667806715885 0.0024768116955143 0.0024801499669938 0.0023604993935795 0.0022285345058738 0.0020948645963377 0.0019768524181178 0.0018612299757771 0.0017555056520503 0.0016598091233689 0.0015724321934887 0.0014938033332476 0.0014214347374856
1.1393285501554e-05 0.00079521421411936 0.00080558310789094 0.00093854667674813 0.0010148570262234 0.0014391850502836 0.0018418033042336 0.0021447844439692 0.0022967797412995 0.0023604993935795 0.0023140909760579 0.0022241154695277 0.0021196749841127 0.0020208368745724 0.0019186215383401 0.0018220258074341 0.0017324010506646 0.0016489250917374 0.0015722723626919 0.0015010787102676
1.2261600442333e-05 0.00074950454332627 0.00074794455843228 0.00080898851713942 0.0008512406771774 0.001250601048216 0.0016448627085021 0.0019580680125991 0.0021294177971251 0.0022285345058738 0.0022241154695277 0.0021775613577598 0.0021039047121895 0.0020270424136837 0.0019414143546572 0.001857685796403 0.0017778891619792 0.0017017075196971 0.0016305119948953 0.0015633620911302
1.3007744398609e-05 0.00070837847149455 0.00069125964414501 0.00068251426057302 0.00071632765094404 0.0010830613627846 0.0014824346572039 0.0017935576080177 0.0019759165417354 0.0020948645963377 0.0021196749841127 0.0021039047121895 0.0020601860143431 0.0020056895254228 0.0019377882411154 0.0018681884438242 0.0017995346442561 0.0017321418974419 0.0016677078949692 0.0016059674366709
1.3369801138122e-05 0.00067556612586218 0.00064973459830562 0.00059245236556062 0.00061509428356044 0.00095813715173351 0.0013550089443098 0.0016610498932889 0.0018460020034584 0.0019768524181178 0.0020208368745724 0.0020270424136837 0.0020056895254228 0.0019710302803183 0.0019192995814134 0.0018628553387182 0.001804820501793 0.0017460186809862 0.0016884316838723 0.0016322440209461
1.336071119367e-05 0.00064384885933098 0.0005988108594963 0.00052195978776778 0.00052584696827055 0.00085632041318898 0.0012434253783354 0.0015420605669971 0.0017248991747336 0.0018612299757771 0.0019186215383401 0.0019414143546572 0.0019377882411154 0.0019192995814134 0.0018823369412979 0.0018383545297592 0.0017907266256928 0.001740528234959 0.0016900563900678 0.0016397714120611
1.3229065149914e-05 0.00061100141034585 0.00056068320988507 0.00045891414884592 0.00045442638292663 0.00077043914990618 0.0011484978099591 0.0014383658086524 0.0016170028070699 0.0017555056520503 0.0018220258074341 0.001857685796403 0.0018681884438242 0.0018628553387182 0.0018383545297592 0.0018055545770439 0.0017675395603401 0.0017255297756146 0.0016819856222735 0.0016375975874487
1.3884948031014e-05 0.0005820031104858 0.0005288413795888 0.00041446023325887 0.00039033857978991 0.00070001775119664 0.001065968419328 0.0013480878948125 0.0015211635787521 0.0016598091233689 0.0017324010506646 0.0017778891619792 0.0017995346442561 0.001804820501793 0.0017907266256928 0.0017675395603401 0.0017381756018445 0.0017037127047207 0.0016667366809004 0.0016280172162854
1.5146883305295e-05 0.00055486050498426 0.00050333101504892 0.00037412592564242 0.00034129020475756 0.00063726052396514 0.0009953921086839 0.0012678228577696 0.0014353797719445 0.0015724321934887 0.0016489250917374 0.0017017075196971 0.0017321418974419 0.0017460186809862 0.001740528234959 0.0017255297756146 0.0017037127047207 0.0016760813953433 0.001645142107542 0.0016117684254242
1.6369636291031e-05 0.00053109173609095 0.00047907760969662 0.00034739676889521 0.00029602660141417 0.00058794522379738 0.00093363721911473 0.001198080667796 0.0013589999426237 0.0014938033332476 0.0015722723626919 0.0016305119948953 0.0016677078949692 0.0016884316838723 0.0016900563900678 0.0016819856222735 0.0016667366809004 0.001645142107542 0.0016197150171735 0.001591267904508
1.641686540575e-05 0.00050768455478347 0.00045888208124786 0.00031778466483341 0.00026172657170671 0.00054219745625212 0.00087980986903176 0.0011344220272719 0.0012895730199572 0.0014214347374856 0.0015010787102676 0.0015633620911302 0.0016059674366709 0.0016322440209461 0.0016397714120611 0.0016375975874487 0.0016280172162854 0.0016117684254242 0.001591267904508 0.0015673494848066
