0.039300379544373 -0.01386102101939 0.010418983569118 -0.0085727370335271 0.007650742513761 -0.0064139436476466 0.0056540504141027 -0.0049489112004797 0.0043449052511218 -0.0038734891282704
-0.01386102101939 0.018544389449699 -0.007195190983071 0.0053889329359781 -0.0045722651029393 0.0038473385697534 -0.003427478504041 0.0030483972610767 -0.0027118743109811 0.0024405650042508
0.010418983569118 -0.007195190983071 0.011849461566654 -0.007842186773988 0.0062845052122845 -0.0049724365638018 0.0040446131210722 -0.0033204121665074 0.0027775052604393 -0.0023820895431824
-0.0085727370335271 0.0053889329359781 -0.007842186773988 0.0083202220375795 -0.0065986577989498 0.0051790676941782 -0.0041984854094306 0.0034621227744723 -0.0029298477323773 0.0025413448175186
0.007650742513761 -0.0045722651029393 0.0062845052122845 -0.0065986577989498 0.0062279511730165 -0.0052313620455244 0.0044306183207395 -0.0037714208985897 0.0032528258504026 -0.0028513442212583
-0.0064139436476466 0.0038473385697534 -0.0049724365638018 0.0051790676941782 -0.0052313620455244 0.0048147611626346 -0.0043296385275077 0.0038477744934149 -0.0034295627198869 0.0030779247591847
0.0056540504141027 -0.003427478504041 0.0040446131210722 -0.0041984854094306 0.0044306183207395 -0.0043296385275077 0.0041050826166018 -0.0037847874650668 0.0034660909405039 -0.0031732650445169
-0.0049489112004797 0.0030483972610767 -0.0033204121665074 0.0034621227744723 -0.0037714208985897 0.0038477744934149 -0.0037847874650668 0.0035946821522371 -0.0033670281222018 0.0031365749936877
0.0043449052511218 -0.0027118743109811 0.0027775052604393 -0.0029298477323773 0.0032528258504026 -0.0034295627198869 0.0034660909405039 -0.0033670281222018 0.0032150340002017 -0.0030429093867715
-0.0038734891282704 0.0024405650042508 -0.0023820895431824 0.0025413448175186 -0.0028513442212583 0.0030779247591847 -0.0031732650445169 0.0031365749936877 -0.0030429093867715 0.0029213154745855
