3.1415926535898 -3.1362863799605 0.031004377102985 3.0626574861524 -0.048462151678055 3.0896406925142 -0.047357848644843 3.0961998626932 -0.045072820016183 3.0970723069544
3.1362863799605 3.1415926535898 -0.031323677091303 3.0635898260494 -0.028375400227259 -3.0865896714122 0.075904615553371 -3.097887592294 0.04487883098581 -3.0952324556253
-0.031004377102985 0.031323677091303 3.1415926535898 -0.054431142878889 3.1166864406257 -0.032416308533117 3.0744636141044 -0.085940683924667 3.0376034832718 -0.11785340867934
-3.0626574861524 -3.0635898260494 0.054431142878889 3.1415926535898 -0.016571057564605 3.1240180324309 -0.010600817468618 3.1346448620254 -0.0047195123363302 3.1408701122637
0.048462151678055 0.028375400227259 -3.1166864406257 0.016571057564605 3.1415926535898 0.0012241317785192 -3.1364739249046 0.0056836214260872 -3.1388175536155 0.00080484814329416
-3.0896406925142 3.0865896714122 0.032416308533117 -3.1240180324309 -0.0012241317785192 3.1415926535898 0.0036582620342693 -3.1389864527122 0.00043425569963375 -3.1412070167452
0.047357848644843 -0.075904615553371 -3.0744636141044 0.010600817468618 3.1364739249046 -0.0036582620342693 3.1415926535898 -0.0016319751441774 3.1381637543516 -0.0030821705692826
-3.0961998626932 3.097887592294 0.085940683924667 -3.1346448620254 -0.0056836214260872 3.1389864527122 0.0016319751441774 3.1415926535898 -0.00099528895513755 3.1415379647654
0.045072820016183 -0.04487883098581 -3.0376034832718 0.0047195123363302 3.1388175536155 -0.00043425569963375 -3.1381637543516 0.00099528895513755 3.1415926535898 0.00074893580462665
-3.0970723069544 3.0952324556253 0.11785340867934 -3.1408701122637 -0.00080484814329416 3.1412070167452 0.0030821705692826 -3.1415379647654 -0.00074893580462665 3.1415926535898
