0.00089578727034269 0.00069119461958653 0.00060115095990775 0.00054549398439917 0.00051776014557537 0.00049507426107093 0.00047524129558642 0.00045824593966702 0.00044260315397838 0.00042864137770853
0.00069119461958653 0.00051432808470672 0.00044449156920465 0.00040296737282297 0.00038181297899893 0.00036276219464907 0.00034704525779116 0.00033449040532757 0.00032361985415161 0.00031451857524041
0.00060115095990775 0.00044449156920465 0.00037999947451413 0.00034556717993497 0.00032950621128002 0.00031526575517222 0.00030392159172132 0.00029516945782058 0.00028740932182887 0.00028043032218786
0.00054549398439917 0.00040296737282297 0.00034556717993497 0.00031480444932973 0.00030579015052307 0.00029599129595828 0.00028672984828487 0.00027915046962129 0.00027237223181686 0.00026647065797555
0.00051776014557537 0.00038181297899893 0.00032950621128002 0.00030579015052307 0.00029896309581163 0.00028983535615892 0.00028091417667404 0.00027304407124184 0.00026584294440899 0.00025956133510165
0.00049507426107093 0.00036276219464907 0.00031526575517222 0.00029599129595828 0.00028983535615892 0.00028167112008403 0.00027383686696985 0.00026683801635588 0.00026040283742047 0.00025474015717617
0.00047524129558642 0.00034704525779116 0.00030392159172132 0.00028672984828487 0.00028091417667404 0.00027383686696985 0.00026708059996552 0.00026115801311255 0.00025576967997408 0.00025098567005069
0.00045824593966702 0.00033449040532757 0.00029516945782058 0.00027915046962129 0.00027304407124184 0.00026683801635588 0.00026115801311255 0.00025638348193781 0.00025217322465625 0.00024841738882748
0.00044260315397838 0.00032361985415161 0.00028740932182887 0.00027237223181686 0.00026584294440899 0.00026040283742047 0.00025576967997408 0.00025217322465625 0.00024915433329906 0.00024650469556193
0.00042864137770853 0.00031451857524041 0.00028043032218786 0.00026647065797555 0.00025956133510165 0.00025474015717617 0.00025098567005069 0.00024841738882748 0.00024650469556193 0.00024483763123011
