-0.00044324288522259 -0.0012011136545028 0.00077884798896032 -0.00060201100088852 0.00051339078111176 -0.00042992582712303 0.00037890314155031 -0.00035625658956354 0.00033379364267666 -0.00031361234015972
-0.0012011136545028 -0.009274315728508 0.0019781004961447 -0.0014742811795586 0.0011615723499598 -0.0009182690213417 0.00075540672543193 -0.0007013630813977 0.00065568473902611 -0.00061342985627981
0.00077884798896032 0.0019781004961447 -0.0080377014210787 0.0029980462638321 -0.0020500449377109 0.0015500634609305 -0.0012875429667933 0.0011266532142352 -0.0010051982328188 0.00090041500662436
-0.00060201100088852 -0.0014742811795586 0.0029980462638321 -0.0054516542369727 0.0032133238366505 -0.0023541403573314 0.0018810525134833 -0.0015953497813448 0.001381127670202 -0.0012138767702065
0.00051339078111176 0.0011615723499598 -0.0020500449377109 0.0032133238366505 -0.0040990911978417 0.003091624551933 -0.0024965369176325 0.002104680928892 -0.0018169446162757 0.0015964039155678
-0.00042992582712303 -0.0009182690213417 0.0015500634609305 -0.0023541403573314 0.003091624551933 -0.0031672787556685 0.0027649841743879 -0.0024336635533985 0.0021597543587562 -0.0019341405608504
0.00037890314155031 0.00075540672543193 -0.0012875429667933 0.0018810525134833 -0.0024965369176325 0.0027649841743879 -0.0027484316091564 0.0025554080092119 -0.0023454320026524 0.002149774746745
-0.00035625658956354 -0.0007013630813977 0.0011266532142352 -0.0015953497813448 0.002104680928892 -0.0024336635533985 0.0025554080092119 -0.0025132153271741 0.0023838280507825 -0.0022375272007638
0.00033379364267666 0.00065568473902611 -0.0010051982328188 0.001381127670202 -0.0018169446162757 0.0021597543587562 -0.0023454320026524 0.0023838280507825 -0.0023317283895888 0.0022368577852207
-0.00031361234015972 -0.00061342985627981 0.00090041500662436 -0.0012138767702065 0.0015964039155678 -0.0019341405608504 0.002149774746745 -0.0022375272007638 0.0022368577852207 -0.0021868737166335
