0 3.0500032844903 0.057977244561737 -3.081873731047 0.086470298612522 -3.0781426293203 0.043380408675325 -3.130665462987 -0.025437115320932 3.0743317107278
-3.0500032844903 0 3.10302944416 -0.16132816568691 3.0050574231875 -0.11125748030636 2.9836699042162 -0.19317442480973 2.891409622049 -0.30376326502476
-0.057977244561737 -3.10302944416 0 3.1286344657478 -0.049821992662597 3.0588344811543 -0.10385463969134 3.0046054388587 -0.16449845997074 2.9491393970327
3.081873731047 0.16132816568691 -3.1286344657478 0 -3.1395844346926 -0.0011977831023999 3.130928485884 -0.028914148365931 3.099050037383 -0.057297749905145
-0.086470298612522 -3.0050574231875 0.049821992662597 3.1395844346926 0 3.1267192530081 -0.021311588028225 3.1034434736532 -0.049310497461131 3.0828379080727
3.0781426293203 0.11125748030636 -3.0588344811543 0.0011977831023999 -3.1267192530081 0 3.1388313606872 -0.012374483441786 3.124931893229 -0.019917497738747
-0.043380408675325 -2.9836699042162 0.10385463969134 -3.130928485884 0.021311588028225 -3.1388313606872 0 3.1340288420473 -0.010535200879447 3.1283890922285
3.130665462987 0.19317442480973 -3.0046054388587 0.028914148365931 -3.1034434736532 0.012374483441786 -3.1340288420473 0 3.1378427529253 -0.0068870336678796
0.025437115320932 -2.891409622049 0.16449845997074 -3.099050037383 0.049310497461131 -3.124931893229 0.010535200879447 -3.1378427529253 0 3.1386236995093
-3.0743317107278 0.30376326502476 -2.9491393970327 0.057297749905145 -3.0828379080727 0.019917497738747 -3.1283890922285 0.0068870336678796 -3.1386236995093 0
