0.101420003177 0.00060029814556967 -0.00040124110431259 0.00037606035466978 -0.00029346720728944 0.00025105529082096 -0.0002212516399815 0.00019458581184936 -0.00017602003323655 0.00016180561761236
0.00060029814556967 0.010260212774249 -0.0014810683915351 0.0013630344430981 -0.00089084325392676 0.00050777739738247 -0.00041707149519461 0.00034952871187307 -0.00030099888995305 0.00026305153527094
-0.00040124110431259 -0.0014810683915351 0.01052152139795 -0.0038525495250396 0.0023986060386918 -0.0018174987892218 0.0014374076504076 -0.0012103718136148 0.0010421223477377 -0.00092572686808213
0.00037606035466978 0.0013630344430981 -0.0038525495250396 0.0084093055482812 -0.0048926479294625 0.0034653932679291 -0.0027068208923613 0.0021495652847851 -0.0017680607364107 0.0014745197397608
-0.00029346720728944 -0.00089084325392676 0.0023986060386918 -0.0048926479294625 0.0058629079395341 -0.0045210392569792 0.0036669455329285 -0.0030129876734891 0.00251308902871 -0.0021354050275975
0.00025105529082096 0.00050777739738247 -0.0018174987892218 0.0034653932679291 -0.0045210392569792 0.0046029630857306 -0.0041102605768547 0.0035878454253914 -0.0031336116845302 0.0027558763524486
-0.0002212516399815 -0.00041707149519461 0.0014374076504076 -0.0027068208923613 0.0036669455329285 -0.0041102605768547 0.0040886895973089 -0.0037808350210366 0.0034298859410099 -0.0031042194442633
0.00019458581184936 0.00034952871187307 -0.0012103718136148 0.0021495652847851 -0.0030129876734891 0.0035878454253914 -0.0037808350210366 0.0036886680917207 -0.0034658528756503 0.0032193002851062
-0.00017602003323655 -0.00030099888995305 0.0010421223477377 -0.0017680607364107 0.00251308902871 -0.0031336116845302 0.0034298859410099 -0.0034658528756503 0.0033565691650464 -0.0031915290395611
0.00016180561761236 0.00026305153527094 -0.00092572686808213 0.0014745197397608 -0.0021354050275975 0.0027558763524486 -0.0031042194442633 0.0032193002851062 -0.0031915290395611 0.0030971260122014
