0 -3.0407602485916 -0.023845065371628 -3.0515868109924 0.081161208893573 -3.038366904971 0.1158062096811 -3.0130522986392 0.12726577584994 -3.0152954440579
3.0407602485916 0 3.1252253417301 -0.0020868731254736 3.1369370785768 0.014943282371242 -3.134168039477 -0.0073281409126409 3.1303624826426 -0.013610134690302
0.023845065371628 -3.1252253417301 0 3.1111246604041 -0.031762485103055 3.1325848652877 0.0031461056282303 -3.1328978003243 4.2075619304579e-05 3.1384713573834
3.0515868109924 0.0020868731254736 -3.1111246604041 0 3.1394413130521 0.02614608999376 -3.1044745522549 0.040218562191975 -3.1038719876785 0.03707014322403
-0.081161208893573 -3.1369370785768 0.031762485103055 -3.1394413130521 0 -3.1281012278718 0.014328540307765 -3.1254326844095 0.015272883001164 -3.1257582071119
3.038366904971 -0.014943282371242 -3.1325848652877 -0.02614608999376 3.1281012278718 0 3.14075932509 0.002353545818165 -3.1403812437909 0.00049650047255325
-0.1158062096811 3.134168039477 -0.0031461056282303 3.1044745522549 -0.014328540307765 -3.14075932509 0 -3.1387028223604 0.0016078916816583 -3.1402345976066
3.0130522986392 0.0073281409126409 3.1328978003243 -0.040218562191975 3.1254326844095 -0.002353545818165 3.1387028223604 0 3.1402116916587 -0.0018247231505232
-0.12726577584994 -3.1303624826426 -4.2075619304579e-05 3.1038719876785 -0.015272883001164 3.1403812437909 -0.0016078916816583 -3.1402116916587 0 3.1410239311739
3.0152954440579 0.013610134690302 -3.1384713573834 -0.03707014322403 3.1257582071119 -0.00049650047255325 3.1402345976066 0.0018247231505232 -3.1410239311739 0
