0.023704038084709 -0.0072498044846564 0.0050014343867149 -0.0050611543106351 0.0041195321816207 -0.003280397851632 0.0027016873215417 -0.0021645932376037 0.0017769905085521 -0.0015369705229986
-0.0072498044846564 0.01544342806776 -0.0065902126368159 0.0043164228174646 -0.0032157489852764 0.0024311352221359 -0.0018972556009102 0.0015298596448302 -0.0012516037331595 0.0010319461193478
0.0050014343867149 -0.0065902126368159 0.0089128719533787 -0.0050629389470691 0.0036923455830425 -0.0026248947812619 0.0019533378399583 -0.0015821177065837 0.0013770649164688 -0.0012142829700304
-0.0050611543106351 0.0043164228174646 -0.0050629389470691 0.0065150721423892 -0.0047285572152153 0.0036698196762785 -0.0028641901744531 0.0023019633452204 -0.0019211244991294 0.001667888649794
0.0041195321816207 -0.0032157489852764 0.0036923455830425 -0.0047285572152153 0.0045809464899996 -0.0037574575374312 0.0030281220513412 -0.0025053936252482 0.0021463400014513 -0.0018879010778308
-0.003280397851632 0.0024311352221359 -0.0026248947812619 0.0036698196762785 -0.0037574575374312 0.0036480565710531 -0.0031892567651412 0.002775676150716 -0.0024452321414115 0.002186736510056
0.0027016873215417 -0.0018972556009102 0.0019533378399583 -0.0028641901744531 0.0030281220513412 -0.0031892567651412 0.0029974518015756 -0.0027362547802268 0.0024853759983383 -0.0022698948581938
-0.0021645932376037 0.0015298596448302 -0.0015821177065837 0.0023019633452204 -0.0025053936252482 0.002775676150716 -0.0027362547802268 0.0026131003498271 -0.0024492094524587 0.0022884010684655
0.0017769905085521 -0.0012516037331595 0.0013770649164688 -0.0019211244991294 0.0021463400014513 -0.0024452321414115 0.0024853759983383 -0.0024492094524587 0.0023576611980188 -0.0022472230160955
-0.0015369705229986 0.0010319461193478 -0.0012142829700304 0.001667888649794 -0.0018879010778308 0.002186736510056 -0.0022698948581938 0.0022884010684655 -0.0022472230160955 0.0021778304798916
