0.00053408929294271 0.0003892610896386 0.00032331556378251 0.0002790981058983 0.00025341035322473 0.00023882704086708 0.00022811382354553 0.00021872945468014 0.0002102666120756 0.00020275521780257
0.0003892610896386 0.0002831057020415 0.00022936851069398 0.00019570956167428 0.00017604512799853 0.00016627056229649 0.00015960417306847 0.00015412227932666 0.00014932698293779 0.00014502136451619
0.00032331556378251 0.00022936851069398 0.00018748688401886 0.00016705073993084 0.00015048017164749 0.00014153110659777 0.00013458773027503 0.00012896698279775 0.00012438139030495 0.00012059781040136
0.0002790981058983 0.00019570956167428 0.00016705073993084 0.00014742821133989 0.00013350066860691 0.00012501599665499 0.0001183057130187 0.00011315273352391 0.00010905876547918 0.00010576058551634
0.00025341035322473 0.00017604512799853 0.00015048017164749 0.00013350066860691 0.0001208696041611 0.00011359739485533 0.00010823937660574 0.00010419646933924 0.00010098532720591 9.842661853542e-05
0.00023882704086708 0.00016627056229649 0.00014153110659777 0.00012501599665499 0.00011359739485533 0.0001067598185585 0.00010218973729081 9.8798904894846e-05 9.6176152018677e-05 9.4127789352726e-05
0.00022811382354553 0.00015960417306847 0.00013458773027503 0.0001183057130187 0.00010823937660574 0.00010218973729081 9.8489044170068e-05 9.5780022044662e-05 9.3690518274485e-05 9.2051126101659e-05
0.00021872945468014 0.00015412227932666 0.00012896698279775 0.00011315273352391 0.00010419646933924 9.8798904894846e-05 9.5780022044662e-05 9.3633690868156e-05 9.1998912432126e-05 9.0716401408917e-05
0.0002102666120756 0.00014932698293779 0.00012438139030495 0.00010905876547918 0.00010098532720591 9.6176152018677e-05 9.3690518274485e-05 9.1998912432126e-05 9.0722970662766e-05 8.9727855473755e-05
0.00020275521780257 0.00014502136451619 0.00012059781040136 0.00010576058551634 9.842661853542e-05 9.4127789352726e-05 9.2051126101659e-05 9.0716401408917e-05 8.9727855473755e-05 8.8970592075081e-05
