0 -2.9956859024216 0.34056300231487 -3.0159478080968 0.17236406736889 -2.965479257177 0.24323365455029 -2.8742040753632 0.3122437620552 -2.7812698226557
2.9956859024216 0 -3.0624394092369 0.039389482551805 3.1345736393471 -0.013215232796282 3.1138457185821 -0.038759481644932 3.0919854121705 -0.063990057372838
-0.34056300231487 3.0624394092369 0 3.1249896219176 -0.022347065067568 3.1216509825181 -0.02151510172539 3.1160598046633 -0.030405372555707 3.1095643564077
3.0159478080968 -0.039389482551805 -3.1249896219176 0 3.1282756674935 -0.011443400051764 3.1349724362098 -0.0021662526608291 -3.1381605272698 0.010113104925829
-0.17236406736889 -3.1345736393471 0.022347065067568 -3.1282756674935 0 -3.1402735791992 0.0076082140790553 -3.1289164904404 0.018855154722396 -3.1163849497107
2.965479257177 0.013215232796282 -3.1216509825181 0.011443400051764 3.1402735791992 0 -3.1358109662732 0.010490506561668 -3.1259273657145 0.020624964944099
-0.24323365455029 -3.1138457185821 0.02151510172539 -3.1349724362098 -0.0076082140790553 3.1358109662732 0 -3.1373267885989 0.0083659292912951 -3.129707906118
2.8742040753632 0.038759481644932 -3.1160598046633 0.0021662526608291 3.1289164904404 -0.010490506561668 3.1373267885989 0 -3.1380243264604 0.0062987703286169
-0.3122437620552 -3.0919854121705 0.030405372555707 3.1381605272698 -0.018855154722396 3.1259273657145 -0.0083659292912951 3.1380243264604 0 -3.1391758127159
2.7812698226557 0.063990057372838 -3.1095643564077 -0.010113104925829 3.1163849497107 -0.020624964944099 3.129707906118 -0.0062987703286169 3.1391758127159 0
