0.00020128730230319 0.0010296488387053 0.0010391156703661 0.00092703750846512 0.00077283858064379 0.00068207665012722 0.00064194928248684 0.0006091268335355 0.00058047413032072 0.00055704858926539
0.0010296488387053 0.0005103096866701 0.00035450807541497 0.00029909448124141 0.00025101776249794 0.00022714610711677 0.00021566535062923 0.00020665406759626 0.00019667781093327 0.00018877805565272
0.0010391156703661 0.00035450807541497 0.00045471781461563 0.00033372612931592 0.00025571895105896 0.00022049033074946 0.00021063146509165 0.00020086985433347 0.00019140582395732 0.00018393458265448
0.00092703750846512 0.00029909448124141 0.00033372612931592 0.00037058448576118 0.00028154240387642 0.00023825621308149 0.00021666413718614 0.00020189494207156 0.00018932688433216 0.00017885227420417
0.00077283858064379 0.00025101776249794 0.00025571895105896 0.00028154240387642 0.00027737016095828 0.00023422965834208 0.00021071620635513 0.00019431205394179 0.00018007417370384 0.0001694114061333
0.00068207665012722 0.00022714610711677 0.00022049033074946 0.00023825621308149 0.00023422965834208 0.00022090290327664 0.00020403781841511 0.00018926143301341 0.00017598898655262 0.00016550620955682
0.00064194928248684 0.00021566535062923 0.00021063146509165 0.00021666413718614 0.00021071620635513 0.00020403781841511 0.00019753616285782 0.00018777303522749 0.00017721113121669 0.00016812172961455
0.0006091268335355 0.00020665406759626 0.00020086985433347 0.00020189494207156 0.00019431205394179 0.00018926143301341 0.00018777303522749 0.00018322300473219 0.00017602329853129 0.00016896542046105
0.00058047413032072 0.00019667781093327 0.00019140582395732 0.00018932688433216 0.00018007417370384 0.00017598898655262 0.00017721113121669 0.00017602329853129 0.00017179398182833 0.00016679544962098
0.00055704858926539 0.00018877805565272 0.00018393458265448 0.00017885227420417 0.0001694114061333 0.00016550620955682 0.00016812172961455 0.00016896542046105 0.00016679544962098 0.00016350350210999
