0 3.0596746081074 0.0084873957322134 3.0712972740342 0.0066783220622412 -3.1171841751762 0.023153592011825 -3.0979377698729 0.046934113401267 -3.0992389510284
-3.0596746081074 0 3.1030982990075 -0.18708458471993 3.0701455019777 -0.059478081296955 3.0778882688916 -0.0206784095083 3.130498708977 -0.0099423853299312
-0.0084873957322134 -3.1030982990075 0 3.1141522093788 -0.095592314247179 3.0518814706802 -0.059485783445218 3.0880054346868 -0.05212919399783 3.0814776623654
-3.0712972740342 0.18708458471993 -3.1141522093788 0 3.0607779537143 -0.099459796088418 3.0574713736247 -0.082503143097821 3.060586812501 -0.085738315899546
-0.0066783220622412 -3.0701455019777 0.095592314247179 -3.0607779537143 0 3.1202168430613 -0.02193714285051 3.1183739345237 -0.025288379154107 3.1132459302933
3.1171841751762 0.059478081296955 -3.0518814706802 0.099459796088418 -3.1202168430613 0 -3.1400691910843 0.0046545215222956 -3.1382994465819 0.0022665908125862
-0.023153592011825 -3.0778882688916 0.059485783445218 -3.0574713736247 0.02193714285051 3.1400691910843 0 -3.1386431580627 0.0016232131862312 -3.1403937392263
3.0979377698729 0.0206784095083 -3.0880054346868 0.082503143097821 -3.1183739345237 -0.0046545215222956 3.1386431580627 0 3.1406739832285 -0.00071173752540424
-0.046934113401267 -3.130498708977 0.05212919399783 -3.060586812501 0.025288379154107 3.1382994465819 -0.0016232131862312 -3.1406739832285 0 -3.1408685460034
3.0992389510284 0.0099423853299312 -3.0814776623654 0.085738315899546 -3.1132459302933 -0.0022665908125862 3.1403937392263 0.00071173752540424 3.1408685460034 0
