0.063628742449483 0.027326461434061 0.019679261905775 0.015065585198738 0.011778594778803 0.0093177610402805 0.0074420316827765 0.0059962127496235 0.0048762967719604 0.0040082470840674
0.027326461434061 0.016951543938889 0.014015307399174 0.011801362977713 0.0099645914039139 0.0084129549056812 0.0071014008753869 0.0059957142518223 0.0050674354028595 0.0042919035048614
0.019679261905775 0.014015307399174 0.012708411457131 0.011390340649116 0.010092759227313 0.0088658323974384 0.0077449499819409 0.0067444171711106 0.0058671399195239 0.0051097653270762
0.015065585198738 0.011801362977713 0.011390340649116 0.010718959242339 0.0098857610880822 0.0089885336070175 0.0080990756398334 0.0072585149118232 0.006490017906997 0.0058051711213391
0.011778594778803 0.0099645914039139 0.010092759227313 0.0098857610880822 0.0094438519329913 0.0088615461919388 0.0082189301522569 0.0075681320212157 0.0069433431790166 0.0063656571663749
0.0093177610402805 0.0084129549056812 0.0088658323974384 0.0089885336070175 0.0088615461919388 0.0085589090178601 0.0081535277304789 0.0076980305483427 0.0072305972706331 0.0067772676345061
0.0074420316827765 0.0071014008753869 0.0077449499819409 0.0080990756398334 0.0082189301522569 0.0081535277304789 0.0079623489392249 0.007692465116662 0.0073813231803873 0.0070565096395865
0.0059962127496235 0.0059957142518223 0.0067444171711106 0.0072585149118232 0.0075681320212157 0.0076980305483427 0.007692465116662 0.0075902356380225 0.0074253045339025 0.0072245380121309
0.0048762967719604 0.0050674354028595 0.0058671399195239 0.006490017906997 0.0069433431790166 0.0072305972706331 0.0073813231803873 0.0074253045339025 0.007391734919323 0.0073054185467625
0.0040082470840674 0.0042919035048614 0.0051097653270762 0.0058051711213391 0.0063656571663749 0.0067772676345061 0.0070565096395865 0.0072245380121309 0.0073054185467625 0.0073212313573253
