0.028962551432472 -0.009947641907609 0.0073614099080735 -0.005975219677675 0.0049698087764315 -0.0040884164532 0.0034848679160605 -0.0029985389436746 0.0026124352792412 -0.0023026653939237
-0.009947641907609 0.014453583519636 -0.0062391641582636 0.004721604866617 -0.003653789337921 0.0029253474405112 -0.0024422203695614 0.0020815436205425 -0.0018094249386201 0.0015949354348145
0.0073614099080735 -0.0062391641582636 0.010005162543136 -0.0057874103593562 0.0043414795534656 -0.0034678577273221 0.0028843489931683 -0.0024472642957747 0.0021159087607473 -0.0018564419986424
-0.005975219677675 0.004721604866617 -0.0057874103593562 0.006852058783687 -0.0050928400784801 0.0041276890734931 -0.0034372668208501 0.0029105958107738 -0.0025070514622985 0.0021891883234248
0.0049698087764315 -0.003653789337921 0.0043414795534656 -0.0050928400784801 0.0050453429795747 -0.0043100166636889 0.0037121490229368 -0.0032192806566066 0.0028276733223639 -0.0025080529384106
-0.0040884164532 0.0029253474405112 -0.0034678577273221 0.0041276890734931 -0.0043100166636889 0.0041166771577583 -0.003713960020299 0.0033246958822994 -0.0029866051437019 0.0026957293349071
0.0034848679160605 -0.0024422203695614 0.0028843489931683 -0.0034372668208501 0.0037121490229368 -0.003713960020299 0.0035396118255293 -0.0032734980393253 0.0030121791201112 -0.0027705046222037
-0.0029985389436746 0.0020815436205425 -0.0024472642957747 0.0029105958107738 -0.0032192806566066 0.0033246958822994 -0.0032734980393253 0.0031207037853771 -0.0029357658303692 0.0027476666561075
0.0026124352792412 -0.0018094249386201 0.0021159087607473 -0.0025070514622985 0.0028276733223639 -0.0029866051437019 0.0030121791201112 -0.0029357658303692 0.0028159645271291 -0.0026773026347152
-0.0023026653939237 0.0015949354348145 -0.0018564419986424 0.0021891883234248 -0.0025080529384106 0.0026957293349071 -0.0027705046222037 0.0027476666561075 -0.0026773026347152 0.0025812278529476
