0.050313461188967 0.0075802632933851 0.0030869497406059 0.0012716611185812 0.00039297865736275 0.00017306075555559 0.00049605768273873 0.00072448727839023 0.00087499824802652 0.00097111799799267 0.0010338229953471 0.0010753647114837 0.0011039387844155 0.0011259514550097 0.0011424823937556 0.0011536297357852 0.001168051026664 0.0011743391208515 0.0012001871595124 0.001184608236931
0.0075802632933851 0.024345178624146 0.016181684959322 0.011408559395331 0.0082847388437657 0.0061709939805178 0.0046758953949815 0.0035807158035594 0.0027515921928777 0.0021119724885129 0.0016091456480525 0.0012095718389337 0.00088884349825783 0.00058614047159787 0.00042360362642379 0.00027796050221823 0.00019429871597398 0.00021450623312591 0.00028377487742405 0.00036977780283503
0.0030869497406059 0.016181684959322 0.017964697273617 0.015488587812578 0.012990846142798 0.010816572555811 0.0090020489509094 0.0075206965999117 0.0063146747207743 0.0053324146788106 0.0045301644516967 0.0038724268144417 0.0033311072705815 0.0028434740169275 0.0025061985386891 0.0021855874805298 0.001920036753647 0.0016872437908775 0.001472588620404 0.0013203519301867
0.0012716611185812 0.011408559395331 0.015488587812578 0.016025926912766 0.015037251447276 0.013583703386727 0.012051311338677 0.010618371621432 0.0093434088486111 0.0082363346293069 0.0072849205851349 0.0064711978306483 0.0057758430909386 0.0051460298590546 0.0046671760017819 0.0042194784470998 0.003838010752614 0.0035028963348772 0.0031920231231947 0.0029474047050535
0.00039297865736275 0.0082847388437657 0.012990846142798 0.015037251447276 0.015397752575318 0.014818880032999 0.013807714645123 0.01265902127721 0.011518966631057 0.010455114881247 0.0094910594884279 0.0086308770223301 0.0078692987333659 0.0071730900745831 0.0066025393165542 0.0060722331919305 0.005610319283594 0.0051994357399018 0.0048176738252663 0.0044975018047104
0.00017306075555559 0.0061709939805178 0.010816572555811 0.013583703386727 0.014818880032999 0.014999726661416 0.014548036065746 0.013781413477145 0.01288862885327 0.011975713635013 0.011095209034298 0.01027193880208 0.009515205063191 0.0088106545480697 0.0082013282275314 0.0076317129402539 0.0071252697171882 0.0066678017514056 0.0062415480591696 0.0058702801639353
0.00049605768273873 0.0046758953949815 0.0090020489509094 0.012051311338677 0.013807714645123 0.014548036065746 0.014586189309929 0.014205992063902 0.013601477693938 0.012895494634369 0.012158166972066 0.011429433873622 0.010730776493441 0.010064065222548 0.0094600989458348 0.0088889669381072 0.008370354644725 0.007894232170249 0.0074480724320567 0.0070490237100597
0.00072448727839023 0.0035807158035594 0.0075206965999117 0.010618371621432 0.01265902127721 0.013781413477145 0.014205992063902 0.014168519534 0.013846083396614 0.013362271012672 0.012794394868283 0.012191281229116 0.011583020455838 0.010983945147369 0.010416794961077 0.0098717706739724 0.0093658022212968 0.0088934483773226 0.008447316917179 0.0080392116493849
0.00087499824802652 0.0027515921928777 0.0063146747207743 0.0093434088486111 0.011518966631057 0.01288862885327 0.013601477693938 0.013846083396614 0.013774967003188 0.013503107518492 0.013107726495607 0.012641311619791 0.012139063080238 0.011623944510078 0.011113643640337 0.010613117621229 0.01013739356074 0.0096854388546497 0.0092547679646114 0.0088517836047775
0.00097111799799267 0.0021119724885129 0.0053324146788106 0.0082363346293069 0.010455114881247 0.011975713635013 0.012895494634369 0.013362271012672 0.013503107518492 0.013420627201992 0.013187590610519 0.012856402823353 0.012464482016144 0.012040197306617 0.011597906519405 0.011152966763532 0.010719118480412 0.010299148369316 0.0098950188957204 0.0095075415767602
0.0010338229953471 0.0016091456480525 0.0045301644516967 0.0072849205851349 0.0094910594884279 0.011095209034298 0.012158166972066 0.012794394868283 0.013107726495607 0.013187590610519 0.013100205732656 0.012895538950648 0.012611111747139 0.012278263021335 0.011908745210985 0.011525119718643 0.01114019421624 0.010759797132899 0.010389720917507 0.010025274544067
0.0010753647114837 0.0012095718389337 0.0038724268144417 0.0064711978306483 0.0086308770223301 0.01027193880208 0.011429433873622 0.012191281229116 0.012641311619791 0.012856402823353 0.012895538950648 0.012805004606206 0.012620999867462 0.012376117598845 0.012079749645472 0.011759315658704 0.011426877773639 0.011090477686448 0.010759124361059 0.010422970180324
0.0011039387844155 0.00088884349825783 0.0033311072705815 0.0057758430909386 0.0078692987333659 0.009515205063191 0.010730776493441 0.011583020455838 0.012139063080238 0.012464482016144 0.012611111747139 0.012620999867462 0.012528256869475 0.012365492837137 0.012139824177131 0.011881833220065 0.01160289803231 0.011312548956693 0.011022372707224 0.010717953273232
0.0011259514550097 0.00058614047159787 0.0028434740169275 0.0051460298590546 0.0071730900745831 0.0088106545480697 0.010064065222548 0.010983945147369 0.011623944510078 0.012040197306617 0.012278263021335 0.012376117598845 0.012365492837137 0.012359937558218 0.012119697505542 0.011922015522423 0.011696043878846 0.011452239496868 0.01120417756087 0.010933505686971
0.0011424823937556 0.00042360362642379 0.0025061985386891 0.0046671760017819 0.0066025393165542 0.0082013282275314 0.0094600989458348 0.010416794961077 0.011113643640337 0.011597906519405 0.011908745210985 0.012079749645472 0.012139824177131 0.012119697505542 0.012022037974308 0.01188045831465 0.011704930349161 0.011506380400823 0.011299790244633 0.01106347744072
0.0011536297357852 0.00027796050221823 0.0021855874805298 0.0042194784470998 0.0060722331919305 0.0076317129402539 0.0088889669381072 0.0098717706739724 0.010613117621229 0.011152966763532 0.011525119718643 0.011759315658704 0.011881833220065 0.011922015522423 0.01188045831465 0.011797916705875 0.011663671092979 0.011508784874448 0.011342576452567 0.011140516451914
0.001168051026664 0.00019429871597398 0.001920036753647 0.003838010752614 0.005610319283594 0.0071252697171882 0.008370354644725 0.0093658022212968 0.01013739356074 0.010719118480412 0.01114019421624 0.011426877773639 0.01160289803231 0.011696043878846 0.011704930349161 0.011663671092979 0.011580780213805 0.01146726730543 0.011339730992469 0.011171197192239
0.0011743391208515 0.00021450623312591 0.0016872437908775 0.0035028963348772 0.0051994357399018 0.0066678017514056 0.007894232170249 0.0088934483773226 0.0096854388546497 0.010299148369316 0.010759797132899 0.011090477686448 0.011312548956693 0.011452239496868 0.011506380400823 0.011508784874448 0.01146726730543 0.011397658358614 0.011301678419805 0.011165470882658
0.0012001871595124 0.00028377487742405 0.001472588620404 0.0031920231231947 0.0048176738252663 0.0062415480591696 0.0074480724320567 0.008447316917179 0.0092547679646114 0.0098950188957204 0.010389720917507 0.010759124361059 0.011022372707224 0.01120417756087 0.011299790244633 0.011342576452567 0.011339730992469 0.011301678419805 0.011309795743358 0.011140509544782
0.001184608236931 0.00036977780283503 0.0013203519301867 0.0029474047050535 0.0044975018047104 0.0058702801639353 0.0070490237100597 0.0080392116493849 0.0088517836047775 0.0095075415767602 0.010025274544067 0.010422970180324 0.010717953273232 0.010933505686971 0.01106347744072 0.011140516451914 0.011171197192239 0.011165470882658 0.011140509544782 0.011068632931622
