0.10137832010313 0.00020565310207174 -0.00022049240693599 0.00016373710350824 -7.9056883162776e-05 6.8186506684631e-05 -9.1870734062652e-05 0.00010222185414773 -8.3424963758777e-05 7.8024800027037e-05
0.00020565310207174 0.0053278146024592 -0.00085902478044075 0.00093485467188735 0.00030285439166951 -0.00024972427921145 -4.6412966149209e-05 0.00011064501260582 -4.7303544779702e-05 8.1906082929326e-06
-0.00022049240693599 -0.00085902478044075 0.0074522756408702 -0.0016123133362548 0.00039944251423049 -8.9545306652621e-06 0.0002398439328903 -0.00041931429290031 0.00044570061027723 -0.00045877035256854
0.00016373710350824 0.00093485467188735 -0.0016123133362548 0.0050466105734232 -0.0014764162137859 0.00095986352927752 -0.00098501496912864 0.00083210924653311 -0.00066550341561234 0.00055308153805305
-7.9056883162776e-05 0.00030285439166951 0.00039944251423049 -0.0014764162137859 0.0040207018106023 -0.0022857455969012 0.0016576044314778 -0.001436752163472 0.0011387421269045 -0.0010284679558746
6.8186506684631e-05 -0.00024972427921145 -8.9545306652621e-06 0.00095986352927752 -0.0022857455969012 0.0027224050025397 -0.0018816579447791 0.0015705684197934 -0.0012793486014774 0.0010961202117823
-9.1870734062652e-05 -4.6412966149209e-05 0.0002398439328903 -0.00098501496912864 0.0016576044314778 -0.0018816579447791 0.0020152818471247 -0.0017446984820372 0.0015305464909448 -0.0013750301292662
0.00010222185414773 0.00011064501260582 -0.00041931429290031 0.00083210924653311 -0.001436752163472 0.0015705684197934 -0.0017446984820372 0.0018118457729936 -0.0016429312401619 0.0015054848811503
-8.3424963758777e-05 -4.7303544779702e-05 0.00044570061027723 -0.00066550341561234 0.0011387421269045 -0.0012793486014774 0.0015305464909448 -0.0016429312401619 0.0016045060993747 -0.0015135774638009
7.8024800027037e-05 8.1906082929326e-06 -0.00045877035256854 0.00055308153805305 -0.0010284679558746 0.0010961202117823 -0.0013750301292662 0.0015054848811503 -0.0015135774638009 0.0014888973121256
