0.047871399113504 -0.023961508423197 0.017642032726777 -0.011829853797753 0.0092494813820846 -0.0073386606403005 0.006218515449335 -0.0052253423286944 0.0045360990157887 -0.0040106363951738
-0.023961508423197 0.025135512312006 -0.013000420949584 0.0091639909252706 -0.0068377779637737 0.0052558549587964 -0.0041507073879427 0.0033503070938593 -0.0028180113470563 0.0023983700681929
0.017642032726777 -0.013000420949584 0.016255521568415 -0.0089022729498004 0.0068546117791693 -0.0051216091467479 0.0041104535092848 -0.0032787490373168 0.0027967956371672 -0.0024316914493063
-0.011829853797753 0.0091639909252706 -0.0089022729498004 0.0097357653204436 -0.0074245030078863 0.0059273898101867 -0.0048631038603308 0.0041626941949361 -0.0036059151661252 0.0031443606868637
0.0092494813820846 -0.0068377779637737 0.0068546117791693 -0.0074245030078863 0.0074175146794487 -0.0062602947446211 0.0053690239525966 -0.0046191938404922 0.0040065733155774 -0.0035124333530286
-0.0073386606403005 0.0052558549587964 -0.0051216091467479 0.0059273898101867 -0.0062602947446211 0.0060866756168693 -0.0055395583155821 0.0049997846049093 -0.0044539832243125 0.0039842093744691
0.006218515449335 -0.0041507073879427 0.0041104535092848 -0.0048631038603308 0.0053690239525966 -0.0055395583155821 0.0054109657754666 -0.0050806506903359 0.0046516391646382 -0.0042443115888283
-0.0052253423286944 0.0033503070938593 -0.0032787490373168 0.0041626941949361 -0.0046191938404922 0.0049997846049093 -0.0050806506903359 0.0049642325067795 -0.0046632498707123 0.0043403865829802
0.0045360990157887 -0.0028180113470563 0.0027967956371672 -0.0036059151661252 0.0040065733155774 -0.0044539832243125 0.0046516391646382 -0.0046632498707123 0.0044803579941236 -0.0042448993104222
-0.0040106363951738 0.0023983700681929 -0.0024316914493063 0.0031443606868637 -0.0035124333530286 0.0039842093744691 -0.0042443115888283 0.0043403865829802 -0.0042448993104222 0.0040890316364202
