0.10140138378493 0.00051015060760727 -0.00036013767968393 0.00028707049467767 -0.00021546109835399 0.00018049932137803 -0.00015705124140004 0.00014502523965963 -0.0001345217881148 0.00012966406414757
0.00051015060760727 0.0087185132757989 -0.001479668188234 0.0009827407708927 -0.00059027154754004 0.00031945399136665 -0.00023696949842027 0.00023136168339593 -0.00021399706405691 0.00020273239573751
-0.00036013767968393 -0.001479668188234 0.0097759080514588 -0.0029767302365469 0.0015517738615601 -0.0011856758752553 0.00091717743353882 -0.00077184416918175 0.00064398629284601 -0.00054875468923737
0.00028707049467767 0.0009827407708927 -0.0029767302365469 0.0070946237444708 -0.0035785017645655 0.0025689305805664 -0.0019880880010183 0.0015827271816445 -0.0012767817707099 0.001067007025637
-0.00021546109835399 -0.00059027154754004 0.0015517738615601 -0.0035785017645655 0.0047359846850842 -0.0033957155587264 0.0027251522117031 -0.0022400963960886 0.0018603321880173 -0.0015732143575348
0.00018049932137803 0.00031945399136665 -0.0011856758752553 0.0025689305805664 -0.0033957155587264 0.0036467370287509 -0.0032047830474284 0.0027976435830621 -0.0024433379823009 0.0021464267492608
-0.00015705124140004 -0.00023696949842027 0.00091717743353882 -0.0019880880010183 0.0027251522117031 -0.0032047830474284 0.0032403374975496 -0.0029998321285367 0.0027280080226555 -0.0024705189175244
0.00014502523965963 0.00023136168339593 -0.00077184416918175 0.0015827271816445 -0.0022400963960886 0.0027976435830621 -0.0029998321285367 0.0029608411731686 -0.0028043058256769 0.0026162083002188
-0.0001345217881148 -0.00021399706405691 0.00064398629284601 -0.0012767817707099 0.0018603321880173 -0.0024433379823009 0.0027280080226555 -0.0028043058256769 0.0027566007671028 -0.0026419034321673
0.00012966406414757 0.00020273239573751 -0.00054875468923737 0.001067007025637 -0.0015732143575348 0.0021464267492608 -0.0024705189175244 0.0026162083002188 -0.0026419034321673 0.0025904388409613
