0.0013453107416135 0.00097854495149618 0.00087790363296085 0.00076703157827063 0.00072463975500149 0.00066000944577989 0.0006096400700724 0.00057419341020533 0.0005400183107807 0.00051151701376031
0.00097854495149618 0.00071884435093669 0.00065463859463616 0.00059424188067212 0.00053570517721027 0.00048002862960602 0.00043644306103454 0.00041736818922066 0.00040419852303923 0.00039424450535925
0.00087790363296085 0.00065463859463616 0.00062058003982674 0.00050987913242434 0.00050351312556776 0.00046215148227567 0.00044136009390101 0.00042761404664888 0.00041503434435901 0.00040361366039276
0.00076703157827063 0.00059424188067212 0.00050987913242434 0.00042099767324052 0.00038389353840345 0.00034775089020449 0.00032316025975802 0.0003169809291993 0.00031045060423188 0.00030414643742199
0.00072463975500149 0.00053570517721027 0.00050351312556776 0.00038389353840345 0.0003619615506442 0.00032471617970026 0.00029667742522553 0.00028552701337321 0.0002760922993551 0.0002677776960623
0.00066000944577989 0.00048002862960602 0.00046215148227567 0.00034775089020449 0.00032471617970026 0.00028198506134504 0.00025736571465818 0.000248600274058 0.00024107879258204 0.00023485513509675
0.0006096400700724 0.00043644306103454 0.00044136009390101 0.00032316025975802 0.00029667742522553 0.00025736571465818 0.00023821114601762 0.00023211575201872 0.00022719073938803 0.00022346541517137
0.00057419341020533 0.00041736818922066 0.00042761404664888 0.0003169809291993 0.00028552701337321 0.000248600274058 0.00023211575201872 0.00022731141399069 0.00022375260617769 0.00022149762818831
0.0005400183107807 0.00040419852303923 0.00041503434435901 0.00031045060423188 0.0002760922993551 0.00024107879258204 0.00022719073938803 0.00022375260617769 0.00022122118246487 0.00022003466644507
0.00051151701376031 0.00039424450535925 0.00040361366039276 0.00030414643742199 0.0002677776960623 0.00023485513509675 0.00022346541517137 0.00022149762818831 0.00022003466644507 0.0002198907341979
