-0.00859255617444 0.0001886318149479 -0.00013977901857791 0.00020734010596315 -0.00011011522947722 8.1947384453163e-05 -5.9588369764754e-05 4.4391201531471e-05 -2.7157505633998e-05 2.0280259186578e-05
0.0001886318149479 -0.0073923389383337 0.0016775833793624 -0.0010437320683729 0.00067975157676457 -0.00051540666609766 0.00038740166625111 -0.00030163468466174 0.00023621115272559 -0.00018896605898451
-0.00013977901857791 0.0016775833793624 -0.0053124507614433 0.0019975455552573 -0.0011903061604912 0.00089491472381337 -0.00068696316476651 0.00056827153160187 -0.00047892103384211 0.00041409879668036
0.00020734010596315 -0.0010437320683729 0.0019975455552573 -0.0034628141426981 0.0021312550888513 -0.0016074057614068 0.001285029775333 -0.001067893031315 0.00090367945450638 -0.0007815049873061
-0.00011011522947722 0.00067975157676457 -0.0011903061604912 0.0021312550888513 -0.0023623930853712 0.0018412507746325 -0.0015016663200858 0.0012731149429068 -0.0010915807704502 0.00095530696131157
8.1947384453163e-05 -0.00051540666609766 0.00089491472381337 -0.0016074057614068 0.0018412507746325 -0.001871145979799 0.0016320320433791 -0.0014318009092492 0.0012663662439041 -0.0011277374562488
-5.9588369764754e-05 0.00038740166625111 -0.00068696316476651 0.001285029775333 -0.0015016663200858 0.0016320320433791 -0.0015876348026308 0.0014570490133222 -0.0013275095192742 0.0012084699972749
4.4391201531471e-05 -0.00030163468466174 0.00056827153160187 -0.001067893031315 0.0012731149429068 -0.0014318009092492 0.0014570490133222 -0.0014098209212178 0.0013232012049073 -0.0012301248119768
-2.7157505633998e-05 0.00023621115272559 -0.00047892103384211 0.00090367945450638 -0.0010915807704502 0.0012663662439041 -0.0013275095192742 0.0013232012049073 -0.0012783407734039 0.0012122649320747
2.0280259186578e-05 -0.00018896605898451 0.00041409879668036 -0.0007815049873061 0.00095530696131157 -0.0011277374562488 0.0012084699972749 -0.0012301248119768 0.0012122649320747 -0.001171017613276
