0.00020483265657661 0.0010652355656228 0.0010498293935266 0.00089491025326081 0.00077135836129362 0.00068745928491355 0.00063572477042512 0.0005973541492922 0.0005692539166718 0.00054760546863975
0.0010652355656228 0.00052254129632466 0.00034163449708123 0.00029800326512969 0.00025389488962068 0.00022846574841828 0.00021341916617502 0.00020067842854309 0.00019130724580161 0.00018413672511236
0.0010498293935266 0.00034163449708123 0.00045807561637015 0.00030636148735293 0.0002469794867327 0.00022096538817456 0.00020843854127906 0.00019843666753118 0.00019094449341426 0.00018408794193189
0.00089491025326081 0.00029800326512969 0.00030636148735293 0.00034127399466809 0.00025522301224925 0.0002067875289585 0.00018030514749784 0.00016449890172506 0.00015431906985723 0.00014683733761983
0.00077135836129362 0.00025389488962068 0.0002469794867327 0.00025522301224925 0.00025727135188251 0.00021238452411602 0.00018684390823916 0.00016965826972039 0.00015712417827178 0.00014727321825559
0.00068745928491355 0.00022846574841828 0.00022096538817456 0.0002067875289585 0.00021238452411602 0.00020161183583972 0.00018424087154687 0.00016834968798518 0.00015569584077696 0.00014513017556957
0.00063572477042512 0.00021341916617502 0.00020843854127906 0.00018030514749784 0.00018684390823916 0.00018424087154687 0.00017630349810302 0.00016416060666053 0.00015339725775837 0.00014393590136423
0.0005973541492922 0.00020067842854309 0.00019843666753118 0.00016449890172506 0.00016965826972039 0.00016834968798518 0.00016416060666053 0.00015674741785404 0.00014906679350632 0.00014165415334315
0.0005692539166718 0.00019130724580161 0.00019094449341426 0.00015431906985723 0.00015712417827178 0.00015569584077696 0.00015339725775837 0.00014906679350632 0.0001443423408458 0.00013918904111006
0.00054760546863975 0.00018413672511236 0.00018408794193189 0.00014683733761983 0.00014727321825559 0.00014513017556957 0.00014393590136423 0.00014165415334315 0.00013918904111006 0.00013606652534179
