0 -3.1246003906199 0.04373416999974 -3.0655650138488 0.11464678383006 -2.9816045929129 0.21172377481218 -2.872504790629 0.33126640878218 -2.7442399855178
3.1246003906199 0 -3.1184078481918 0.049259737253134 -3.0622794141239 0.11403124333779 -2.9882713813673 0.19680116434305 -2.8975625089713 0.29454077619614
-0.04373416999974 3.1184078481918 0 -3.1173475537317 0.050795655813749 -3.0613673407554 0.11228455326204 -2.9950877072916 0.18239116010185 -2.9221492560617
3.0655650138488 -0.049259737253134 3.1173475537317 0 -3.1165896190159 0.05123066768206 -3.0632616746747 0.105805743888 -3.0084180455357 0.15997141913761
-0.11464678383006 3.0622794141239 -0.050795655813749 3.1165896190159 0 -3.1169376891932 0.048626895209846 -3.0700879652052 0.092939512162142 -3.0289888255101
2.9816045929129 -0.11403124333779 3.0613673407554 -0.05123066768206 3.1169376891932 0 -3.1190625690649 0.04271797928851 -3.0811534108183 0.075576634811214
-0.21172377481218 2.9882713813673 -0.11228455326204 3.0632616746747 -0.048626895209846 3.1190625690649 0 -3.1225552750648 0.034753602015278 -3.094306013833
2.872504790629 -0.19680116434305 2.9950877072916 -0.105805743888 3.0700879652052 -0.04271797928851 3.1225552750648 0 -3.1266688442446 0.026159502071698
-0.33126640878218 2.8975625089713 -0.18239116010185 3.0084180455357 -0.092939512162142 3.0811534108183 -0.034753602015278 3.1266688442446 0 -3.1308329151141
2.7442399855178 -0.29454077619614 2.9221492560617 -0.15997141913761 3.0289888255101 -0.075576634811214 3.094306013833 -0.026159502071698 3.1308329151141 0
