0.10138729156672 0.0003976298393636 -0.00027277879399926 0.0002547701383198 -0.00017509813727734 0.00015854984437004 -0.00015617598881226 0.00014538216791057 -0.00013685848766589 0.00012947652244346
0.0003976298393636 0.0072843887816582 -0.001235107044487 0.00078037249466067 -0.00035087269207799 0.0002673462613577 -0.0003957582050189 0.00038811485404791 -0.00035858147997823 0.00032684641030386
-0.00027277879399926 -0.001235107044487 0.0076069837941599 -0.0017400140094137 0.0010070003796748 -0.00072937773647774 0.00061502146509388 -0.00050979729723976 0.0004564985284541 -0.000410981790367
0.0002547701383198 0.00078037249466067 -0.0017400140094137 0.0066461627115363 -0.0026451709884381 0.0018661116935045 -0.0014267573525599 0.0012209034148748 -0.0010597324861277 0.00094500271439574
-0.00017509813727734 -0.00035087269207799 0.0010070003796748 -0.0026451709884381 0.004493852276485 -0.0027931742029425 0.0020936539476635 -0.0016619127842827 0.0013964405691096 -0.0012188028685388
0.00015854984437004 0.0002673462613577 -0.00072937773647774 0.0018661116935045 -0.0027931742029425 0.0031924191546639 -0.0024711281318546 0.0019959426802918 -0.0016597843954508 0.0014333621540135
-0.00015617598881226 -0.0003957582050189 0.00061502146509388 -0.0014267573525599 0.0020936539476635 -0.0024711281318546 0.0025008851973836 -0.0021500925153277 0.0018618572534428 -0.001645654679725
0.00014538216791057 0.00038811485404791 -0.00050979729723976 0.0012209034148748 -0.0016619127842827 0.0019959426802918 -0.0021500925153277 0.0020701056069237 -0.00188145815803 0.0017114557373514
-0.00013685848766589 -0.00035858147997823 0.0004564985284541 -0.0010597324861277 0.0013964405691096 -0.0016597843954508 0.0018618572534428 -0.00188145815803 0.0018095220427607 -0.0016986460957002
0.00012947652244346 0.00032684641030386 -0.000410981790367 0.00094500271439574 -0.0012188028685388 0.0014333621540135 -0.001645654679725 0.0017114557373514 -0.0016986460957002 0.0016421870520512
