-0.013657182868489 0.0015090491296962 -0.00031141246049376 -2.1664715436144e-05 0.00030639677816249 -0.00030885893471074 0.00029389357248042 -0.00030007361762389 0.00027136099345955 -0.00024130523860409
0.0015090491296962 -0.010916454956379 0.0034705608482123 -0.0016594264839699 0.0011231114521444 -0.00077744181485656 0.00052473941354553 -0.00030993442886437 0.00012955633772486 -6.183650329857e-07
-0.00031141246049376 0.0034705608482123 -0.0064071036648438 0.0039468456230309 -0.0029600765990531 0.002362926381648 -0.0019521925462662 0.0016489443655812 -0.0014199832741532 0.0012515966848316
-2.1664715436144e-05 -0.0016594264839699 0.0039468456230309 -0.0044484603842657 0.0037551221350203 -0.0031544227213589 0.0026528699461991 -0.002250453218711 0.0019425628565596 -0.0017044531423637
0.00030639677816249 0.0011231114521444 -0.0029600765990531 0.0037551221350203 -0.0038111933871459 0.0034670134444193 -0.0030754393456037 0.0027211569856208 -0.0024231406583054 0.0021756479153851
-0.00030885893471074 -0.00077744181485656 0.002362926381648 -0.0031544227213589 0.0034670134444193 -0.0034013320042042 0.0031739800974016 -0.0029175930516868 0.0026725973098167 -0.0024498377228591
0.00029389357248042 0.00052473941354553 -0.0019521925462662 0.0026528699461991 -0.0030754393456037 0.0031739800974016 -0.0031091346302129 0.0029659917368479 -0.0027945546495844 0.0026182727859881
-0.00030007361762389 -0.00030993442886437 0.0016489443655812 -0.002250453218711 0.0027211569856208 -0.0029175930516868 0.0029659917368479 -0.002918339238409 0.0028173793279353 -0.0026913633570835
0.00027136099345955 0.00012955633772486 -0.0014199832741532 0.0019425628565596 -0.0024231406583054 0.0026725973098167 -0.0027945546495844 0.0028173793279353 -0.0027764813532689 0.0026979002925622
-0.00024130523860409 -6.183650329857e-07 0.0012515966848316 -0.0017044531423637 0.0021756479153851 -0.0024498377228591 0.0026182727859881 -0.0026913633570835 0.0026979002925622 -0.0026603082403901
