3.1415926535898 0.067994408025905 2.6348375907653 0.56416999512462 -2.3230748431324 0.83358524563751 -2.1599435908907 1.0940730147005 -1.9245327851701 1.3425081259855
-0.067994408025905 3.1415926535898 0.001503239063809 3.098761089541 -0.067228968146991 3.0908900404853 0.0014605796316388 -3.0756431313814 0.10235038693661 -3.0162707255875
-2.6348375907653 -0.001503239063809 3.1415926535898 -0.029138037991694 3.0953570904392 -0.045440201198641 3.0807974061497 -0.076971924095115 3.0402606707719 -0.12228322484403
-0.56416999512462 -3.098761089541 0.029138037991694 3.1415926535898 0.0094563442804942 -3.1357926586978 -0.010329359693465 3.1253932425421 -0.02230127945876 3.1116905342794
2.3230748431324 0.067228968146991 -3.0953570904392 -0.0094563442804942 3.1415926535898 -1.8774036703953e-05 3.1276668659882 -0.023887060012426 3.1086459465705 -0.040888378075113
-0.83358524563751 -3.0908900404853 0.045440201198641 3.1357926586978 1.8774036703953e-05 3.1415926535898 -0.014308325290082 3.1168230864598 -0.033846257663742 3.1003435024581
2.1599435908907 -0.0014605796316388 -3.0807974061497 0.010329359693465 -3.1276668659882 0.014308325290082 3.1415926535898 -0.0085352617316795 3.1263317901871 -0.020889336407416
-1.0940730147005 3.0756431313814 0.076971924095115 -3.1253932425421 0.023887060012426 -3.1168230864598 0.0085352617316795 3.1415926535898 -0.0062102544926933 3.1301867098925
1.9245327851701 -0.10235038693661 -3.0402606707719 0.02230127945876 -3.1086459465705 0.033846257663742 -3.1263317901871 0.0062102544926933 3.1415926535898 -0.0049872547929538
-1.3425081259855 3.0162707255875 0.12228322484403 -3.1116905342794 0.040888378075113 -3.1003435024581 0.020889336407416 -3.1301867098925 0.0049872547929538 3.1415926535898
