0.00016476726203123 0.00021829365640412 0.00020636070327629 0.00017708880249617 0.00014498979242032 0.00012683321963226 0.00011606642851866 0.00010687802690778 0.00010185209318487 9.8235188265542e-05
0.00021829365640412 0.00029006435672701 0.00026656867053809 0.00021689533310391 0.00018546636929015 0.00016609147320077 0.00015371434696355 0.00014373606262759 0.00013667700807642 0.00013186582475575
0.00020636070327629 0.00026656867053809 0.00024157544937065 0.00020468103002152 0.00017659575302258 0.00015541672517626 0.00014331288281328 0.00013399959402645 0.00012756064862293 0.00012263960343016
0.00017708880249617 0.00021689533310391 0.00020468103002152 0.00017064051700041 0.00014728729735514 0.0001318864877104 0.00012163921201604 0.00011400685320936 0.00010898813085327 0.00010524801906729
0.00014498979242032 0.00018546636929015 0.00017659575302258 0.00014728729735514 0.00012372574912 0.0001122399959508 0.0001050274699167 9.9594366182066e-05 9.6034114436159e-05 9.3251319394764e-05
0.00012683321963226 0.00016609147320077 0.00015541672517626 0.0001318864877104 0.0001122399959508 0.00010166906373955 9.5347871946058e-05 9.00984492655e-05 8.6901182770118e-05 8.4431600034636e-05
0.00011606642851866 0.00015371434696355 0.00014331288281328 0.00012163921201604 0.0001050274699167 9.5347871946058e-05 8.9543065133773e-05 8.4662462089464e-05 8.1752577023966e-05 7.9488627219208e-05
0.00010687802690778 0.00014373606262759 0.00013399959402645 0.00011400685320936 9.9594366182066e-05 9.00984492655e-05 8.4662462089464e-05 8.0212218039729e-05 7.7493680350082e-05 7.5381672092233e-05
0.00010185209318487 0.00013667700807642 0.00012756064862293 0.00010898813085327 9.6034114436159e-05 8.6901182770118e-05 8.1752577023966e-05 7.7493680350082e-05 7.4812408123077e-05 7.2774038782136e-05
9.8235188265542e-05 0.00013186582475575 0.00012263960343016 0.00010524801906729 9.3251319394764e-05 8.4431600034636e-05 7.9488627219208e-05 7.5381672092233e-05 7.2774038782136e-05 7.0792846945353e-05
