3.1415926535898 0.0096096213662871 -3.1231000173685 0.027449051643309 -3.1051662750046 0.045243101332646 -3.0876906997982 0.062216248104152 -3.0713961225463 0.07774403626529
-0.0096096213662871 3.1415926535898 0.0087934952944829 -3.124020232209 0.026285145651521 -3.1068432425018 0.042965236995903 -3.0908479335511 0.058100861403442 -3.0766572734648
3.1231000173685 -0.0087934952944829 3.1415926535898 0.0086999915903148 -3.1243359130081 0.025487196717787 -3.1082029440824 0.04077609942955 -3.0939299037732 0.05395342891027
-0.027449051643309 3.124020232209 -0.0086999915903148 3.1415926535898 0.0084811407934279 -3.1250325769726 0.024234225545612 -3.1102766870626 0.037826010289059 -3.0979210866049
3.1051662750046 -0.026285145651521 3.1243359130081 -0.0084811407934279 3.1415926535898 0.008003699109613 -3.1260653645149 0.022384521877459 -3.1129911334444 0.034090152131634
-0.045243101332646 3.1068432425018 -0.025487196717787 3.1250325769726 -0.008003699109613 3.1415926535898 0.0074492391640093 -3.1274327616856 0.020164694685562 -3.1162114230984
3.0876906997982 -0.042965236995903 3.1082029440824 -0.024234225545612 3.1260653645149 -0.0074492391640093 3.1415926535898 0.0066390030650023 -3.129084374921 0.017531960279804
-0.062216248104152 3.0908479335511 -0.04077609942955 3.1102766870626 -0.022384521877459 3.1274327616856 -0.0066390030650023 3.1415926535898 0.0058067083557232 -3.130880073757
3.0713961225463 -0.058100861403442 3.0939299037732 -0.037826010289059 3.1129911334444 -0.020164694685562 3.129084374921 -0.0058067083557232 3.1415926535898 0.0048512897104521
-0.07774403626529 3.0766572734648 -0.05395342891027 3.0979210866049 -0.034090152131634 3.1162114230984 -0.017531960279804 3.130880073757 -0.0048512897104521 3.1415926535898
