0.00080055421925519 0.00061058072339596 0.0005132609330619 0.00044923160641038 0.00040127975557725 0.00036580027686695 0.00034094977714755 0.00032206496809171 0.00030652497618334 0.00029305101760525
0.00061058072339596 0.00046559532234414 0.00039243974934779 0.00033018906856683 0.00028983034101996 0.00026544128191248 0.00024853170802561 0.00023598307320645 0.00022555714923998 0.00021649425940303
0.0005132609330619 0.00039243974934779 0.00032289295108444 0.00026945500781864 0.0002405715030456 0.00021941706348358 0.00020574172219527 0.00019486390234679 0.00018577066671962 0.00017798163023276
0.00044923160641038 0.00033018906856683 0.00026945500781864 0.00023164746835579 0.00020817510720367 0.00019163411305348 0.00017923725314928 0.0001696892209317 0.00016151496118535 0.00015445859522859
0.00040127975557725 0.00028983034101996 0.0002405715030456 0.00020817510720367 0.00018711891136737 0.00017254698453766 0.00016120999656227 0.00015248435648895 0.00014506795157053 0.00013863313124187
0.00036580027686695 0.00026544128191248 0.00021941706348358 0.00019163411305348 0.00017254698453766 0.00015992555973118 0.00014941347377513 0.00014125950852567 0.00013438606502387 0.00012843278521732
0.00034094977714755 0.00024853170802561 0.00020574172219527 0.00017923725314928 0.00016120999656227 0.00014941347377513 0.00013935036551937 0.00013179676843768 0.0001256021509373 0.00012028257764266
0.00032206496809171 0.00023598307320645 0.00019486390234679 0.0001696892209317 0.00015248435648895 0.00014125950852567 0.00013179676843768 0.00012476441174766 0.00011908981296881 0.00011426546191399
0.00030652497618334 0.00022555714923998 0.00018577066671962 0.00016151496118535 0.00014506795157053 0.00013438606502387 0.0001256021509373 0.00011908981296881 0.00011385156151361 0.00010944321238444
0.00029305101760525 0.00021649425940303 0.00017798163023276 0.00015445859522859 0.00013863313124187 0.00012843278521732 0.00012028257764266 0.00011426546191399 0.00010944321238444 0.00010542665758864
