0.00022175705534833 0.00021273490052928 0.00019603062994549 0.0001654703455167 0.0001301636518749 0.00011308185418753 0.00010155178740283 9.37153782903e-05 8.7760826007266e-05 8.372799536726e-05
0.00021273490052928 0.00021168724729407 0.00019587577823956 0.00016353943795339 0.0001307192690263 0.00011152030656196 0.00010024385679743 9.3381590516575e-05 8.7003001611257e-05 8.2378039782753e-05
0.00019603062994549 0.00019587577823956 0.00017135612254652 0.00014704347762763 0.00011955357281738 0.00010200375180485 9.2509595227916e-05 8.5625286141904e-05 7.928141437825e-05 7.4838314754847e-05
0.0001654703455167 0.00016353943795339 0.00014704347762763 0.00012305291237384 9.5806229341013e-05 8.3125783666446e-05 7.522204749934e-05 6.8966366951475e-05 6.4352661484208e-05 6.0787596156935e-05
0.0001301636518749 0.0001307192690263 0.00011955357281738 9.5806229341013e-05 7.6880159194096e-05 6.6814345589791e-05 6.0298039398379e-05 5.6144900158309e-05 5.2803082728411e-05 5.0394350199258e-05
0.00011308185418753 0.00011152030656196 0.00010200375180485 8.3125783666446e-05 6.6814345589791e-05 5.8426713100196e-05 5.334864833065e-05 4.9379695528262e-05 4.6184491495862e-05 4.3679276414795e-05
0.00010155178740283 0.00010024385679743 9.2509595227916e-05 7.522204749934e-05 6.0298039398379e-05 5.334864833065e-05 4.9200288128436e-05 4.6095198911739e-05 4.341696745205e-05 4.1193881333262e-05
9.37153782903e-05 9.3381590516575e-05 8.5625286141904e-05 6.8966366951475e-05 5.6144900158309e-05 4.9379695528262e-05 4.6095198911739e-05 4.3313951528477e-05 4.0915037422169e-05 3.8918322669821e-05
8.7760826007266e-05 8.7003001611257e-05 7.928141437825e-05 6.4352661484208e-05 5.2803082728411e-05 4.6184491495862e-05 4.341696745205e-05 4.0915037422169e-05 3.8781274061246e-05 3.6998590488366e-05
8.372799536726e-05 8.2378039782753e-05 7.4838314754847e-05 6.0787596156935e-05 5.0394350199258e-05 4.3679276414795e-05 4.1193881333262e-05 3.8918322669821e-05 3.6998590488366e-05 3.5399766528003e-05
