0.00051928182596459 0.0024813242680131 0.0025730676039264 0.002300977388696 0.0019697958267534 0.0018985852614809 0.0016993471749278 0.0014529423289137 0.0013252465327039 0.0012190649881903
0.0024813242680131 0.0010171766173716 0.00069186920536654 0.00069925464871068 0.00058953456684643 0.00059958869832767 0.00049014291437818 0.00040379541705489 0.00036288656272868 0.00033096005893726
0.0025730676039264 0.00069186920536654 0.00096751893763141 0.00056482431558965 0.0004880267056251 0.00047670134796705 0.00044991382366388 0.00039559490598882 0.00035054260569579 0.00031350008207402
0.002300977388696 0.00069925464871068 0.00056482431558965 0.00066596951679686 0.00049259182071744 0.00047339190339848 0.00040478374972686 0.00033293037157628 0.00029022640834648 0.00026749242619786
0.0019697958267534 0.00058953456684643 0.0004880267056251 0.00049259182071744 0.00056658093443887 0.00042628679741562 0.00040019873173164 0.00033438125039832 0.00029305723276747 0.00026575140459219
0.0018985852614809 0.00059958869832767 0.00047670134796705 0.00047339190339848 0.00042628679741562 0.00050171401999541 0.00045289081397894 0.00035550277609969 0.00029097182853004 0.0002531897710071
0.0016993471749278 0.00049014291437818 0.00044991382366388 0.00040478374972686 0.00040019873173164 0.00045289081397894 0.00043011962140888 0.00033066597837715 0.0002681642352948 0.00023388837984994
0.0014529423289137 0.00040379541705489 0.00039559490598882 0.00033293037157628 0.00033438125039832 0.00035550277609969 0.00033066597837715 0.0002810228850084 0.00024112846511437 0.00021694202282888
0.0013252465327039 0.00036288656272868 0.00035054260569579 0.00029022640834648 0.00029305723276747 0.00029097182853004 0.0002681642352948 0.00024112846511437 0.00022031631649186 0.000206873456152
0.0012190649881903 0.00033096005893726 0.00031350008207402 0.00026749242619786 0.00026575140459219 0.0002531897710071 0.00023388837984994 0.00021694202282888 0.000206873456152 0.00019978428623979
