0.012997492025308 0.0048456434024291 0.0040195828771676 0.0034250721235153 0.0026671948676436 0.0021818576582846 0.0017696567737556 0.0014986924918 0.0012885407257657 0.001090278190845
0.0048456434024291 0.0095294308063754 0.0035747449411745 0.0026775480391866 0.0025103541469465 0.0019888954889811 0.0016382272555891 0.0014052010515787 0.0012824000575501 0.0011644268872812
0.0040195828771676 0.0035747449411745 0.0081082291143286 0.0032617794945408 0.0024088379215685 0.0018805701788336 0.0015159090075109 0.0012438191225539 0.0010974308447451 0.00096512129230428
0.0034250721235153 0.0026775480391866 0.0032617794945408 0.0065181438124553 0.0032890509542908 0.0024935642207464 0.0020431778663753 0.0017631630078392 0.0015142637106997 0.0013338125100802
0.0026671948676436 0.0025103541469465 0.0024088379215685 0.0032890509542908 0.0043532586691331 0.0029790563754468 0.0024247666958327 0.0020886990749054 0.0018398317521252 0.0016298728997624
0.0021818576582846 0.0019888954889811 0.0018805701788336 0.0024935642207464 0.0029790563754468 0.0034767347109339 0.0028601111355218 0.0024646954067498 0.002193181298949 0.001966610104571
0.0017696567737556 0.0016382272555891 0.0015159090075109 0.0020431778663753 0.0024247666958327 0.0028601111355218 0.0029744201320964 0.0026353759500814 0.0023799744045863 0.002153532907806
0.0014986924918 0.0014052010515787 0.0012438191225539 0.0017631630078392 0.0020886990749054 0.0024646954067498 0.0026353759500814 0.0025616194944835 0.0023715093573431 0.0021848816045263
0.0012885407257657 0.0012824000575501 0.0010974308447451 0.0015142637106997 0.0018398317521252 0.002193181298949 0.0023799744045863 0.0023715093573431 0.0023079995542259 0.0021796818309966
0.001090278190845 0.0011644268872812 0.00096512129230428 0.0013338125100802 0.0016298728997624 0.001966610104571 0.002153532907806 0.0021848816045263 0.0021796818309966 0.0021247044043453
