3.1415926535898 0.46884289424729 -3.0028884148933 1.0967414932565 -2.0225764060973 1.4417987997002 -1.4907551406914 1.837064263935 -1.1751808124991 2.1235701036926
-0.46884289424729 3.1415926535898 0.019290911735887 3.0456180309418 -0.037961898065407 3.1250255609926 -0.052372417165907 2.9987574344532 -0.2606168785723 2.7373922849103
3.0028884148933 -0.019290911735887 3.1415926535898 -0.0020688597546227 -3.1297860895826 0.018974186116851 3.1288662493297 -0.054386937543508 3.0362311514935 -0.1643470483632
-1.0967414932565 -3.0456180309418 0.0020688597546227 3.1415926535898 0.023821302988477 -3.0981707272183 0.023985308342876 3.1360462438906 -0.037942695836251 3.065438964408
2.0225764060973 0.037961898065407 3.1297860895826 -0.023821302988477 3.1415926535898 0.014458356912558 3.140164792813 -0.023029157218465 3.0963818693305 -0.070602793107999
-1.4417987997002 -3.1250255609926 -0.018974186116851 3.0981707272183 -0.014458356912558 3.1415926535898 -0.013702344360506 3.1095318021362 -0.049926957625895 3.0716036892531
1.4907551406914 0.052372417165907 -3.1288662493297 -0.023985308342876 -3.140164792813 0.013702344360506 3.1415926535898 -0.015205488387034 3.1128687125573 -0.043341171938606
-1.837064263935 -2.9987574344532 0.054386937543508 -3.1360462438906 0.023029157218465 -3.1095318021362 0.015205488387034 3.1415926535898 -0.011920233128832 3.1178717212096
1.1751808124991 0.2606168785723 -3.0362311514935 0.037942695836251 -3.0963818693305 0.049926957625895 -3.1128687125573 0.011920233128832 3.1415926535898 -0.01067464078669
-2.1235701036926 -2.7373922849103 0.1643470483632 -3.065438964408 0.070602793107999 -3.0716036892531 0.043341171938606 -3.1178717212096 0.01067464078669 3.1415926535898
