0.035874715386262 0.020448067772016 0.018120279089765 0.016766745628518 0.015710162406441 0.014799722799419 0.013985495698462 0.013245541880309 0.012567538333019 0.011942893067309 0.011366095061078 0.010834748808781 0.010337669987561 0.0098766957965553 0.0094508455925738 0.0090544777115377 0.0086833815989471 0.0083367956017056 0.0080158234758613 0.0077117340323823
0.020448067772016 0.012723527127651 0.011887768821211 0.011417847015829 0.010994958690021 0.010572884332491 0.010150158460149 0.0097329140241948 0.0093268369636664 0.0089357856966308 0.0085620740659026 0.0082088590424942 0.0078715882044183 0.0075533858471869 0.0072554302417734 0.0069751856119809 0.0067101704668723 0.0064604506738457 0.006226983467526 0.0060043640083666
0.018120279089765 0.011887768821211 0.011499045257493 0.011334312971332 0.011135027373879 0.010877921346293 0.010576248827247 0.010247060716682 0.0099042393339587 0.0095578101311429 0.0092144694669186 0.0088809371031927 0.0085552397550533 0.0082422268450914 0.0079447275138861 0.0076610410410849 0.0073897516688585 0.0071315184118898 0.0068878784667172 0.0066537794611988
0.016766745628518 0.011417847015829 0.011334312971332 0.01140118344921 0.011385620341351 0.011273079168103 0.011083565906031 0.010840198539427 0.010562059139511 0.010263481342364 0.0099545063858557 0.0096446865271783 0.0093342463383374 0.0090296645235174 0.0087352534532077 0.0084501740075761 0.0081740681218184 0.0079082389069923 0.0076549160438063 0.0074094007146159
0.015710162406441 0.010994958690021 0.011135027373879 0.011385620341351 0.011527187856571 0.011546945917674 0.01146676727239 0.011312370097363 0.011105655039613 0.010863654993171 0.010598745232502 0.010322560535996 0.010037157893769 0.0097503651544325 0.0094678076047692 0.0091894693704692 0.0089160133842711 0.008649402123155 0.0083925166724734 0.008141118057545
0.014799722799419 0.010572884332491 0.010877921346293 0.011273079168103 0.011546945917674 0.011685148864168 0.01170848014133 0.011642841424918 0.011511102459201 0.011331636169526 0.011118222928098 0.010883863933081 0.010632026092585 0.01037155169396 0.010109166465173 0.009845594175235 0.009582397883299 0.0093221810737381 0.0090683893305458 0.0088173052149347
0.013985495698462 0.010150158460149 0.010576248827247 0.011083565906031 0.01146676727239 0.01170848014133 0.011826845813956 0.01184640154962 0.011789664295534 0.011675287277733 0.011517670805214 0.011330555624772 0.011118393831378 0.010890714170491 0.01065510490405 0.010412916439916 0.010166450458974 0.0099188979468288 0.0096741787524187 0.0094291029509697
0.013245541880309 0.0097329140241948 0.010247060716682 0.010840198539427 0.011312370097363 0.011642841424918 0.01184640154962 0.011945349526498 0.011960981644164 0.011911471166165 0.01181122397494 0.011674210071654 0.011505486254329 0.011314966856459 0.011110870361903 0.010895035459169 0.010670346982563 0.010440504357552 0.010209811931518 0.0099755701667556
0.012567538333019 0.0093268369636664 0.0099042393339587 0.010562059139511 0.011105655039613 0.011511102459201 0.011789664295534 0.011960981644164 0.01204462479089 0.012057773650373 0.012014396884996 0.011928297535876 0.011804821051476 0.011654010392878 0.011484497227738 0.011298476195275 0.011099261092864 0.010890968040758 0.010678201227612 0.010458700445613
0.011942893067309 0.0089357856966308 0.0095578101311429 0.010263481342364 0.010863654993171 0.011331636169526 0.011675287277733 0.011911471166165 0.012057773650373 0.012130144010216 0.012141631172266 0.012105748838883 0.012027824230566 0.011917819536702 0.011784598869591 0.011630576593195 0.011459359574709 0.011275384929881 0.011083478771856 0.010881762891915
0.011366095061078 0.0085620740659026 0.0092144694669186 0.0099545063858557 0.010598745232502 0.011118222928098 0.011517670805214 0.01181122397494 0.012014396884996 0.012141631172266 0.012205210298365 0.012217787616619 0.012184621224657 0.012115424742426 0.012019138611424 0.011898280207807 0.011756623152813 0.011598843795116 0.011429900760947 0.011248263851041
0.010834748808781 0.0082088590424942 0.0088809371031927 0.0096446865271783 0.010322560535996 0.010883863933081 0.011330555624772 0.011674210071654 0.011928297535876 0.012105748838883 0.012217787616619 0.012276450345535 0.012286267851704 0.01225698332368 0.012197367366217 0.012109950083687 0.011998515551191 0.01186792273201 0.011723362730566 0.011563348251968
0.010337669987561 0.0078715882044183 0.0085552397550533 0.0093342463383374 0.010037157893769 0.010632026092585 0.011118393831378 0.011505486254329 0.011804821051476 0.012027824230566 0.012184621224657 0.012286267851704 0.012337326938789 0.012346630824594 0.012322957716524 0.012268717921066 0.012187810382775 0.012085137562086 0.011965717750481 0.011828488827427
0.0098766957965553 0.0075533858471869 0.0082422268450914 0.0090296645235174 0.0097503651544325 0.01037155169396 0.010890714170491 0.011314966856459 0.011654010392878 0.011917819536702 0.012115424742426 0.01225698332368 0.012346630824594 0.012392754020795 0.012403610556778 0.012381759603821 0.012330945583425 0.012256086538385 0.012162135008927 0.012048229079314
0.0094508455925738 0.0072554302417734 0.0079447275138861 0.0087352534532077 0.0094678076047692 0.010109166465173 0.01065510490405 0.011110870361903 0.011484497227738 0.011784598869591 0.012019138611424 0.012197367366217 0.012322957716524 0.012403610556778 0.01244792643575 0.012457075670097 0.012435645379416 0.012388232684219 0.012319685195148 0.012229308387223
0.0090544777115377 0.0069751856119809 0.0076610410410849 0.0084501740075761 0.0091894693704692 0.009845594175235 0.010412916439916 0.010895035459169 0.011298476195275 0.011630576593195 0.011898280207807 0.012109950083687 0.012268717921066 0.012381759603821 0.012457075670097 0.012496605874378 0.012503371285355 0.012482701343906 0.012439175751268 0.012372198453512
0.0086833815989471 0.0067101704668723 0.0073897516688585 0.0081740681218184 0.0089160133842711 0.009582397883299 0.010166450458974 0.010670346982563 0.011099261092864 0.011459359574709 0.011756623152813 0.011998515551191 0.012187810382775 0.012330945583425 0.012435645379416 0.012503371285355 0.012537702465825 0.012542797756883 0.012523698464814 0.012479808554945
0.0083367956017056 0.0064604506738457 0.0071315184118898 0.0079082389069923 0.008649402123155 0.0093221810737381 0.0099188979468288 0.010440504357552 0.010890968040758 0.011275384929881 0.011598843795116 0.01186792273201 0.012085137562086 0.012256086538385 0.012388232684219 0.012482701343906 0.012542797756883 0.012573097303303 0.012577629627699 0.012556330245134
0.0080158234758613 0.006226983467526 0.0068878784667172 0.0076549160438063 0.0083925166724734 0.0090683893305458 0.0096741787524187 0.010209811931518 0.010678201227612 0.011083478771856 0.011429900760947 0.011723362730566 0.011965717750481 0.012162135008927 0.012319685195148 0.012439175751268 0.012523698464814 0.012577629627699 0.012605045453433 0.012605525327281
0.0077117340323823 0.0060043640083666 0.0066537794611988 0.0074094007146159 0.008141118057545 0.0088173052149347 0.0094291029509697 0.0099755701667556 0.010458700445613 0.010881762891915 0.011248263851041 0.011563348251968 0.011828488827427 0.012048229079314 0.012229308387223 0.012372198453512 0.012479808554945 0.012556330245134 0.012605525327281 0.012627661017527
