0.0033294300887772 0.008241671787808 0.007437313656564 0.0066144377360023 0.0054829635353271 0.0045491226940623 0.0038032275103264 0.0032197057658673 0.0027642980795551 0.0024089379612984
0.008241671787808 0.034431225105206 0.017789421678201 0.012117005608068 0.0082700160720433 0.0061297792295636 0.0044817945205697 0.0031583342883133 0.0020770731150378 0.0012078616780862
0.007437313656564 0.017789421678201 0.029017944246055 0.023379124134198 0.018629195358107 0.014312739827523 0.011003525076838 0.0084210687175524 0.0064044159844094 0.0048083579775594
0.0066144377360023 0.012117005608068 0.023379124134198 0.024746270511666 0.021698897171782 0.017974766652962 0.014647525529307 0.011835705037015 0.0095478936345138 0.0076855968091826
0.0054829635353271 0.0082700160720433 0.018629195358107 0.021698897171782 0.021049015019748 0.018642541437548 0.016056032693003 0.013603328414564 0.011473050434315 0.0096493358856475
0.0045491226940623 0.0061297792295636 0.014312739827523 0.017974766652962 0.018642541437548 0.01751648253664 0.015830767479215 0.013986197772643 0.012252239960747 0.010676193639884
0.0038032275103264 0.0044817945205697 0.011003525076838 0.014647525529307 0.016056032693003 0.015830767479215 0.014962870674283 0.013759378894055 0.012499337289353 0.0112602977737
0.0032197057658673 0.0031583342883133 0.0084210687175524 0.011835705037015 0.013603328414564 0.013986197772643 0.013759378894055 0.013127735712437 0.012332138845318 0.011455022807007
0.0027642980795551 0.0020770731150378 0.0064044159844094 0.0095478936345138 0.011473050434315 0.012252239960747 0.012499337289353 0.012332138845318 0.011944147861913 0.011407745441865
0.0024089379612984 0.0012078616780862 0.0048083579775594 0.0076855968091826 0.0096493358856475 0.010676193639884 0.0112602977737 0.011455022807007 0.011407745441865 0.011175017566657
