0.00016397691770371 0.00086648122644813 0.0008721756184386 0.00081102149285192 0.0006501944014073 0.00054225679754192 0.00048488077584999 0.00045193925050146 0.00042669400079807 0.00040837204582489
0.00086648122644813 0.00033859706526446 0.00025104577597781 0.00021909040438623 0.00017995471002443 0.00014964284206002 0.00013546668602452 0.00012691847475515 0.00012067984274971 0.00011507148054547
0.0008721756184386 0.00025104577597781 0.00032567866445872 0.00023843708874933 0.00018602091334891 0.00015134745890849 0.00013062254089154 0.00012220761851826 0.00011474727929655 0.000108571765655
0.00081102149285192 0.00021909040438623 0.00023843708874933 0.00030154850162732 0.00018004803612761 0.00014758581653249 0.00013002233571455 0.00011864812227756 0.00011048973446163 0.00010485628332935
0.0006501944014073 0.00017995471002443 0.00018602091334891 0.00018004803612761 0.00018151050164447 0.00013905564938951 0.00011945259441663 0.00010575054858245 9.7730029746715e-05 9.1240506013419e-05
0.00054225679754192 0.00014964284206002 0.00015134745890849 0.00014758581653249 0.00013905564938951 0.00013705498216547 0.00011455510606859 0.00010008054942778 9.0167315693703e-05 8.3586938904028e-05
0.00048488077584999 0.00013546668602452 0.00013062254089154 0.00013002233571455 0.00011945259441663 0.00011455510606859 0.00010631572918998 9.4484728630772e-05 8.58886289457e-05 7.9651136412749e-05
0.00045193925050146 0.00012691847475515 0.00012220761851826 0.00011864812227756 0.00010575054858245 0.00010008054942778 9.4484728630772e-05 8.7964078459011e-05 8.1339114274182e-05 7.6384250523234e-05
0.00042669400079807 0.00012067984274971 0.00011474727929655 0.00011048973446163 9.7730029746715e-05 9.0167315693703e-05 8.58886289457e-05 8.1339114274182e-05 7.7530589587365e-05 7.405351646622e-05
0.00040837204582489 0.00011507148054547 0.000108571765655 0.00010485628332935 9.1240506013419e-05 8.3586938904028e-05 7.9651136412749e-05 7.6384250523234e-05 7.405351646622e-05 7.1841411426473e-05
