0.041722848849894 -0.015510074915562 0.01055830281801 -0.0080274861902481 0.0065570034371506 -0.005408719745427 0.0045741524139267 -0.0039448925008331 0.0034231794498507 -0.002984534893835
-0.015510074915562 0.018608112905418 -0.0085026798573734 0.0061146241205281 -0.0048381025620783 0.0038985785920118 -0.0032115792770332 0.0027223950332472 -0.0023445549647018 0.0020352804846876
0.01055830281801 -0.0085026798573734 0.011745396469117 -0.0076131262572204 0.0058474203118403 -0.0046339144962824 0.0037742129498698 -0.0031416337346323 0.0026470598775048 -0.002252940072559
-0.0080274861902481 0.0061146241205281 -0.0076131262572204 0.0081848204688892 -0.0064906817865721 0.0052691005748655 -0.0043806699107653 0.0037134202993889 -0.0031868922648397 0.0027614003546655
0.0065570034371506 -0.0048381025620783 0.0058474203118403 -0.0064906817865721 0.006179024571852 -0.005343338979316 0.0046144979324046 -0.0040138826606697 0.0035152433329852 -0.0031001183663159
-0.005408719745427 0.0038985785920118 -0.0046339144962824 0.0052691005748655 -0.005343338979316 0.0050247447849751 -0.004543813654255 0.0040763814809884 -0.003653793866256 0.0032836254361294
0.0045741524139267 -0.0032115792770332 0.0037742129498698 -0.0043806699107653 0.0046144979324046 -0.004543813654255 0.004292513300703 -0.0039699637242485 0.0036439410895333 -0.0033390209312538
-0.0039448925008331 0.0027223950332472 -0.0031416337346323 0.0037134202993889 -0.0040138826606697 0.0040763814809884 -0.0039699637242485 0.0037712864230861 -0.0035376061515608 0.0033009219739312
0.0034231794498507 -0.0023445549647018 0.0026470598775048 -0.0031868922648397 0.0035152433329852 -0.003653793866256 0.0036439410895333 -0.0035376061515608 0.0033834550870115 -0.0032102446608785
-0.002984534893835 0.0020352804846876 -0.002252940072559 0.0027614003546655 -0.0031001183663159 0.0032836254361294 -0.0033390209312538 0.0033009219739312 -0.0032102446608785 0.0030927235427954
