0.00039765759140059 0.00034863235333168 0.00030898912507539 0.00025448761965692 0.00021215585370853 0.00018909628022661 0.00017326209267641 0.0001625161881779 0.00015461504285811 0.0001476313808705
0.00034863235333168 0.00031317506215745 0.0002737436915749 0.00021991739847777 0.00018777338781335 0.00016618154857437 0.00015342436492641 0.00014316701442941 0.00013518272588312 0.00012811982947983
0.00030898912507539 0.0002737436915749 0.00023275108343661 0.00019935902130808 0.00016549528431808 0.00014563889091279 0.00013430520455104 0.0001250070114018 0.00011816476698605 0.00011233880302356
0.00025448761965692 0.00021991739847777 0.00019935902130808 0.00016564585099079 0.00013230447607611 0.00011867741088574 0.00010948540132088 0.00010285625715518 9.7490514623774e-05 9.2977590519549e-05
0.00021215585370853 0.00018777338781335 0.00016549528431808 0.00013230447607611 0.00010916273476772 9.8076401887366e-05 9.0737088133074e-05 8.5604322585708e-05 8.1425496287515e-05 7.7834109231636e-05
0.00018909628022661 0.00016618154857437 0.00014563889091279 0.00011867741088574 9.8076401887366e-05 8.9231330824463e-05 8.3329662728049e-05 7.867719727954e-05 7.4637134165832e-05 7.1179601428228e-05
0.00017326209267641 0.00015342436492641 0.00013430520455104 0.00010948540132088 9.0737088133074e-05 8.3329662728049e-05 7.7762738011641e-05 7.348180311194e-05 6.9880371227629e-05 6.6755391657729e-05
0.0001625161881779 0.00014316701442941 0.0001250070114018 0.00010285625715518 8.5604322585708e-05 7.867719727954e-05 7.348180311194e-05 6.9598454416629e-05 6.6392562587644e-05 6.3569654313991e-05
0.00015461504285811 0.00013518272588312 0.00011816476698605 9.7490514623774e-05 8.1425496287515e-05 7.4637134165832e-05 6.9880371227629e-05 6.6392562587644e-05 6.3634832928256e-05 6.1178046481677e-05
0.0001476313808705 0.00012811982947983 0.00011233880302356 9.2977590519549e-05 7.7834109231636e-05 7.1179601428228e-05 6.6755391657729e-05 6.3569654313991e-05 6.1178046481677e-05 5.9015442883127e-05
