0.10140818352671 0.00043746915538355 -0.0003582916980664 0.00017009553876703 -0.00021430656532771 0.00018318132946493 -0.00015568733837443 0.00012306864250489 -9.7606172095066e-05 8.110908187124e-05
0.00043746915538355 0.0065319588422299 -0.001583517293763 -0.00032951951761946 -0.00049211745394305 0.0005073350197735 -0.0003021513773914 0.00010333132587894 -2.8313685424407e-05 1.4670425826826e-05
-0.0003582916980664 -0.001583517293763 0.0090350652613767 -0.0028366297980371 0.002566286172265 -0.0016755652131332 0.0012458741284377 -0.001048770759955 0.00078236233308705 -0.00059549728348894
0.00017009553876703 -0.00032951951761946 -0.0028366297980371 0.007533829203561 -0.004787161568305 0.0032803090080928 -0.0025538351831468 0.0019951682213727 -0.0015688144964002 0.0012185031301154
-0.00021430656532771 -0.00049211745394305 0.002566286172265 -0.004787161568305 0.0065245173557989 -0.0041383950266297 0.0031785270361069 -0.0025610939558274 0.0020831419848498 -0.0017544768768718
0.00018318132946493 0.0005073350197735 -0.0016755652131332 0.0032803090080928 -0.0041383950266297 0.0037879365641469 -0.0030642130208263 0.0024800275464477 -0.0020705858946768 0.0017952888484878
-0.00015568733837443 -0.0003021513773914 0.0012458741284377 -0.0025538351831468 0.0031785270361069 -0.0030642130208263 0.0028869485275286 -0.0024204490301211 0.0020761343518392 -0.0018423089062361
0.00012306864250489 0.00010333132587894 -0.001048770759955 0.0019951682213727 -0.0025610939558274 0.0024800275464477 -0.0024204490301211 0.0022391329282247 -0.0020114318271522 0.0018404415708748
-9.7606172095066e-05 -2.8313685424407e-05 0.00078236233308705 -0.0015688144964002 0.0020831419848498 -0.0020705858946768 0.0020761343518392 -0.0020114318271522 0.0018857300313274 -0.0017722035602847
8.110908187124e-05 1.4670425826826e-05 -0.00059549728348894 0.0012185031301154 -0.0017544768768718 0.0017952888484878 -0.0018423089062361 0.0018404415708748 -0.0017722035602847 0.0017068309215923
