0.00041966354795191 0.00034183605697971 0.00029732583845968 0.00025108563845642 0.00023114016637082 0.00020828324866755 0.00020054274080504 0.00019056120399037 0.00018376964407323 0.00017780345538585
0.00034183605697971 0.00045167454966084 0.00033553025240735 0.00027919249293801 0.00025107571459633 0.00021857135909767 0.00020498304839061 0.00019244461897616 0.00018318094111583 0.00017489542598893
0.00029732583845968 0.00033553025240735 0.00037220735283154 0.00027395557379202 0.00023965124675462 0.00020840476685192 0.00019171436791171 0.00018175906481863 0.00017576319343954 0.00017017152073085
0.00025108563845642 0.00027919249293801 0.00027395557379202 0.00029170907086135 0.00023347850288974 0.00019677632236888 0.00017849911301434 0.00016503565418096 0.00015674248878529 0.00014965138676799
0.00023114016637082 0.00025107571459633 0.00023965124675462 0.00023347850288974 0.00024891184690603 0.00021214942448015 0.00019180087402916 0.0001726409179321 0.00016038186195492 0.00015031963641395
0.00020828324866755 0.00021857135909767 0.00020840476685192 0.00019677632236888 0.00021214942448015 0.00020130583133105 0.00018508442473877 0.00016899797423677 0.00015717946329975 0.00014754796267057
0.00020054274080504 0.00020498304839061 0.00019171436791171 0.00017849911301434 0.00019180087402916 0.00018508442473877 0.00017835409538512 0.00016587058887658 0.00015631890500833 0.00014803110943674
0.00019056120399037 0.00019244461897616 0.00018175906481863 0.00016503565418096 0.0001726409179321 0.00016899797423677 0.00016587058887658 0.00015957396386635 0.00015327873843377 0.00014702962970733
0.00018376964407323 0.00018318094111583 0.00017576319343954 0.00015674248878529 0.00016038186195492 0.00015717946329975 0.00015631890500833 0.00015327873843377 0.00015021230949635 0.00014607388892208
0.00017780345538585 0.00017489542598893 0.00017017152073085 0.00014965138676799 0.00015031963641395 0.00014754796267057 0.00014803110943674 0.00014702962970733 0.00014607388892208 0.00014381634653746
