0.0015937085117614 0.0013599901276187 0.00099385378931655 0.00081699381770398 0.00073678175128739 0.00069591261739841 0.00066144586045327 0.00062523391670292 0.00059379572561476 0.00056301426431412
0.0013599901276187 0.001291462395041 0.00094647735585127 0.00078536705384688 0.00073818403443029 0.00067228903981693 0.00062692320058291 0.0005910481746041 0.00056395916702228 0.00053890900261231
0.00099385378931655 0.00094647735585127 0.00075456692757664 0.00063873102736708 0.00063016373068329 0.00057535266548857 0.00053649462781041 0.00049880448933628 0.00046953885652278 0.00044163049416042
0.00081699381770398 0.00078536705384688 0.00063873102736708 0.00053375798702264 0.0005242650216396 0.00048458490054042 0.00045572421733512 0.00042762031864904 0.0004061801832797 0.00038605618247755
0.00073678175128739 0.00073818403443029 0.00063016373068329 0.0005242650216396 0.00051087432194436 0.00046877473489849 0.00044194727139581 0.00041345591904805 0.00039147549581564 0.00037005306548898
0.00069591261739841 0.00067228903981693 0.00057535266548857 0.00048458490054042 0.00046877473489849 0.00042814424918531 0.00040553859138983 0.00038161724535565 0.00036308237333125 0.00034466600318313
0.00066144586045327 0.00062692320058291 0.00053649462781041 0.00045572421733512 0.00044194727139581 0.00040553859138983 0.00038492272127803 0.00036299543411032 0.0003456796685765 0.00032826671882531
0.00062523391670292 0.0005910481746041 0.00049880448933628 0.00042762031864904 0.00041345591904805 0.00038161724535565 0.00036299543411032 0.00034280648610529 0.00032674658488121 0.00031072741092803
0.00059379572561476 0.00056395916702228 0.00046953885652278 0.0004061801832797 0.00039147549581564 0.00036308237333125 0.0003456796685765 0.00032674658488121 0.00031157993877339 0.00029669805953008
0.00056301426431412 0.00053890900261231 0.00044163049416042 0.00038605618247755 0.00037005306548898 0.00034466600318313 0.00032826671882531 0.00031072741092803 0.00029669805953008 0.00028326267895327
