0.014299892424043 0.0019107089789912 0.0012168359584529 0.0010699014381566 0.00087323596199399 0.00080062033456013 0.00071041258319848 0.00061020749376694 0.00052804722703247 0.00047113154499779 0.00044314088704497 0.00045391315497637 0.00041583132976622 0.00040901729879205 0.00040042979592603 0.00040175202418708 0.00039724247921332 0.00039217839952333 0.00039030027274207 0.00038005109705231
0.0019107089789912 0.0075754800275405 0.0024857064286052 0.0017112198530268 0.0013167669430345 0.0011108004625776 0.00094953519022362 0.00082802665447075 0.00074124807556968 0.00067638829232354 0.00063115087113835 0.00055877285279506 0.00055779493043604 0.00052679061393299 0.00051786976530636 0.00047402081221944 0.00045140285192397 0.00043100764171594 0.00042040468709888 0.00039404338478433
0.0012168359584529 0.0024857064286052 0.0051894479798827 0.0026605104617874 0.00177759518445 0.0013488345175307 0.0011182160552863 0.00096884345809595 0.00085472839282409 0.00076450124405321 0.00069609259114931 0.00065025065064172 0.00058570886995395 0.00054386921181392 0.00050464748934695 0.00047542483645027 0.0004471758614213 0.00042195787546396 0.00040036618953726 0.00037903605965783
0.0010699014381566 0.0017112198530268 0.0026605104617874 0.0038161598946891 0.002541024267723 0.0019946924658265 0.0016481064094317 0.0014209843463862 0.0012272947590242 0.0010893697048019 0.00097949712236797 0.00090802004062096 0.00082045683946554 0.00076108596874462 0.00071621264578368 0.00066354592505658 0.00062403928190928 0.00058892999997902 0.00055989359094888 0.00052876086632129
0.00087323596199399 0.0013167669430345 0.00177759518445 0.002541024267723 0.0028157480879904 0.0023212114360821 0.0019786560602256 0.0017267602411928 0.0015304892057317 0.001378595367968 0.0012541783987514 0.0011638568223781 0.0010642404229098 0.00099032355556812 0.00092876839171756 0.00086981458991098 0.00082086065179153 0.0007776629225935 0.0007404604579227 0.00070400539781085
0.00080062033456013 0.0011108004625776 0.0013488345175307 0.0019946924658265 0.0023212114360821 0.0023716776018627 0.0021104780442946 0.0018855089774628 0.0017078606598363 0.0015645870964564 0.0014406300278867 0.001345469637416 0.0012441763325903 0.0011646446634413 0.0010956204860013 0.0010327411809723 0.00097783358117502 0.00092876776910556 0.00088574977405521 0.00084401692340732
0.00071041258319848 0.00094953519022362 0.0011182160552863 0.0016481064094317 0.0019786560602256 0.0021104780442946 0.0020665189283772 0.0019044094739868 0.0017615383899883 0.001639034527772 0.0015297004412204 0.0014441838567433 0.001346282208915 0.0012687896869041 0.0011999143846821 0.0011369585625965 0.0010808855230793 0.0010302160771587 0.00098597314039453 0.00094181036579082
0.00061020749376694 0.00082802665447075 0.00096884345809595 0.0014209843463862 0.0017267602411928 0.0018855089774628 0.0019044094739868 0.0018387900606272 0.0017414417740291 0.0016471171444686 0.0015564219031718 0.0014837642038339 0.0013943412763003 0.0013220253517057 0.001256349596928 0.0011953577069429 0.0011402903426153 0.0010900333999599 0.0010460760642017 0.001001341796404
0.00052804722703247 0.00074124807556968 0.00085472839282409 0.0012272947590242 0.0015304892057317 0.0017078606598363 0.0017615383899883 0.0017414417740291 0.0016958124150494 0.0016315672913769 0.0015612643791611 0.0015021769036856 0.0014239412233592 0.0013588127437983 0.0012974927654118 0.001240878684059 0.0011883157918886 0.0011397766752012 0.0010971150396138 0.0010530168677613
0.00047113154499779 0.00067638829232354 0.00076450124405321 0.0010893697048019 0.001378595367968 0.0015645870964564 0.001639034527772 0.0016471171444686 0.0016315672913769 0.0015976618750742 0.0015482161865148 0.0015039934298373 0.0014377166671773 0.0013812414260635 0.0013267129264267 0.0012746010134249 0.0012256697479894 0.0011798618034479 0.0011394512189872 0.0010967091694098
0.00044314088704497 0.00063115087113835 0.00069609259114931 0.00097949712236797 0.0012541783987514 0.0014406300278867 0.0015297004412204 0.0015564219031718 0.0015612643791611 0.0015482161865148 0.0015183948960688 0.0014880871685516 0.0014343843947763 0.001387018001718 0.0013399589516815 0.0012931494790361 0.0012486409578881 0.0012062886242617 0.0011687740896796 0.001128007265472
0.00045391315497637 0.00055877285279506 0.00065025065064172 0.00090802004062096 0.0011638568223781 0.001345469637416 0.0014441838567433 0.0014837642038339 0.0015021769036856 0.0015039934298373 0.0014880871685516 0.0015002375332631 0.0014268606140291 0.0013876131123332 0.001347181588325 0.0013057835822397 0.0012656279950522 0.0012267455794547 0.0011920753432259 0.0011534772339767
0.00041583132976622 0.00055779493043604 0.00058570886995395 0.00082045683946554 0.0010642404229098 0.0012441763325903 0.001346282208915 0.0013943412763003 0.0014239412233592 0.0014377166671773 0.0014343843947763 0.0014268606140291 0.0013948719759999 0.0013643847595953 0.0013313588076426 0.0012958165186672 0.0012606940059196 0.0012260318617536 0.0011949754161013 0.0011593488347939
0.00040901729879205 0.00052679061393299 0.00054386921181392 0.00076108596874462 0.00099032355556812 0.0011646446634413 0.0012687896869041 0.0013220253517057 0.0013588127437983 0.0013812414260635 0.001387018001718 0.0013876131123332 0.0013643847595953 0.0013412893999478 0.0013148009999568 0.0012846381100397 0.0012542341084001 0.0012235938650113 0.0011959909501387 0.0011632842728841
0.00040042979592603 0.00051786976530636 0.00050464748934695 0.00071621264578368 0.00092876839171756 0.0010956204860013 0.0011999143846821 0.001256349596928 0.0012974927654118 0.0013267129264267 0.0013399589516815 0.001347181588325 0.0013313588076426 0.0013148009999568 0.0013151366963372 0.0012692400432148 0.0012433830328406 0.0012166725626564 0.0011924492089397 0.0011626966647603
0.00040175202418708 0.00047402081221944 0.00047542483645027 0.00066354592505658 0.00086981458991098 0.0010327411809723 0.0011369585625965 0.0011953577069429 0.001240878684059 0.0012746010134249 0.0012931494790361 0.0013057835822397 0.0012958165186672 0.0012846381100397 0.0012692400432148 0.0012488322170772 0.0012271915397886 0.0012042673952277 0.0011833931968258 0.0011566987680733
0.00039724247921332 0.00045140285192397 0.0004471758614213 0.00062403928190928 0.00082086065179153 0.00097783358117502 0.0010808855230793 0.0011402903426153 0.0011883157918886 0.0012256697479894 0.0012486409578881 0.0012656279950522 0.0012606940059196 0.0012542341084001 0.0012433830328406 0.0012271915397886 0.00120945413451 0.0011900643144507 0.0011723282482594 0.0011485381950311
0.00039217839952333 0.00043100764171594 0.00042195787546396 0.00058892999997902 0.0007776629225935 0.00092876776910556 0.0010302160771587 0.0010900333999599 0.0011397766752012 0.0011798618034479 0.0012062886242617 0.0012267455794547 0.0012260318617536 0.0012235938650113 0.0012166725626564 0.0012042673952277 0.0011900643144507 0.0011739380261528 0.0011591465303589 0.0011381128676094
0.00039030027274207 0.00042040468709888 0.00040036618953726 0.00055989359094888 0.0007404604579227 0.00088574977405521 0.00098597314039453 0.0010460760642017 0.0010971150396138 0.0011394512189872 0.0011687740896796 0.0011920753432259 0.0011949754161013 0.0011959909501387 0.0011924492089397 0.0011833931968258 0.0011723282482594 0.0011591465303589 0.0011499381928693 0.0011285689517735
0.00038005109705231 0.00039404338478433 0.00037903605965783 0.00052876086632129 0.00070400539781085 0.00084401692340732 0.00094181036579082 0.001001341796404 0.0010530168677613 0.0010967091694098 0.001128007265472 0.0011534772339767 0.0011593488347939 0.0011632842728841 0.0011626966647603 0.0011566987680733 0.0011485381950311 0.0011381128676094 0.0011285689517735 0.0011125856136439
