0.00025156826931904 0.00030570512626338 0.00029098950236059 0.00024573702927062 0.00021119498070686 0.00019157453454065 0.00017730190476968 0.00016771199327945 0.00016082060249619 0.00015555770144846
0.00030570512626338 0.0003633426766033 0.00033851373808499 0.00026797835023886 0.00024203382134292 0.00022435242963716 0.00021253566879568 0.00020403894830401 0.0001971909060705 0.00019150569066744
0.00029098950236059 0.00033851373808499 0.00030852862050737 0.00025895229451367 0.00021749181673696 0.00020267858458923 0.00019318894423846 0.00018626077172718 0.00018006950155626 0.00017471160023643
0.00024573702927062 0.00026797835023886 0.00025895229451367 0.00021270420181258 0.00018054355381696 0.00016807277110742 0.00016082233145587 0.00015604531567548 0.00015170411518273 0.00014779104759819
0.00021119498070686 0.00024203382134292 0.00021749181673696 0.00018054355381696 0.00015860946068936 0.00014923071783618 0.00014466688077729 0.00014148784374132 0.0001380240678822 0.00013489123444128
0.00019157453454065 0.00022435242963716 0.00020267858458923 0.00016807277110742 0.00014923071783618 0.00013988965014688 0.00013638681423938 0.00013367047513954 0.00013042003922272 0.00012744015086885
0.00017730190476968 0.00021253566879568 0.00019318894423846 0.00016082233145587 0.00014466688077729 0.00013638681423938 0.00013340032709391 0.00013096404755662 0.00012784384264013 0.00012498656903347
0.00016771199327945 0.00020403894830401 0.00018626077172718 0.00015604531567548 0.00014148784374132 0.00013367047513954 0.00013096404755662 0.00012881641680202 0.00012592200675879 0.00012330156707974
0.00016082060249619 0.0001971909060705 0.00018006950155626 0.00015170411518273 0.0001380240678822 0.00013042003922272 0.00012784384264013 0.00012592200675879 0.00012326306331868 0.00012093156988085
0.00015555770144846 0.00019150569066744 0.00017471160023643 0.00014779104759819 0.00013489123444128 0.00012744015086885 0.00012498656903347 0.00012330156707974 0.00012093156988085 0.00011893511991207
