3.1415926535898 0.1645933948955 -3.1003454678756 -0.0087293852431944 3.0845059814322 -0.1182216228538 2.9378173431311 -0.29713388199661 2.7301130702379 -0.53896613063241
-0.1645933948955 3.1415926535898 0.041934756331978 3.1318369664697 0.067496150925171 -2.9694020133278 0.24164714805251 -2.8402960890322 0.32750015267997 -2.8043848710509
3.1003454678756 -0.041934756331978 3.1415926535898 -0.055026500030211 3.1088631666984 -0.0481835371716 3.0724911138811 -0.091914274432779 3.0226619562558 -0.14070041917361
0.0087293852431944 -3.1318369664697 0.055026500030211 3.1415926535898 0.0089883686347176 -3.1349367120121 0.00066240573541148 3.1367429344904 -0.011031126022496 3.1260365372735
-3.0845059814322 -0.067496150925171 -3.1088631666984 -0.0089883686347176 3.1415926535898 0.0070156389536046 -3.1286805364613 0.014025538250496 -3.1275153361982 0.014585734257867
0.1182216228538 2.9694020133278 0.0481835371716 3.1349367120121 -0.0070156389536046 3.1415926535898 0.0049363297792743 -3.1357079462479 0.0057081126427492 -3.1365007906502
-2.9378173431311 -0.24164714805251 -3.0724911138811 -0.00066240573541148 3.1286805364613 -0.0049363297792743 3.1415926535898 0.0024152411019109 -3.1385229647507 0.0028819491231157
0.29713388199661 2.8402960890322 0.091914274432779 -3.1367429344904 -0.014025538250496 3.1357079462479 -0.0024152411019109 3.1415926535898 0.00025023955988414 3.1411555811543
-2.7301130702379 -0.32750015267997 -3.0226619562558 0.011031126022496 3.1275153361982 -0.0057081126427492 3.1385229647507 -0.00025023955988414 3.1415926535898 -0.00091974023407234
0.53896613063241 2.8043848710509 0.14070041917361 -3.1260365372735 -0.014585734257867 3.1365007906502 -0.0028819491231157 -3.1411555811543 0.00091974023407234 3.1415926535898
