0 -3.1222539222731 0.0074861002373856 -3.0941367911735 0.045266559899279 -3.0781613976019 0.064421972361657 -3.0648009721572 0.095202149486066 -3.0234330274294
3.1222539222731 0 -3.1234404361887 0.054973680322151 -3.0746570181129 0.10622963453108 -3.0093100951166 0.16142730247273 -2.9551115990055 0.20866755663091
-0.0074861002373856 3.1234404361887 0 -3.1244127589367 0.01615526501409 -3.1079028272066 0.045382928619533 -3.0729930307564 0.087254214700919 -3.0362047918619
3.0941367911735 -0.054973680322151 3.1244127589367 0 -3.1386964518771 0.016059560848145 -3.1216370260531 0.029684756406685 -3.1045568078582 0.043964728235168
-0.045266559899279 3.0746570181129 -0.01615526501409 3.1386964518771 0 -3.1352770389563 0.0070368308381164 -3.1317410054332 0.011684413812843 -3.1277922614916
3.0781613976019 -0.10622963453108 3.1079028272066 -0.016059560848145 3.1352770389563 0 -3.1404787335863 0.0019753330223969 -3.1387649435116 0.0040715722522806
-0.064421972361657 3.0093100951166 -0.045382928619533 3.1216370260531 -0.0070368308381164 3.1404787335863 0 3.1415851980871 0.00048228135937227 -3.1403285048124
3.0648009721572 -0.16142730247273 3.0729930307564 -0.029684756406685 3.1317410054332 -0.0019753330223969 -3.1415851980871 0 -3.1408594880607 0.0015728806305997
-0.095202149486066 2.9551115990055 -0.087254214700919 3.1045568078582 -0.011684413812843 3.1387649435116 -0.00048228135937227 3.1408594880607 0 -3.1408905095593
3.0234330274294 -0.20866755663091 3.0362047918619 -0.043964728235168 3.1277922614916 -0.0040715722522806 3.1403285048124 -0.0015728806305997 3.1408905095593 0
