0 3.1403916216421 -0.0024566628741163 3.1377568196825 -0.0053899249203928 3.134479513181 -0.0090038624917049 3.1305381693409 -0.013324871099994 3.1258370743411
-3.1403916216421 0 3.1403372586099 -0.0026348709946565 3.1374039900621 -0.0059116522762246 3.1337907169072 -0.00985212403142 3.1294710417718 -0.014551184553418
0.0024566628741163 -3.1403372586099 0 3.140212661909 -0.0029338204136522 3.1369357767084 -0.0065471046745738 3.1329955112584 -0.010866088194694 3.1282977078685
-3.1377568196825 0.0026348709946565 -3.140212661909 0 3.1400392423057 -0.0032759834807266 3.1364270751971 -0.0072148579205691 3.1321100160243 -0.011910153654661
0.0053899249203928 -3.1374039900621 0.0029338204136522 -3.1400392423057 0 3.1398701822488 -0.0036118207637417 3.1359318827185 -0.0079277120150207 3.1312384835952
-3.134479513181 0.0059116522762246 -3.1369357767084 0.0032759834807266 -3.1398701822488 0 3.1397034453731 -0.0039379313905077 3.1353885339062 -0.0086297431574105
0.0090038624917049 -3.1337907169072 0.0065471046745738 -3.1364270751971 0.0036118207637417 -3.1397034453731 0 3.1395439900939 -0.0043141987908266 3.1348537536153
-3.1305381693409 0.00985212403142 -3.1329955112584 0.0072148579205691 -3.1359318827185 0.0039379313905077 -3.1395439900939 0 3.1393277244954 -0.0046886377438601
0.013324871099994 -3.1294710417718 0.010866088194694 -3.1321100160243 0.0079277120150207 -3.1353885339062 0.0043141987908266 -3.1393277244954 0 3.1391692468872
-3.1258370743411 0.014551184553418 -3.1282977078685 0.011910153654661 -3.1312384835952 0.0086297431574105 -3.1348537536153 0.0046886377438601 -3.1391692468872 0
