0.00054533747010921 0.00047187480265723 0.00043708268739126 0.00038117567940273 0.00033229129909409 0.00030169821866769 0.00027604514916062 0.00025662906842698 0.00024281447623998 0.00023347898824736
0.00047187480265723 0.00042707834319949 0.0003851855200778 0.00035707589396742 0.00029123392352578 0.0002635764294615 0.00024335838951648 0.00022623808569381 0.00021523356151542 0.00020736185506259
0.00043708268739126 0.0003851855200778 0.00037571268625017 0.0003373458858478 0.00027114253420624 0.00023665810521848 0.00021621211710366 0.00020090569394157 0.0001902430921744 0.00018189293732982
0.00038117567940273 0.00035707589396742 0.0003373458858478 0.00030279228581878 0.00024269666460454 0.00022668915448273 0.00021057491387741 0.0001958240758521 0.0001873163623619 0.00017998907477525
0.00033229129909409 0.00029123392352578 0.00027114253420624 0.00024269666460454 0.00019971589067424 0.00019081191457706 0.0001799510792376 0.00016769246772587 0.00016000005758803 0.00015429104075026
0.00030169821866769 0.0002635764294615 0.00023665810521848 0.00022668915448273 0.00019081191457706 0.00017237677192243 0.00016333463414783 0.00015188455332463 0.00014495446837267 0.00014048684497362
0.00027604514916062 0.00024335838951648 0.00021621211710366 0.00021057491387741 0.0001799510792376 0.00016333463414783 0.00015156382064306 0.00014165154243814 0.00013575431563073 0.00013172663995111
0.00025662906842698 0.00022623808569381 0.00020090569394157 0.0001958240758521 0.00016769246772587 0.00015188455332463 0.00014165154243814 0.00013134842326195 0.00012633521375481 0.00012293852370662
0.00024281447623998 0.00021523356151542 0.0001902430921744 0.0001873163623619 0.00016000005758803 0.00014495446837267 0.00013575431563073 0.00012633521375481 0.00012139513769109 0.00011806770703745
0.00023347898824736 0.00020736185506259 0.00018189293732982 0.00017998907477525 0.00015429104075026 0.00014048684497362 0.00013172663995111 0.00012293852370662 0.00011806770703745 0.00011473804992353
