3.1415926535898 0.0144579285451 2.884730968147 -0.27191480806453 2.8349023209759 -0.27960189194778 2.8617669931457 -0.32020521181436 2.7673111034265 -0.42335999136798
-0.0144579285451 3.1415926535898 0.0099562826017147 -3.1015471797335 0.035849534818714 3.1329930195198 -0.054120498253054 3.0332378300734 -0.1598533795545 2.9356159047649
-2.884730968147 -0.0099562826017147 3.1415926535898 -0.01090149882015 3.1258820551358 -0.0076465466705556 3.1384373555193 -0.0011798014254531 3.1413828279484 -0.00068589520200908
0.27191480806453 3.1015471797335 0.01090149882015 3.1415926535898 -0.005884406000656 3.1384016974279 -0.0028828603322917 3.1352925476553 -0.010833719129716 3.1253250528982
-2.8349023209759 -0.035849534818714 -3.1258820551358 0.005884406000656 3.1415926535898 0.00037224799006248 -3.1409691549847 -0.0018509131679525 3.1357660534419 -0.010665195399119
0.27960189194778 -3.1329930195198 0.0076465466705556 -3.1384016974279 -0.00037224799006248 3.1415926535898 0.00073954247129514 3.1407002881175 -0.0034904797059614 3.1346707125058
-2.8617669931457 0.054120498253054 -3.1384373555193 0.0028828603322917 3.1409691549847 -0.00073954247129514 3.1415926535898 -0.0010997076345575 3.1384365183097 -0.0059441428358625
0.32020521181436 -3.0332378300734 0.0011798014254531 -3.1352925476553 0.0018509131679525 -3.1407002881175 0.0010997076345575 3.1415926535898 -0.0017635336869839 3.1374825005081
-2.7673111034265 0.1598533795545 -3.1413828279484 0.010833719129716 -3.1357660534419 0.0034904797059614 -3.1384365183097 0.0017635336869839 3.1415926535898 -0.0022485277705032
0.42335999136798 -2.9356159047649 0.00068589520200908 -3.1253250528982 0.010665195399119 -3.1346707125058 0.0059441428358625 -3.1374825005081 0.0022485277705032 3.1415926535898
