0.00068500168053311 0.00070953609764743 0.00075580907256388 0.00055881866051219 0.00045819357039358 0.00040954146353103 0.00039818537483365 0.00038673176844748 0.00038459511465266 0.00037818448037622
0.00070953609764743 0.00097660302617936 0.00093036272328219 0.00072170514272143 0.0005409739544023 0.0005046700148626 0.00049600526603656 0.00048513429303588 0.00047281196542108 0.00046066121322692
0.00075580907256388 0.00093036272328219 0.0008018504060146 0.00070693310106967 0.00057929718994091 0.00052426407165721 0.00049977673693037 0.00048151478467791 0.00045988883165927 0.0004381954367431
0.00055881866051219 0.00072170514272143 0.00070693310106967 0.00056859867619217 0.00044003699335862 0.00040214143646013 0.00038288622975128 0.00037210186507717 0.00036368255960537 0.00035206835156035
0.00045819357039358 0.0005409739544023 0.00057929718994091 0.00044003699335862 0.00038711851577815 0.00037406350770298 0.0003527279594006 0.00033494664822249 0.00032275576840419 0.0003106953266261
0.00040954146353103 0.0005046700148626 0.00052426407165721 0.00040214143646013 0.00037406350770298 0.00036616703231497 0.00035049706730302 0.00033402151492964 0.00032246443909213 0.00031048757718395
0.00039818537483365 0.00049600526603656 0.00049977673693037 0.00038288622975128 0.0003527279594006 0.00035049706730302 0.00033577099675989 0.00032178238237856 0.00031195688544639 0.00030116555998034
0.00038673176844748 0.00048513429303588 0.00048151478467791 0.00037210186507717 0.00033494664822249 0.00033402151492964 0.00032178238237856 0.00030961070151482 0.00030107029154493 0.00029157395651227
0.00038459511465266 0.00047281196542108 0.00045988883165927 0.00036368255960537 0.00032275576840419 0.00032246443909213 0.00031195688544639 0.00030107029154493 0.00029349353313097 0.00028533175292305
0.00037818448037622 0.00046066121322692 0.0004381954367431 0.00035206835156035 0.0003106953266261 0.00031048757718395 0.00030116555998034 0.00029157395651227 0.00028533175292305 0.00027855434390752
