0 3.1270760754598 0.015029974685329 -3.1137348066538 0.082854371022035 -3.0522037683495 0.1594085635939 -2.933909130158 0.26566658813004 -2.8177944321256
-3.1270760754598 0 3.045627823194 -0.033527899446099 3.1032257684658 -0.10145414456642 3.003899980004 -0.14790289298816 2.9943544543916 -0.15449014397506
-0.015029974685329 -3.045627823194 0 -3.0755687832898 0.042818864057919 -3.1292135822941 -0.0031201812607687 3.1369572163455 -0.005751285519686 3.1277099813313
3.1137348066538 0.033527899446099 3.0755687832898 0 3.1389775729103 -0.0026390149999839 3.1400838102119 0.0073985361571922 -3.1256886698232 0.020466852550817
-0.082854371022035 -3.1032257684658 -0.042818864057919 -3.1389775729103 0 3.1377958905668 -0.0056131185712239 3.138198122296 -0.0035885965955511 3.1354305294739
3.0522037683495 0.10145414456642 3.1292135822941 0.0026390149999839 -3.1377958905668 0 3.1373680826764 -0.0038044293591681 3.1355621007709 -0.0098273382387444
-0.1594085635939 -3.003899980004 0.0031201812607687 -3.1400838102119 0.0056131185712239 -3.1373680826764 0 -3.141590688341 -0.0029116736317225 3.1345790846941
2.933909130158 0.14790289298816 -3.1369572163455 -0.0073985361571922 -3.138198122296 0.0038044293591681 3.141590688341 0 3.1386018239155 -0.0068496643250495
-0.26566658813004 -2.9943544543916 0.005751285519686 3.1256886698232 0.0035885965955511 -3.1355621007709 0.0029116736317225 -3.1386018239155 0 3.1378830457447
2.8177944321256 0.15449014397506 -3.1277099813313 -0.020466852550817 -3.1354305294739 0.0098273382387444 -3.1345790846941 0.0068496643250495 -3.1378830457447 0
