0.0013719635708011 0.0011241231107991 0.00088519127735118 0.00080725172912921 0.00063812836622893 0.00063561004326674 0.00062109911637014 0.00060538067576106 0.00058028537754623 0.00056893073446261
0.0011241231107991 0.0015635723128734 0.00096836947631695 0.00061977289879744 0.00057847897845376 0.00056656781195371 0.00056868146828399 0.00055565850941225 0.00054673872787509 0.00053661319857962
0.00088519127735118 0.00096836947631695 0.0012293536192619 0.00085168583363726 0.00064056705101039 0.00065423484893528 0.00059909572027151 0.00058345784972375 0.00058904703781692 0.00058221358494386
0.00080725172912921 0.00061977289879744 0.00085168583363726 0.00096912762410445 0.00069189317872701 0.00060375699543346 0.00052708808347699 0.00049016320434496 0.00047020554270106 0.00045296555106954
0.00063812836622893 0.00057847897845376 0.00064056705101039 0.00069189317872701 0.00062780244323953 0.0005523761156181 0.00049441494017911 0.00046488915688723 0.00043204831098085 0.00040532749623525
0.00063561004326674 0.00056656781195371 0.00065423484893528 0.00060375699543346 0.0005523761156181 0.00053301569370674 0.00047810177672484 0.00044922313368475 0.00042305741249034 0.00039924553675219
0.00062109911637014 0.00056868146828399 0.00059909572027151 0.00052708808347699 0.00049441494017911 0.00047810177672484 0.00045300005993014 0.00043703124615899 0.00041866716806676 0.00039940641951481
0.00060538067576106 0.00055565850941225 0.00058345784972375 0.00049016320434496 0.00046488915688723 0.00044922313368475 0.00043703124615899 0.0004328146374006 0.00042278550088755 0.00040724234781253
0.00058028537754623 0.00054673872787509 0.00058904703781692 0.00047020554270106 0.00043204831098085 0.00042305741249034 0.00041866716806676 0.00042278550088755 0.0004227736471789 0.00041243804975862
0.00056893073446261 0.00053661319857962 0.00058221358494386 0.00045296555106954 0.00040532749623525 0.00039924553675219 0.00039940641951481 0.00040724234781253 0.00041243804975862 0.0004063657975251
