0.017163732140352 -0.0031388774090865 0.0020032002223405 -0.0016578962229119 0.0012885151572767 -0.0010242987085436 0.00081952941056134 -0.00066884120519427 0.0005588399950738 -0.00047193639272788
-0.0031388774090865 0.0087565683231633 -0.0040738588144463 0.002740363099057 -0.0020587650770116 0.00162750468908 -0.001327625986447 0.0011052260561717 -0.0009300951009064 0.00079145826507587
0.0020032002223405 -0.0040738588144463 0.0058719836723074 -0.0041251514253945 0.0031824715300296 -0.0025836658932575 0.0021721720745183 -0.0018669680799182 0.001627802746721 -0.0014361449549511
-0.0016578962229119 0.002740363099057 -0.0041251514253945 0.004292836693126 -0.0036248024909176 0.0031057802843904 -0.0027049489937871 0.0023837802567986 -0.0021235961925105 0.0019071444064694
0.0012885151572767 -0.0020587650770116 0.0031824715300296 -0.0036248024909176 0.0035267775208037 -0.0032096946852905 0.002905371602932 -0.0026320253890141 0.0023947927916259 -0.0021876927047675
-0.0010242987085436 0.00162750468908 -0.0025836658932575 0.0031057802843904 -0.0032096946852905 0.0031039709720079 -0.0029131518734902 0.0027067958321736 -0.0025097282134239 0.0023265663784124
0.00081952941056134 -0.001327625986447 0.0021721720745183 -0.0027049489937871 0.002905371602932 -0.0029131518734902 0.0028266999697116 -0.0026899286750693 0.0025394872928634 -0.0023880111430322
-0.00066884120519427 0.0011052260561717 -0.0018669680799182 0.0023837802567986 -0.0026320253890141 0.0027067958321736 -0.0026899286750693 0.002613255928495 -0.002507852882666 0.002389645001901
0.0005588399950738 -0.0009300951009064 0.001627802746721 -0.0021235961925105 0.0023947927916259 -0.0025097282134239 0.0025394872928634 -0.002507852882666 0.0024413072133686 -0.0023540022768604
-0.00047193639272788 0.00079145826507587 -0.0014361449549511 0.0019071444064694 -0.0021876927047675 0.0023265663784124 -0.0023880111430322 0.002389645001901 -0.0023540022768604 0.0022935755517163
