-0.018062753384492 0.0021964028928416 -0.0012186677099405 0.00071603357017932 -0.00031632718442978 0.00015455662923414 -4.0467454512335e-05 -3.9322688364276e-05 9.6330516235091e-05 -0.00014037851356346
0.0021964028928416 -0.010227888451737 0.0036890635428371 -0.0022960821243607 0.0015563404455879 -0.0011864635595557 0.00093485987036449 -0.00075912257599984 0.00062037488340199 -0.00051081683871721
-0.0012186677099405 0.0036890635428371 -0.0067277257327898 0.0043660106718092 -0.0032357522729477 0.0025240133987672 -0.0020257602222852 0.0016629974460938 -0.0013869989193985 0.0011719019717468
0.00071603357017932 -0.0022960821243607 0.0043660106718092 -0.0048336956094484 0.0040277538944069 -0.0033781730709911 0.0028566335045274 -0.0024399020490929 0.0021010830358328 -0.0018242614598916
-0.00031632718442978 0.0015563404455879 -0.0032357522729477 0.0040277538944069 -0.0040238220041315 0.003633634359092 -0.003227230886592 0.0028588969683485 -0.0025346823835412 0.0022560761708596
0.00015455662923414 -0.0011864635595557 0.0025240133987672 -0.0033781730709911 0.003633634359092 -0.0035309552785284 0.0032827005911967 -0.0030093107341148 0.0027411129869475 -0.0024950530177276
-4.0467454512335e-05 0.00093485987036449 -0.0020257602222852 0.0028566335045274 -0.003227230886592 0.0032827005911967 -0.0031807772822973 0.0030074125488606 -0.0028072930565204 0.0026071818263167
-3.9322688364276e-05 -0.00075912257599984 0.0016629974460938 -0.0024399020490929 0.0028588969683485 -0.0030093107341148 0.0030074125488606 -0.0029208747531177 0.0027864262802635 -0.0026348856322105
9.6330516235091e-05 0.00062037488340199 -0.0013869989193985 0.0021010830358328 -0.0025346823835412 0.0027411129869475 -0.0028072930565204 0.0027864262802635 -0.0027083844421171 0.0026021567837123
-0.00014037851356346 -0.00051081683871721 0.0011719019717468 -0.0018242614598916 0.0022560761708596 -0.0024950530177276 0.0026071818263167 -0.0026348856322105 0.0026021567837123 -0.0025353142535112
