-0.00048969786929515 -0.0012990090996071 0.00087017887837262 -0.00069381197868276 0.00058096745624556 -0.00050597182245698 0.00046837516319342 -0.00042882924398955 0.00039523941519137 -0.0003669762850785
-0.0012990090996071 -0.0093309817943576 0.0021761862428433 -0.0013672211194375 0.00098954507973071 -0.00081045356849982 0.00074227183542036 -0.00066802661291081 0.00059883197944164 -0.0005388971405327
0.00087017887837262 0.0021761862428433 -0.0082680124779071 0.0034629155351034 -0.0023603579866934 0.0018042859516282 -0.0015019743258754 0.0012525474683041 -0.001062089168236 0.00092202870658348
-0.00069381197868276 -0.0013672211194375 0.0034629155351034 -0.0061550534629805 0.0038032244878618 -0.0028417158333732 0.0022944664254801 -0.0019542692379481 0.0017136710762955 -0.0015251895298354
0.00058096745624556 0.00098954507973071 -0.0023603579866934 0.0038032244878618 -0.0044593548768828 0.0035325507667791 -0.0029314695043004 0.0025073697475642 -0.0021965441734575 0.0019588133122398
-0.00050597182245698 -0.00081045356849982 0.0018042859516282 -0.0028417158333732 0.0035325507667791 -0.0035650693773164 0.0031603494158093 -0.0028012539342927 0.0025057065080279 -0.0022651510976591
0.00046837516319342 0.00074227183542036 -0.0015019743258754 0.0022944664254801 -0.0029314695043004 0.0031603494158093 -0.0030921997580002 0.0028679469545875 -0.0026374308006962 0.0024281069726946
-0.00042882924398955 -0.00066802661291081 0.0012525474683041 -0.0019542692379481 0.0025073697475642 -0.0028012539342927 0.0028679469545875 -0.0027827111984835 0.0026320878438882 -0.0024705473041866
0.00039523941519137 0.00059883197944164 -0.001062089168236 0.0017136710762955 -0.0021965441734575 0.0025057065080279 -0.0026374308006962 0.0026320878438882 -0.0025539955104657 0.002442117682438
-0.0003669762850785 -0.0005388971405327 0.00092202870658348 -0.0015251895298354 0.0019588133122398 -0.0022651510976591 0.0024281069726946 -0.0024705473041866 0.002442117682438 -0.0023730735282193
