-0.0097695053974603 0.0006724192466632 -9.154070858636e-05 1.3320234681569e-05 -2.8016865548284e-06 3.1882255840937e-05 -2.613508240241e-05 5.1533810591909e-05 -4.8724287829482e-05 5.0982125524737e-05
0.0006724192466632 -0.0073581182751055 0.00149258535274 -0.0010329283286003 0.00075141741423574 -0.00056888617206868 0.00048655802017527 -0.00039516962925641 0.00032063681543277 -0.00026445319444461
-9.154070858636e-05 0.00149258535274 -0.0053204754852525 0.0021481476121492 -0.0015328734876517 0.0011953455043516 -0.00096614998581691 0.00081458703226638 -0.00068745942878311 0.00059314031618403
1.3320234681569e-05 -0.0010329283286003 0.0021481476121492 -0.003386663754658 0.0021877947301886 -0.0016323474248729 0.0013182861328154 -0.0010979024712571 0.00093145784041693 -0.00080003304591657
-2.8016865548284e-06 0.00075141741423574 -0.0015328734876517 0.0021877947301886 -0.0024689267167089 0.0019645979056324 -0.0016490759911312 0.0014027990946015 -0.001215906612002 0.0010666710172035
3.1882255840937e-05 -0.00056888617206868 0.0011953455043516 -0.0016323474248729 0.0019645979056324 -0.0019560410908266 0.001744956282277 -0.001543008933725 0.0013748900161558 -0.0012319131416696
-2.613508240241e-05 0.00048655802017527 -0.00096614998581691 0.0013182861328154 -0.0016490759911312 0.001744956282277 -0.0017030062064474 0.0015701819140781 -0.0014388049593453 0.0013167889388634
5.1533810591909e-05 -0.00039516962925641 0.00081458703226638 -0.0010979024712571 0.0014027990946015 -0.001543008933725 0.0015701819140781 -0.001516336015978 0.0014271979982714 -0.0013322222005786
-4.8724287829482e-05 0.00032063681543277 -0.00068745942878311 0.00093145784041693 -0.001215906612002 0.0013748900161558 -0.0014388049593453 0.0014271979982714 -0.0013784878037497 0.0013109171440376
5.0982125524737e-05 -0.00026445319444461 0.00059314031618403 -0.00080003304591657 0.0010666710172035 -0.0012319131416696 0.0013167889388634 -0.0013322222005786 0.0013109171440376 -0.0012681192296192
