0.0057323357920871 0.0037967328969019 0.0038229721435269 0.0039844051995994 0.0041738182580743 0.0043660392261384 0.0045528922583577 0.0047307531050609 0.0048987042348017 0.005056199235175 0.0052032851829482 0.0053400986662097 0.0054669238319304 0.0055839910122399 0.0056915529271846 0.0057902448470051 0.0058801575980121 0.0059614890799578 0.0060345709179919 0.0061013679372181
0.0037967328969019 0.0025157688030965 0.0025341079997958 0.0026421154427094 0.0027687809959327 0.0028974197716315 0.0030226065440913 0.003141928669698 0.0032547699052959 0.0033607528425992 0.0034598968387903 0.0035522893108942 0.003638113680101 0.0037175068816761 0.0037906442105809 0.0038579232383259 0.0039194015193174 0.0039752194950853 0.0040255780844066 0.0040717962432228
0.0038229721435269 0.0025341079997958 0.0025534844092072 0.0026632763627882 0.0027919864272264 0.0029227989506343 0.0030502423575924 0.0031718744875224 0.0032870643833037 0.0033954210264105 0.0034969524916805 0.0035917450351166 0.0036799775766677 0.0037617714358403 0.0038373024577354 0.0039069595412873 0.0039707992007949 0.0040289561290394 0.0040816246013044 0.0041301526097944
0.0039844051995994 0.0026421154427094 0.0026632763627882 0.0027788176787602 0.002914221126923 0.0030519458788526 0.0031862781935285 0.0033146596023201 0.0034364213742575 0.0035511447460767 0.0036588254139662 0.0037595518514651 0.0038535038652398 0.0039407901310148 0.0040215913193571 0.0040963019749783 0.0041649785306596 0.0042277529887445 0.0042848215685956 0.0043376073935978
0.0041738182580743 0.0027687809959327 0.0027919864272264 0.002914221126923 0.0030574291296311 0.0032032138411233 0.0033455813494903 0.0034818354356931 0.0036112632121137 0.003733413877332 0.0038482697765203 0.0039559207322678 0.0040565471254892 0.0041502446282715 0.004237198078496 0.0043178096908072 0.0043921358630805 0.0044603041179752 0.0045225142031347 0.0045802759464396
0.0043660392261384 0.0028974197716315 0.0029227989506343 0.0030519458788526 0.0032032138411233 0.0033573435219943 0.0035080516686225 0.0036525020648522 0.0037899345826768 0.0039198641694062 0.0040422573603462 0.0041572045596115 0.0042648854128413 0.0043653798037781 0.0044588758432262 0.0045457824541172 0.0046261549493619 0.0047001150299219 0.0047678656829984 0.0048310054627228
0.0045528922583577 0.0030226065440913 0.0030502423575924 0.0031862781935285 0.0033455813494903 0.0035080516686225 0.0036671281959442 0.0038198320865527 0.0039653558625899 0.0041031786137169 0.0042332512681151 0.0043556609843019 0.0044705852127603 0.004578085992202 0.0046783530901821 0.0047717997577981 0.0048584795376537 0.0049385052760863 0.0050120834999131 0.0050808993234584
0.0047307531050609 0.003141928669698 0.0031718744875224 0.0033146596023201 0.0034818354356931 0.0036525020648522 0.0038198320865527 0.003980713236573 0.0041342851110023 0.0042799932092408 0.0044177711210618 0.0045476988768339 0.0046699499179195 0.0047845689067055 0.0048917445064291 0.0049918902951884 0.0050850588557839 0.0051713510276249 0.0052509763462889 0.0053257019347174
0.0048987042348017 0.0032547699052959 0.0032870643833037 0.0034364213742575 0.0036112632121137 0.0037899345826768 0.0039653558625899 0.0041342851110023 0.0042958200255448 0.0044493589567381 0.0045948235112667 0.0047322807140863 0.0048618974967044 0.0049837054359086 0.0050978887033022 0.0052048567403592 0.005304657905962 0.0053973840662596 0.0054832444873615 0.0055640808051228
0.005056199235175 0.0033607528425992 0.0033954210264105 0.0035511447460767 0.003733413877332 0.0039198641694062 0.0041031786137169 0.0042799932092408 0.0044493589567381 0.0046106461659616 0.0047637433233612 0.0049087101496421 0.0050457037441637 0.0051747402422649 0.0052959998672087 0.0054098825639404 0.0055164348493699 0.0056157343597458 0.0057079896574765 0.005795111729752
0.0052032851829482 0.0034598968387903 0.0034969524916805 0.0036588254139662 0.0038482697765203 0.0040422573603462 0.0042332512681151 0.0044177711210618 0.0045948235112667 0.0047637433233612 0.0049244281214244 0.0050768701219763 0.0052212134283823 0.0053575067721767 0.0054858965660789 0.0056067721832467 0.0057201728860254 0.0058261622168448 0.0059249547720933 0.0060185088184417
0.0053400986662097 0.0035522893108942 0.0035917450351166 0.0037595518514651 0.0039559207322678 0.0041572045596115 0.0043556609843019 0.0045476988768339 0.0047322807140863 0.0049087101496421 0.0050768701219763 0.0052367306052438 0.0053884098759729 0.0055319574234512 0.0056674992534216 0.0057954147198408 0.0059157352476363 0.0060285049172917 0.0061339431048062 0.0062340636746291
0.0054669238319304 0.003638113680101 0.0036799775766677 0.0038535038652398 0.0040565471254892 0.0042648854128413 0.0044705852127603 0.0046699499179195 0.0048618974967044 0.0050457037441637 0.0052212134283823 0.0053884098759729 0.0055474082923479 0.0056981884804087 0.0058408849632232 0.0059758673126368 0.0061031612203987 0.0062227851133251 0.0063349581901043 0.006441766252442
0.0055839910122399 0.0037175068816761 0.0037617714358403 0.0039407901310148 0.0041502446282715 0.0043653798037781 0.004578085992202 0.0047845689067055 0.0049837054359086 0.0051747402422649 0.0053575067721767 0.0055319574234512 0.0056981884804087 0.0058561798683653 0.0060060256933444 0.0061480949268917 0.0062824017040699 0.0064089365181399 0.0065279313267177 0.0066415150929958
0.0056915529271846 0.0037906442105809 0.0038373024577354 0.0040215913193571 0.004237198078496 0.0044588758432262 0.0046783530901821 0.0048917445064291 0.0050978887033022 0.0052959998672087 0.0054858965660789 0.0056674992534216 0.0058408849632232 0.0060060256933444 0.0061630151410029 0.0063121616399519 0.0064534930228821 0.0065869886931004 0.0067128707698433 0.0068333102594189
0.0057902448470051 0.0038579232383259 0.0039069595412873 0.0040963019749783 0.0043178096908072 0.0045457824541172 0.0047717997577981 0.0049918902951884 0.0052048567403592 0.0054098825639404 0.0056067721832467 0.0057954147198408 0.0059758673126368 0.0061480949268917 0.0063121616399519 0.0064683756870862 0.0066167361358835 0.006757206872612 0.00689001069072 0.0070173558835381
0.0058801575980121 0.0039194015193174 0.0039707992007949 0.0041649785306596 0.0043921358630805 0.0046261549493619 0.0048584795376537 0.0050850588557839 0.005304657905962 0.0055164348493699 0.0057201728860254 0.0059157352476363 0.0061031612203987 0.0062824017040699 0.0064534930228821 0.0066167361358835 0.0067721261901114 0.0069195812632941 0.0070593345460197 0.00719363096928
0.0059614890799578 0.0039752194950853 0.0040289561290394 0.0042277529887445 0.0044603041179752 0.0047001150299219 0.0049385052760863 0.0051713510276249 0.0053973840662596 0.0056157343597458 0.0058261622168448 0.0060285049172917 0.0062227851133251 0.0064089365181399 0.0065869886931004 0.006757206872612 0.0069195812632941 0.0070740191442759 0.007220731845846 0.0073620041615494
0.0060345709179919 0.0040255780844066 0.0040816246013044 0.0042848215685956 0.0045225142031347 0.0047678656829984 0.0050120834999131 0.0052509763462889 0.0054832444873615 0.0057079896574765 0.0059249547720933 0.0061339431048062 0.0063349581901043 0.0065279313267177 0.0067128707698433 0.00689001069072 0.0070593345460197 0.007220731845846 0.0073744191464652 0.0075226802051539
0.0061013679372181 0.0040717962432228 0.0041301526097944 0.0043376073935978 0.0045802759464396 0.0048310054627228 0.0050808993234584 0.0053257019347174 0.0055640808051228 0.005795111729752 0.0060185088184417 0.0062340636746291 0.006441766252442 0.0066415150929958 0.0068333102594189 0.0070173558835381 0.00719363096928 0.0073620041615494 0.0075226802051539 0.0076780298048653
