0.00015893713456137 0.00080340784386053 0.00082571173163787 0.00078393700935294 0.0006845147299962 0.00054352874793908 0.00047848524472083 0.00042866467471731 0.00039973221428332 0.00037970729684613
0.00080340784386053 0.00031670585582734 0.00020013411924061 0.000213394644511 0.00017375434095219 0.00014571252371965 0.00012000643514859 0.00010565360555438 9.989781386651e-05 9.5434015990435e-05
0.00082571173163787 0.00020013411924061 0.00029149151903967 0.00020190084662327 0.00017512436220407 0.00013698254097813 0.00012219178957755 0.00010855280183662 0.00010163663086691 9.6554503879057e-05
0.00078393700935294 0.000213394644511 0.00020190084662327 0.00028364874326742 0.00019442119131729 0.00015115078707959 0.00012986446054157 0.00011199433239981 0.00010032830332449 9.3270517527167e-05
0.0006845147299962 0.00017375434095219 0.00017512436220407 0.00019442119131729 0.00020392084608648 0.00014577474432493 0.0001216148149802 0.00010523927102705 9.2870606294537e-05 8.5799826308527e-05
0.00054352874793908 0.00014571252371965 0.00013698254097813 0.00015115078707959 0.00014577474432493 0.00013707972132952 0.00011019971492968 9.2416234110639e-05 8.1594564679027e-05 7.4939026283204e-05
0.00047848524472083 0.00012000643514859 0.00012219178957755 0.00012986446054157 0.0001216148149802 0.00011019971492968 0.00010113430920751 8.7270002365634e-05 7.7698193823204e-05 7.1176646142829e-05
0.00042866467471731 0.00010565360555438 0.00010855280183662 0.00011199433239981 0.00010523927102705 9.2416234110639e-05 8.7270002365634e-05 8.0267095453521e-05 7.3289511149673e-05 6.8003716294046e-05
0.00039973221428332 9.989781386651e-05 0.00010163663086691 0.00010032830332449 9.2870606294537e-05 8.1594564679027e-05 7.7698193823204e-05 7.3289511149673e-05 6.9858316140542e-05 6.5927681136871e-05
0.00037970729684613 9.5434015990435e-05 9.6554503879057e-05 9.3270517527167e-05 8.5799826308527e-05 7.4939026283204e-05 7.1176646142829e-05 6.8003716294046e-05 6.5927681136871e-05 6.3340281171574e-05
