0.018179008904354 0.010968459904472 0.010372696718738 0.010236349505523 0.010181413006671 0.010117833743229 0.010017799923671 0.0098735704829489 0.0096858916686215 0.0094584359463111
0.010968459904472 0.0066389033409052 0.0062968322617123 0.0062327819454755 0.0062184948270453 0.0061992009394712 0.0061576657068959 0.0060888499806098 0.0059928913014817 0.0058717578379168
0.010372696718738 0.0062968322617123 0.0059890091483362 0.0059450469145691 0.0059489038099494 0.0059483802686115 0.0059267589853262 0.0058789239894481 0.0058047031713635 0.0057057159990487
0.010236349505523 0.0062327819454755 0.0059450469145691 0.0059188318257032 0.0059407494816539 0.0059588690669471 0.0059562580482713 0.0059274950634986 0.00587208554446 0.0057913617631627
0.010181413006671 0.0062184948270453 0.0059489038099494 0.0059407494816539 0.005981610262309 0.0060194044792681 0.0060368369873688 0.0060281196868401 0.0059924096285399 0.0059307398980825
0.010117833743229 0.0061992009394712 0.0059483802686115 0.0059588690669471 0.0060194044792681 0.0060777991410049 0.0061163961299975 0.0061290295716697 0.0061144854493611 0.0060734736679625
0.010017799923671 0.0061576657068959 0.0059267589853262 0.0059562580482713 0.0060368369873688 0.0061163961299975 0.0061769785149682 0.0062120486412297 0.0062200106175691 0.0062012278747578
0.0098735704829489 0.0060888499806098 0.0058789239894481 0.0059274950634986 0.0060281196868401 0.0061290295716697 0.0062120486412297 0.0062702982680084 0.0063017940441885 0.006306537689363
0.0096858916686215 0.0059928913014817 0.0058047031713635 0.00587208554446 0.0059924096285399 0.0061144854493611 0.0062200106175691 0.0063017940441885 0.0063574710515852 0.0063866692890495
0.0094584359463111 0.0058717578379168 0.0057057159990487 0.0057913617631627 0.0059307398980825 0.0060734736679625 0.0062012278747578 0.006306537689363 0.0063866692890495 0.0064408765523406
