3.1415926535898 0.36088750543776 -2.9665488223603 0.023594680862931 2.8364504507148 -0.47449026842477 2.5789649269641 -0.67269385690306 2.385029870045 -0.79440804321901
-0.36088750543776 3.1415926535898 0.042321303696147 -3.0908203496077 0.04740097941711 -3.0920616404972 0.0074988974211155 3.129330980558 -0.024627573024997 3.1054778237809
2.9665488223603 -0.042321303696147 3.1415926535898 0.044076209090664 -3.0692411817238 0.070587667211451 -3.0771071925974 0.063517809602212 -3.0792757968319 0.064488824248
-0.023594680862931 3.0908203496077 -0.044076209090664 3.1415926535898 0.004168653447841 3.1403404493366 -0.0091603616306746 3.1280445192966 -0.017011973165897 3.1225529936412
-2.8364504507148 -0.04740097941711 3.0692411817238 -0.004168653447841 3.1415926535898 -0.0051146275269191 3.1325075940706 -0.011386874873342 3.1280113680921 -0.015260228164258
0.47449026842477 3.0920616404972 -0.070587667211451 -3.1403404493366 0.0051146275269191 3.1415926535898 -0.0011170768421035 3.1407970745186 -0.00050076314591867 -3.1412392537465
-2.5789649269641 -0.0074988974211155 3.0771071925974 0.0091603616306746 -3.1325075940706 0.0011170768421035 3.1415926535898 -9.1928352128085e-05 3.1414732072728 0.00065498235621048
0.67269385690306 -3.129330980558 -0.063517809602212 -3.1280445192966 0.011386874873342 -3.1407970745186 9.1928352128085e-05 3.1415926535898 -4.4476779168887e-05 -3.1408821624391
-2.385029870045 0.024627573024997 3.0792757968319 0.017011973165897 -3.1280113680921 0.00050076314591867 -3.1414732072728 4.4476779168887e-05 3.1415926535898 0.00077758863314294
0.79440804321901 -3.1054778237809 -0.064488824248 -3.1225529936412 0.015260228164258 3.1412392537465 -0.00065498235621048 3.1408821624391 -0.00077758863314294 3.1415926535898
