0 -3.1339622422183 0.14914661026022 -2.9543443571168 0.14897638584476 -2.9884770747937 0.14438681037617 -2.9756396243606 0.19855166372939 -2.8879585208472
3.1339622422183 0 3.1247274195955 0.01195111026481 -3.1378824985823 0.019229427052339 -3.1069338250355 0.055477096812315 -3.0605260859252 0.11335985830678
-0.14914661026022 -3.1247274195955 0 -3.134958175922 0.011232631633427 -3.1190101615829 0.028643317518765 -3.1107233319676 0.032592148016477 -3.1037591472486
2.9543443571168 -0.01195111026481 3.134958175922 0 -3.1404730678771 0.0039977183625859 -3.1394728974957 -0.00024347706839845 3.140293709311 0.00066046972851008
-0.14897638584476 3.1378824985823 -0.011232631633427 3.1404730678771 0 3.1407373579918 -0.0048665822624149 3.1333766409058 -0.010135763355041 3.1320038006123
2.9884770747937 -0.019229427052339 3.1190101615829 -0.0039977183625859 -3.1407373579918 0 3.1380585264941 -0.0055266024165431 3.1353171012925 -0.005316436634988
-0.14438681037617 3.1069338250355 -0.028643317518765 3.1394728974957 0.0048665822624149 -3.1380585264941 0 3.1398861324183 -0.0021460528651791 3.1402261558696
2.9756396243606 -0.055477096812315 3.1107233319676 0.00024347706839845 -3.1333766409058 0.0055266024165431 -3.1398861324183 0 3.1412760829224 0.00032603043525258
-0.19855166372939 3.0605260859252 -0.032592148016477 -3.140293709311 0.010135763355041 -3.1353171012925 0.0021460528651791 -3.1412760829224 0 -3.1411498500936
2.8879585208472 -0.11335985830678 3.1037591472486 -0.00066046972851008 -3.1320038006123 0.005316436634988 -3.1402261558696 -0.00032603043525258 3.1411498500936 0
