0.03889611451284 -0.016436217574557 0.01076163546842 -0.0084886511964008 0.0064847548249597 -0.0050117669165742 0.0040180638236256 -0.003304167009095 0.0027872176553386 -0.0023987768240945
-0.016436217574557 0.022222339138021 -0.014073155565515 0.010386613191342 -0.0077558355942157 0.0059767316819849 -0.0047509033131413 0.003974286506582 -0.0034570654214221 0.0030886767069849
0.01076163546842 -0.014073155565515 0.014531635400614 -0.011405841826371 0.0093314506373505 -0.0076426640577266 0.0064187195173569 -0.0055192008050918 0.0048466524160849 -0.0043164606658595
-0.0084886511964008 0.010386613191342 -0.011405841826371 0.010714771534316 -0.0091852650998224 0.0078661790282036 -0.0067818811151026 0.0058840397271056 -0.0051459211513881 0.0045297717147389
0.0064847548249597 -0.0077558355942157 0.0093314506373505 -0.0091852650998224 0.0086647352316417 -0.0078359513378198 0.0070474156305467 -0.0062964255170226 0.0056224428415635 -0.0050257547349772
-0.0050117669165742 0.0059767316819849 -0.0076426640577266 0.0078661790282036 -0.0078359513378198 0.0074865112996273 -0.0070094492859861 0.0064549276618469 -0.0058986852751486 0.0053678986579171
0.0040180638236256 -0.0047509033131413 0.0064187195173569 -0.0067818811151026 0.0070474156305467 -0.0070094492859861 0.0068030123041514 -0.0064455361321312 0.0060268368052642 -0.0055890214252169
-0.003304167009095 0.003974286506582 -0.0055192008050918 0.0058840397271056 -0.0062964255170226 0.0064549276618469 -0.0064455361321312 0.0062629304119188 -0.0059829041638676 0.005651115007997
0.0027872176553386 -0.0034570654214221 0.0048466524160849 -0.0051459211513881 0.0056224428415635 -0.0058986852751486 0.0060268368052642 -0.0059829041638676 0.0058272509042656 -0.0055992764524224
-0.0023987768240945 0.0030886767069849 -0.0043164606658595 0.0045297717147389 -0.0050257547349772 0.0053678986579171 -0.0055890214252169 0.005651115007997 -0.0055992764524224 0.0054646398209362
