3.1415926535898 -0.034580405343016 3.0688366101772 -0.11110522552298 2.9945285268469 -0.17939439434362 2.9337099214633 -0.23300444402294 2.8861948394039 -0.27580931266492
0.034580405343016 3.1415926535898 -0.032582447074105 3.079046345199 -0.089049543741635 3.0297758505143 -0.13115307616699 2.9940037926301 -0.1617157824751 2.9675104800052
-3.0688366101772 0.032582447074105 3.1415926535898 -0.027778229357299 3.0904397962074 -0.070406527645839 3.0554425875109 -0.098997667679891 3.0320526535023 -0.11826126444784
0.11110522552298 -3.079046345199 0.027778229357299 3.1415926535898 -0.022317000548822 3.1016285900443 -0.05384444442101 3.0768944990479 -0.073162016474192 3.0618725918618
-2.9945285268469 0.089049543741635 -3.0904397962074 0.022317000548822 3.1415926535898 -0.017053492037554 3.1115657786035 -0.03980081746889 3.0945122023859 -0.052377395302259
0.17939439434362 -3.0297758505143 0.070406527645839 -3.1016285900443 0.017053492037554 3.1415926535898 -0.012644525432359 3.1196893903539 -0.028559147710682 3.1084291550511
-2.9337099214633 0.13115307616699 -3.0554425875109 0.05384444442101 -3.1115657786035 0.012644525432359 3.1415926535898 -0.0090692219654882 3.1261655823171 -0.01966964547688
0.23300444402294 -2.9940037926301 0.098997667679891 -3.0768944990479 0.03980081746889 -3.1196893903539 0.0090692219654882 3.1415926535898 -0.0062503009465349 3.1312678531577
-2.8861948394039 0.1617157824751 -3.0320526535023 0.073162016474192 -3.0945122023859 0.028559147710682 -3.1261655823171 0.0062503009465349 3.1415926535898 -0.0040153805516408
0.27580931266492 -2.9675104800052 0.11826126444784 -3.0618725918618 0.052377395302259 -3.1084291550511 0.01966964547688 -3.1312678531577 0.0040153805516408 3.1415926535898
