0.0093551887771762 -0.00018349258603591 0.00073851945172115 -0.00036095668971721 0.00038495431602671 -0.0002318909073648 0.00019859006671379 -9.8115166516006e-05 6.176694180143e-05 -4.406458090258e-05
-0.00018349258603591 0.005844071634414 -0.0016595370730174 0.0008178709855659 -0.00044278831265349 0.00030909729047335 -0.00020711634694663 9.9945892315372e-05 -4.4058642170079e-05 8.1996747863331e-06
0.00073851945172115 -0.0016595370730174 0.004323110960982 -0.0019100751399234 0.0011894586409228 -0.0008075165502962 0.00063633100104596 -0.00048028750268573 0.00034603119558498 -0.00027164429362523
-0.00036095668971721 0.0008178709855659 -0.0019100751399234 0.0029231988443947 -0.0018302904055794 0.001366528825771 -0.001056781782332 0.00087782231018382 -0.0007242129880606 0.00060572635005716
0.00038495431602671 -0.00044278831265349 0.0011894586409228 -0.0018302904055794 0.0020821068564978 -0.0015281116545224 0.001247077023503 -0.0010537622224624 0.00090118164944806 -0.00077518918485117
-0.0002318909073648 0.00030909729047335 -0.0008075165502962 0.001366528825771 -0.0015281116545224 0.0014982469744393 -0.0012899353491093 0.0011272727565275 -0.00098104687385561 0.00085570007239796
0.00019859006671379 -0.00020711634694663 0.00063633100104596 -0.001056781782332 0.001247077023503 -0.0012899353491093 0.0012492455651599 -0.0011362069518737 0.0010198254798625 -0.00091052133316624
-9.8115166516006e-05 9.9945892315372e-05 -0.00048028750268573 0.00087782231018382 -0.0010537622224624 0.0011272727565275 -0.0011362069518737 0.0010888836435211 -0.0010040615618764 0.00091466730863363
6.176694180143e-05 -4.4058642170079e-05 0.00034603119558498 -0.0007242129880606 0.00090118164944806 -0.00098104687385561 0.0010198254798625 -0.0010040615618764 0.00095342143686318 -0.00088613587788891
-4.406458090258e-05 8.1996747863331e-06 -0.00027164429362523 0.00060572635005716 -0.00077518918485117 0.00085570007239796 -0.00091052133316624 0.00091466730863363 -0.00088613587788891 0.00084045500802617
