-0.0042728279108614 -0.00014922152196192 4.7912703067847e-05 -0.00015278244745438 6.0123241911279e-05 -4.5895693870791e-05 5.9242007245571e-05 -4.9569770730076e-05 2.6015342474213e-05 -1.4693040540453e-05
-0.00014922152196192 -0.0064542234747225 0.00055318669727855 -0.00025499266878507 0.00021379750163949 -0.000148093064854 0.0001919611689881 -0.0001961322049218 0.00017371113304947 -0.00015741881364583
4.7912703067847e-05 0.00055318669727855 -0.0065887188998612 0.0014406588394709 -0.00063615977322825 0.00041742585990038 -0.00026290510601993 0.00018777661929581 -0.00013639719665394 0.00010075160785583
-0.00015278244745438 -0.00025499266878507 0.0014406588394709 -0.0047337167010619 0.0019293432349262 -0.0013113777688195 0.00099103795353908 -0.00078614029752859 0.00063040367137447 -0.00053413013800379
6.0123241911279e-05 0.00021379750163949 -0.00063615977322825 0.0019293432349262 -0.0031963530199124 0.0020317503412872 -0.0015053238903375 0.001218098391505 -0.0010100672504245 0.00086426061185925
-4.5895693870791e-05 -0.000148093064854 0.00041742585990038 -0.0013113777688195 0.0020317503412872 -0.0023769614515052 0.0018465830247222 -0.0015348935128097 0.0013076981111691 -0.0011354291930021
5.9242007245571e-05 0.0001919611689881 -0.00026290510601993 0.00099103795353908 -0.0015053238903375 0.0018465830247222 -0.0018283645460922 0.0016076688656997 -0.0014097567715072 0.001252990739824
-4.9569770730076e-05 -0.0001961322049218 0.00018777661929581 -0.00078614029752859 0.001218098391505 -0.0015348935128097 0.0016076688656997 -0.001578989089468 0.0014487713794127 -0.0013241183921689
2.6015342474213e-05 0.00017371113304947 -0.00013639719665394 0.00063040367137447 -0.0010100672504245 0.0013076981111691 -0.0014097567715072 0.0014487713794127 -0.0014030779746398 0.0013216064022986
-1.4693040540453e-05 -0.00015741881364583 0.00010075160785583 -0.00053413013800379 0.00086426061185925 -0.0011354291930021 0.001252990739824 -0.0013241183921689 0.0013216064022986 -0.0012824024681484
