-0.00040838437346739 -0.0011055191810026 0.00071698122220458 -0.00051482521172361 0.00042756098429423 -0.00036425057512837 0.00033643018160061 -0.00031374888907422 0.00029357608255774 -0.00027483378889186
-0.0011055191810026 -0.0084744487823809 0.0018153174158129 -0.0011905049915106 0.00098799446936959 -0.00073674691261252 0.00069380693000569 -0.00065065034662556 0.00061667846387264 -0.00057138793643893
0.00071698122220458 0.0018153174158129 -0.007701108900287 0.0027658524508878 -0.0017583728601736 0.0013046986593037 -0.0010545401780156 0.0009285538785603 -0.00081339994939449 0.00073506726297177
-0.00051482521172361 -0.0011905049915106 0.0027658524508878 -0.0056837104135199 0.0033066299052837 -0.002391122870981 0.0018956366849417 -0.0015738509595313 0.0013566053924808 -0.0011995044705991
0.00042756098429423 0.00098799446936959 -0.0017583728601736 0.0033066299052837 -0.0041637770199862 0.0030891509763848 -0.0025044423822551 0.0021039436796691 -0.001819463659169 0.0016140546692828
-0.00036425057512837 -0.00073674691261252 0.0013046986593037 -0.002391122870981 0.0030891509763848 -0.0031772937178264 0.0027399515471897 -0.0023892147060405 0.0021142036429822 -0.0018999650998905
0.00033643018160061 0.00069380693000569 -0.0010545401780156 0.0018956366849417 -0.0025044423822551 0.0027399515471897 -0.0026794958429575 0.0024552958177673 -0.0022433649322124 0.0020573524539745
-0.00031374888907422 -0.00065065034662556 0.0009285538785603 -0.0015738509595313 0.0021039436796691 -0.0023892147060405 0.0024552958177673 -0.0023867227736985 0.0022537547080899 -0.0021138481033945
0.00029357608255774 0.00061667846387264 -0.00081339994939449 0.0013566053924808 -0.001819463659169 0.0021142036429822 -0.0022433649322124 0.0022537547080899 -0.002196745883992 0.0021050227660908
-0.00027483378889186 -0.00057138793643893 0.00073506726297177 -0.0011995044705991 0.0016140546692828 -0.0018999650998905 0.0020573524539745 -0.0021138481033945 0.0021050227660908 -0.0020554102798125
