0 3.1255171549354 0.075559716600973 -3.0459461198955 0.10221540224544 -3.0456107814301 0.066281434535513 -3.0783593491384 0.06309223687188 -3.0824759950316
-3.1255171549354 0 -3.1347794219205 0.07656464271444 -3.0844917066492 0.065947758011005 -3.1155532727737 0.0022884571005784 3.126676461102 -0.022896739080512
-0.075559716600973 3.1347794219205 0 3.1365228756152 -0.015295972200608 3.135346129452 -0.0093227133386169 3.1288610254281 -0.013217041553731 3.1290322401019
3.0459461198955 -0.07656464271444 -3.1365228756152 0 3.1304903977568 -0.0095786468527426 3.1246659209217 -0.023325234671648 3.1129778632162 -0.033240182815424
-0.10221540224544 3.0844917066492 0.015295972200608 -3.1304903977568 0 -3.135324783736 0.0048004753719341 -3.1383141935837 -0.00015263798168757 3.1364720199578
3.0456107814301 -0.065947758011005 -3.135346129452 0.0095786468527426 3.135324783736 0 3.1380423126009 -0.0065169647270153 3.1299483788955 -0.017873652203256
-0.066281434535513 3.1155532727737 0.0093227133386169 -3.1246659209217 -0.0048004753719341 -3.1380423126009 0 3.139794640504 -0.0060607233463144 3.1304306534143
3.0783593491384 -0.0022884571005784 -3.1288610254281 0.023325234671648 3.1383141935837 0.0065169647270153 -3.139794640504 0 3.1375081534888 -0.0086495009729429
-0.06309223687188 -3.126676461102 0.013217041553731 -3.1129778632162 0.00015263798168757 -3.1299483788955 0.0060607233463144 -3.1375081534888 0 3.1373234867737
3.0824759950316 0.022896739080512 -3.1290322401019 0.033240182815424 -3.1364720199578 0.017873652203256 -3.1304306534143 0.0086495009729429 -3.1373234867737 0
