3.1415926535898 -0.035131667765244 -3.0837044857818 0.13432471837278 -2.9787304671584 0.21627134913729 -2.8855199657852 0.2688875908344 -2.8662023059594 0.27623776647514
0.035131667765244 3.1415926535898 0.061539629987933 -3.1196228107744 -0.034203802805556 3.1068515628549 -0.01716795352239 -3.1359354344641 0.023704358600161 -3.1123518122099
3.0837044857818 -0.061539629987933 3.1415926535898 -0.0076733950393837 3.111599614558 -0.035135136779468 3.1050101848434 -0.035058906154489 3.1088571882276 -0.031747783430334
-0.13432471837278 3.1196228107744 0.0076733950393837 3.1415926535898 -0.024590872627764 3.1031636299323 -0.047627487646775 3.0901207766198 -0.051823964479457 3.0913755141247
2.9787304671584 0.034203802805556 -3.111599614558 0.024590872627764 3.1415926535898 -0.016046393228729 3.1146791478856 -0.031207514462217 3.1102997203145 -0.029030280418012
-0.21627134913729 -3.1068515628549 0.035135136779468 -3.1031636299323 0.016046393228729 3.1415926535898 -0.0090654498919386 3.1306326477172 -0.0087157569104747 3.1369914740802
2.8855199657852 0.01716795352239 -3.1050101848434 0.047627487646775 -3.1146791478856 0.0090654498919386 3.1415926535898 -0.0010643756580185 -3.1393063204032 0.0072801034456229
-0.2688875908344 3.1359354344641 0.035058906154489 -3.0901207766198 0.031207514462217 -3.1306326477172 0.0010643756580185 3.1415926535898 0.0037822693558967 -3.1324965603397
2.8662023059594 -0.023704358600161 -3.1088571882276 0.051823964479457 -3.1102997203145 0.0087157569104747 3.1393063204032 -0.0037822693558967 3.1415926535898 0.0052446897576029
-0.27623776647514 3.1123518122099 0.031747783430334 -3.0913755141247 0.029030280418012 -3.1369914740802 -0.0072801034456229 3.1324965603397 -0.0052446897576029 3.1415926535898
