3.1415926535898 -3.0173779235288 0.045873370719157 -2.8012534351977 0.014937866795846 -2.7147116320598 -0.032724350690271 -3.1254588367401 -0.014880162354883 2.9839986455586
3.0173779235288 3.1415926535898 0.14459253383794 3.1004011569779 0.28409244703574 -2.6163183772249 0.42352533335857 -2.9519355309048 0.063824209505647 -3.1146065142723
-0.045873370719157 -0.14459253383794 3.1415926535898 0.2960544365799 3.0590795150118 0.20314143284724 -3.0987078410098 0.058245003827248 -3.0760852380944 0.048999004844025
2.8012534351977 -3.1004011569779 -0.2960544365799 3.1415926535898 0.22264714937629 -2.3476300100091 1.0050839585123 -2.2034664295397 0.96693505753464 -2.0621605201015
-0.014937866795846 -0.28409244703574 -3.0590795150118 -0.22264714937629 3.1415926535898 -0.05961409307724 3.0530262206946 -0.12165425171829 2.919243840618 -0.20645683982126
2.7147116320598 2.6163183772249 -0.20314143284724 2.3476300100091 0.05961409307724 3.1415926535898 -0.049346779018448 3.0923852284138 -0.10785244539056 3.0355783229585
0.032724350690271 -0.42352533335857 3.0987078410098 -1.0050839585123 -3.0530262206946 0.049346779018448 3.1415926535898 -0.0069616718164643 3.0817362482193 -0.058310195564677
3.1254588367401 2.9519355309048 -0.058245003827248 2.2034664295397 0.12165425171829 -3.0923852284138 0.0069616718164643 3.1415926535898 -0.045421046376891 3.1008052266643
0.014880162354883 -0.063824209505647 3.0760852380944 -0.96693505753464 -2.919243840618 0.10785244539056 -3.0817362482193 0.045421046376891 3.1415926535898 0.0012247650546718
-2.9839986455586 3.1146065142723 -0.048999004844025 2.0621605201015 0.20645683982126 -3.0355783229585 0.058310195564677 -3.1008052266643 -0.0012247650546718 3.1415926535898
