0.0005954415438894 0.00044967599411745 0.00035112133722027 0.00029599154247826 0.00026913051446588 0.00025309876310913 0.00024081978090818 0.00023140811559281 0.00022333769043234 0.00021655171440772
0.00044967599411745 0.00033488117026773 0.00027306166250469 0.0002325022699615 0.00020847470750394 0.00019412248804988 0.00018350013985889 0.0001751685919266 0.00016835186406777 0.00016283749640647
0.00035112133722027 0.00027306166250469 0.00021965829705552 0.00018635203300866 0.00016868099242122 0.00015926699669052 0.00015285506576955 0.00014838627559187 0.00014469350562894 0.00014152003618454
0.00029599154247826 0.0002325022699615 0.00018635203300866 0.0001617023564524 0.00014835645676485 0.00014126954240038 0.00013667909790185 0.00013322585028744 0.00013026767485524 0.00012761475405189
0.00026913051446588 0.00020847470750394 0.00016868099242122 0.00014835645676485 0.00013871071520631 0.00013367484577482 0.00013025198594769 0.00012727227849254 0.0001243661820024 0.0001215973175122
0.00025309876310913 0.00019412248804988 0.00015926699669052 0.00014126954240038 0.00013367484577482 0.00012935098365276 0.00012628625005347 0.0001234219056622 0.00012048718240715 0.00011766236705652
0.00024081978090818 0.00018350013985889 0.00015285506576955 0.00013667909790185 0.00013025198594769 0.00012628625005347 0.00012337440381334 0.00012063412159157 0.00011778970139055 0.00011503301409539
0.00023140811559281 0.0001751685919266 0.00014838627559187 0.00013322585028744 0.00012727227849254 0.0001234219056622 0.00012063412159157 0.00011801861354396 0.00011531384677966 0.00011269509735354
0.00022333769043234 0.00016835186406777 0.00014469350562894 0.00013026767485524 0.0001243661820024 0.00012048718240715 0.00011778970139055 0.00011531384677966 0.00011276685919378 0.00011030537541473
0.00021655171440772 0.00016283749640647 0.00014152003618454 0.00012761475405189 0.0001215973175122 0.00011766236705652 0.00011503301409539 0.00011269509735354 0.00011030537541473 0.00010800032506593
