3.1415926535898 -0.32828144114331 3.0627114970017 -0.3638128360486 3.0877659960281 0.050205186575872 -2.7875963977778 0.51494847485005 -2.4902138143489 0.7212082617278
0.32828144114331 3.1415926535898 -0.064100323754194 3.0856367607242 -0.075687442790059 3.0776631105971 -0.038553245450494 3.1080801016487 -0.032256735185412 3.1132317486241
-3.0627114970017 0.064100323754194 3.1415926535898 -0.023868354923271 3.0830093236802 -0.06311291996234 3.0924471713361 -0.034979631509404 3.1229556254832 -0.001485004832665
0.3638128360486 -3.0856367607242 0.023868354923271 3.1415926535898 -0.013370154789744 3.1314394131014 0.00042982155004839 -3.1376764557358 0.007124325276061 -3.1310511566907
-3.0877659960281 0.075687442790059 -3.0830093236802 0.013370154789744 3.1415926535898 0.0018770871402523 -3.1340045946297 0.0090066420448781 -3.1310385221773 0.013197567226637
-0.050205186575872 -3.0776631105971 0.06311291996234 -3.1314394131014 -0.0018770871402523 3.1415926535898 0.0044858280038771 -3.1347834828425 0.0083142501452781 -3.1309770904069
2.7875963977778 0.038553245450494 -3.0924471713361 -0.00042982155004839 3.1340045946297 -0.0044858280038771 3.1415926535898 0.0032119690047721 -3.1365301639245 0.0073392714055931
-0.51494847485005 -3.1080801016487 0.034979631509404 3.1376764557358 -0.0090066420448781 3.1347834828425 -0.0032119690047721 3.1415926535898 0.0016949511712592 -3.1379568267082
2.4902138143489 0.032256735185412 -3.1229556254832 -0.007124325276061 3.1310385221773 -0.0083142501452781 3.1365301639245 -0.0016949511712592 3.1415926535898 0.0017107155304342
-0.7212082617278 -3.1132317486241 0.001485004832665 3.1310511566907 -0.013197567226637 3.1309770904069 -0.0073392714055931 3.1379568267082 -0.0017107155304342 3.1415926535898
