0.00015893025588666 0.0007963703596328 0.0008266182763581 0.00079613726807667 0.00067778049033065 0.00055271728990314 0.00048156597963652 0.00043196417244953 0.0004031870658823 0.00038293214798103
0.0007963703596328 0.00030693039225343 0.00020069104361214 0.0002171664694869 0.00017567035666928 0.0001480965038542 0.00012086041119819 0.00010799425075963 0.00010007925046377 9.4713255506688e-05
0.0008266182763581 0.00020069104361214 0.00029627549484754 0.0002069010841328 0.0001644283429699 0.00013302219183078 0.00011992449613466 0.00010520815400531 9.901187893946e-05 9.3755782901563e-05
0.00079613726807667 0.0002171664694869 0.0002069010841328 0.00030615245924631 0.00019393713050664 0.00015738581616447 0.00012890175559623 0.00011312871217885 0.00010206683616823 9.4976532880433e-05
0.00067778049033065 0.00017567035666928 0.0001644283429699 0.00019393713050664 0.00020550817088888 0.00014237178876679 0.00011726820357274 0.00010143494878064 9.091685244539e-05 8.3196306759041e-05
0.00055271728990314 0.0001480965038542 0.00013302219183078 0.00015738581616447 0.00014237178876679 0.00014187358033592 0.00011214247341461 9.6660208712079e-05 8.6580759751907e-05 7.9633466868166e-05
0.00048156597963652 0.00012086041119819 0.00011992449613466 0.00012890175559623 0.00011726820357274 0.00011214247341461 0.00010431193902984 9.1177605676143e-05 8.2171167800569e-05 7.5127275376094e-05
0.00043196417244953 0.00010799425075963 0.00010520815400531 0.00011312871217885 0.00010143494878064 9.6660208712079e-05 9.1177605676143e-05 8.4708300108409e-05 7.7486057527446e-05 7.142308947391e-05
0.0004031870658823 0.00010007925046377 9.901187893946e-05 0.00010206683616823 9.091685244539e-05 8.6580759751907e-05 8.2171167800569e-05 7.7486057527446e-05 7.3499921124475e-05 6.8698200680129e-05
0.00038293214798103 9.4713255506688e-05 9.3755782901563e-05 9.4976532880433e-05 8.3196306759041e-05 7.9633466868166e-05 7.5127275376094e-05 7.142308947391e-05 6.8698200680129e-05 6.5527128416647e-05
