0.05473100673024 0.015163409544159 0.0091419298839533 0.0073009468462405 0.0057673024941533 0.0047485626223073 0.0038890156179249 0.0032994149800445 0.0028587653387363 0.0025417279374249
0.015163409544159 0.019203658924278 0.011637683671448 0.0087730761364564 0.0065785266144977 0.0052271211528562 0.0043183778167879 0.0036818588369879 0.0031762858215458 0.0027431046095192
0.0091419298839533 0.011637683671448 0.012243274457446 0.010665260159997 0.0090700876561574 0.0077936189495816 0.0067406552263998 0.0058766655423926 0.005140961474859 0.004506869977005
0.0073009468462405 0.0087730761364564 0.010665260159997 0.010896790786269 0.010102811890616 0.0091519798608468 0.0081983750104359 0.0073386583561663 0.0065711442346518 0.0058932423033918
0.0057673024941533 0.0065785266144977 0.0090700876561574 0.010102811890616 0.010144434331657 0.0096306279475253 0.0088810373630064 0.0081125248869523 0.007381962187362 0.0067131172583483
0.0047485626223073 0.0052271211528562 0.0077936189495816 0.0091519798608468 0.0096306279475253 0.0094890278582788 0.008975608037171 0.0083581082261135 0.0077261185832642 0.0071221305027873
0.0038890156179249 0.0043183778167879 0.0067406552263998 0.0081983750104359 0.0088810373630064 0.008975608037171 0.0086696681731662 0.0082140420113959 0.0077049059849882 0.007192419687567
0.0032994149800445 0.0036818588369879 0.0058766655423926 0.0073386583561663 0.0081125248869523 0.0083581082261135 0.0082140420113959 0.0079066075035256 0.0075217629031241 0.0071090933857531
0.0028587653387363 0.0031762858215458 0.005140961474859 0.0065711442346518 0.007381962187362 0.0077261185832642 0.0077049059849882 0.0075217629031241 0.0072500123254737 0.0069341048539599
0.0025417279374249 0.0027431046095192 0.004506869977005 0.0058932423033918 0.0067131172583483 0.0071221305027873 0.007192419687567 0.0071090933857531 0.0069341048539599 0.0067057921779924
