1.051297826396e-05 5.0309513601204e-05 4.8984141847975e-05 4.2601175733861e-05 3.5990954905514e-05 3.1310335892284e-05 2.7221792469947e-05 2.5613444579222e-05 2.4319181573634e-05 2.3135120086493e-05
5.0309513601204e-05 0.00023692018410357 0.0002353685282126 0.00020132776872119 0.00016958794972333 0.0001474742639142 0.00012939754431152 0.00012059966926215 0.00011339471975082 0.00010759002156234
4.8984141847975e-05 0.0002353685282126 0.00023303293853134 0.00019645011498944 0.00016624803200868 0.00014536640812244 0.00012826273358861 0.00011961522378454 0.00011313811673447 0.00010773723677228
4.2601175733861e-05 0.00020132776872119 0.00019645011498944 0.00017264512455471 0.00014900377364815 0.00013394298227618 0.00011873980907338 0.00011129903929356 0.00010649037928852 0.00010237983621791
3.5990954905514e-05 0.00016958794972333 0.00016624803200868 0.00014900377364815 0.0001215234249388 0.00011228825228302 0.0001005777605052 9.451124096089e-05 9.0167402261765e-05 8.6646756478313e-05
3.1310335892284e-05 0.0001474742639142 0.00014536640812244 0.00013394298227618 0.00011228825228302 0.00010349520939695 9.3258135475714e-05 8.8146413652354e-05 8.4294707474877e-05 8.0962489206881e-05
2.7221792469947e-05 0.00012939754431152 0.00012826273358861 0.00011873980907338 0.0001005777605052 9.3258135475714e-05 8.418132101192e-05 7.9595984233362e-05 7.6285706563301e-05 7.3226668114818e-05
2.5613444579222e-05 0.00012059966926215 0.00011961522378454 0.00011129903929356 9.451124096089e-05 8.8146413652354e-05 7.9595984233362e-05 7.5122424862431e-05 7.2167570004359e-05 6.9395910978861e-05
2.4319181573634e-05 0.00011339471975082 0.00011313811673447 0.00010649037928852 9.0167402261765e-05 8.4294707474877e-05 7.6285706563301e-05 7.2167570004359e-05 6.9522148138505e-05 6.7003031931876e-05
2.3135120086493e-05 0.00010759002156234 0.00010773723677228 0.00010237983621791 8.6646756478313e-05 8.0962489206881e-05 7.3226668114818e-05 6.9395910978861e-05 6.7003031931876e-05 6.4683662223926e-05
