0 -0.56063454769796 -1.5842712038162 -1.5418422723486 0.5340983676406 -1.9023748238205 1.0563208448219 -2.4641227194274 0.59690448703555 -2.2243496334487
0.56063454769796 0 -2.4315682409236 0.018076382676712 -0.73873722298824 -0.11834723840302 2.9306874020424 -0.71612093391246 1.5986285842829 -2.6588532326977
1.5842712038162 2.4315682409236 0 2.9054574111315 0.043045813524055 2.9539041102532 -0.40646831723962 2.544373760767 -0.64024331321986 2.4396867637793
1.5418422723486 -0.018076382676712 -2.9054574111315 0 -3.0837837054894 -0.0069019165085445 3.1339771083236 0.020684916668186 -3.1264227995443 -0.004482529511389
-0.5340983676406 0.73873722298824 -0.043045813524055 3.0837837054894 0 3.122795197046 -0.048270134643975 3.0767944903802 -0.06590506069704 3.0736398735726
1.9023748238205 0.11834723840302 -2.9539041102532 0.0069019165085445 -3.122795197046 0 3.1207311783383 0.013905528244273 -3.102950261928 0.051085434687387
-1.0563208448219 -2.9306874020424 0.40646831723962 -3.1339771083236 0.048270134643975 -3.1207311783383 0 -3.0931051018207 0.093151928079082 -3.0252877690139
2.4641227194274 0.71612093391246 -2.544373760767 -0.020684916668186 -3.0767944903802 -0.013905528244273 3.0931051018207 0 -3.1035573019766 0.057231105716146
-0.59690448703555 -1.5986285842829 0.64024331321986 3.1264227995443 0.06590506069704 3.102950261928 -0.093151928079082 3.1035573019766 0 -3.1209284349487
2.2243496334487 2.6588532326977 -2.4396867637793 0.004482529511389 -3.0736398735726 -0.051085434687387 3.0252877690139 -0.057231105716146 3.1209284349487 0
