0.00043200518180428 0.00247819536258 0.0028074609099204 0.0025412369459907 0.0019177107092089 0.0015175999754075 0.0014498709288728 0.0013677005018789 0.0012976286318291 0.0012329766517885
0.00247819536258 0.00069139105339397 0.00069712581710824 0.00063602862457494 0.00041289615251472 0.00032591208121342 0.00034239756877305 0.00033927210945803 0.00032452441311402 0.00030997911002534
0.0028074609099204 0.00069712581710824 0.0011416085777711 0.00071691477467563 0.00048559910743412 0.00047079750077216 0.00039114738733186 0.00035557514085465 0.0003357064171363 0.00031591706192744
0.0025412369459907 0.00063602862457494 0.00071691477467563 0.00086941267950187 0.00056376377179077 0.00035479374750873 0.00033123957367676 0.00030813447607099 0.00029075507616992 0.00027202664552206
0.0019177107092089 0.00041289615251472 0.00048559910743412 0.00056376377179077 0.00051869783966297 0.00032417743772688 0.00030716150340369 0.00029959348157507 0.00028288307473334 0.00026053817973638
0.0015175999754075 0.00032591208121342 0.00047079750077216 0.00035479374750873 0.00032417743772688 0.00029313622274637 0.00027098515549396 0.00025304899578306 0.00022790680837447 0.00020559811345398
0.0014498709288728 0.00034239756877305 0.00039114738733186 0.00033123957367676 0.00030716150340369 0.00027098515549396 0.00028554009546628 0.00027725471201921 0.00025758437814924 0.00023922669879345
0.0013677005018789 0.00033927210945803 0.00035557514085465 0.00030813447607099 0.00029959348157507 0.00025304899578306 0.00027725471201921 0.00029910681292061 0.00028939585607527 0.00027616390649833
0.0012976286318291 0.00032452441311402 0.0003357064171363 0.00029075507616992 0.00028288307473334 0.00022790680837447 0.00025758437814924 0.00028939585607527 0.00028653495969522 0.00027641911225486
0.0012329766517885 0.00030997911002534 0.00031591706192744 0.00027202664552206 0.00026053817973638 0.00020559811345398 0.00023922669879345 0.00027616390649833 0.00027641911225486 0.00026858740542316
