0.0008396531498106 0.00072222243144107 0.00066201817688613 0.00049822048238653 0.00044859229558079 0.00041345880385092 0.0003935417119194 0.00037765701251483 0.00036871868542399 0.0003571134644269
0.00072222243144107 0.00058378723548941 0.00055940594526537 0.00045443171341231 0.00038656313309457 0.00033838599365122 0.00032479632134219 0.00031000487857171 0.00029795738148793 0.00028503800756696
0.00066201817688613 0.00055940594526537 0.00046645343002437 0.00041329146946464 0.00035210994018523 0.00032241719550263 0.00030829220571953 0.00029259129018469 0.0002813029150253 0.00026992852007632
0.00049822048238653 0.00045443171341231 0.00041329146946464 0.00032410414549793 0.00028861787391991 0.00026042878955983 0.00024641922441714 0.00023126132262717 0.00022106133088837 0.00021211601286957
0.00044859229558079 0.00038656313309457 0.00035210994018523 0.00028861787391991 0.00025445821385054 0.00022778734706645 0.0002146162817706 0.00020221434471154 0.00019436581217592 0.00018823838868556
0.00041345880385092 0.00033838599365122 0.00032241719550263 0.00026042878955983 0.00022778734706645 0.0002037785550508 0.00019104146451634 0.00018169269280962 0.00017624611162402 0.00017244669289507
0.0003935417119194 0.00032479632134219 0.00030829220571953 0.00024641922441714 0.0002146162817706 0.00019104146451634 0.0001791649904594 0.00017169133870254 0.00016736078505316 0.00016448309355775
0.00037765701251483 0.00031000487857171 0.00029259129018469 0.00023126132262717 0.00020221434471154 0.00018169269280962 0.00017169133870254 0.00016542308447557 0.00016158667849743 0.00015902723792117
0.00036871868542399 0.00029795738148793 0.0002813029150253 0.00022106133088837 0.00019436581217592 0.00017624611162402 0.00016736078505316 0.00016158667849743 0.00015793393720766 0.00015535798330545
0.0003571134644269 0.00028503800756696 0.00026992852007632 0.00021211601286957 0.00018823838868556 0.00017244669289507 0.00016448309355775 0.00015902723792117 0.00015535798330545 0.00015237965587166
