-0.00042624510256748 -0.00090747600613922 0.00068784477946048 -0.00076572218889308 0.00063806615134974 -0.00050057356258184 0.00048764629338166 -0.00046209417554238 0.00042377764249326 -0.00040266343632242
-0.00090747600613922 -0.0068535350999078 0.0014901033868682 -0.0016124836426625 0.00059975488525863 -0.00051607735670897 0.00042632872726962 -0.00041190569499212 0.00033254213108942 -0.000305224823766
0.00068784477946048 0.0014901033868682 -0.0092977150549496 0.0027701317094508 -0.002620108926971 0.0021388918274968 -0.0016175491284761 0.0011646624125583 -0.00091260971648829 0.00072397238004689
-0.00076572218889308 -0.0016124836426625 0.0027701317094508 -0.0063465393033514 0.0035578328716664 -0.0027817823574582 0.0022682390734523 -0.0019311073462662 0.0017036531218481 -0.0015385339798421
0.00063806615134974 0.00059975488525863 -0.002620108926971 0.0035578328716664 -0.0055630550652024 0.0041079091204502 -0.0035213100369131 0.003079477749745 -0.0027476778342647 0.0024958542236994
-0.00050057356258184 -0.00051607735670897 0.0021388918274968 -0.0027817823574582 0.0041079091204502 -0.0047588834376525 0.0040902630895567 -0.003568424116875 0.0031695786236767 -0.002869288211297
0.00048764629338166 0.00042632872726962 -0.0016175491284761 0.0022682390734523 -0.0035213100369131 0.0040902630895567 -0.0041590837616998 0.0038463980103976 -0.0035802901555007 0.0033467687953874
-0.00046209417554238 -0.00041190569499212 0.0011646624125583 -0.0019311073462662 0.003079477749745 -0.003568424116875 0.0038463980103976 -0.0038453689354523 0.003717757940138 -0.0035651600858886
0.00042377764249326 0.00033254213108942 -0.00091260971648829 0.0017036531218481 -0.0027476778342647 0.0031695786236767 -0.0035802901555007 0.003717757940138 -0.0037451912853291 0.0036784152559482
-0.00040266343632242 -0.000305224823766 0.00072397238004689 -0.0015385339798421 0.0024958542236994 -0.002869288211297 0.0033467687953874 -0.0035651600858886 0.0036784152559482 -0.0036923025126167
