0.0021043521023996 0.0013079454203676 0.0011026362003559 0.00097537238399567 0.00094451962333129 0.00092935651041258 0.00090696176606594 0.00088718743947073 0.00087227702193946 0.00086188210315265
0.0013079454203676 0.00095461895726903 0.00074159059400479 0.00055882180469465 0.00051885327209431 0.00051266793843675 0.00049967818305392 0.00048666669501946 0.00047484449648093 0.00046570578563831
0.0011026362003559 0.00074159059400479 0.00062004730272281 0.00050750202371407 0.00048002766432556 0.00047020978829632 0.00045564869745375 0.00044498568656282 0.00043702959176963 0.00043178965272184
0.00097537238399567 0.00055882180469465 0.00050750202371407 0.00043796562672429 0.0004248623828532 0.00042371009698376 0.00041742544845207 0.00041258157028178 0.00040832708713708 0.00040515651361847
0.00094451962333129 0.00051885327209431 0.00048002766432556 0.0004248623828532 0.00042472168425832 0.00042948626643445 0.00042464678395882 0.00041983185313559 0.00041540585656693 0.000412189904412
0.00092935651041258 0.00051266793843675 0.00047020978829632 0.00042371009698376 0.00042948626643445 0.00043426227405992 0.00042855179215899 0.00042297357533649 0.00041788120998664 0.00041417694514725
0.00090696176606594 0.00049967818305392 0.00045564869745375 0.00041742544845207 0.00042464678395882 0.00042855179215899 0.00042164834403682 0.00041506455861046 0.00040923150132458 0.0004050425405779
0.00088718743947073 0.00048666669501946 0.00044498568656282 0.00041258157028178 0.00041983185313559 0.00042297357533649 0.00041506455861046 0.00040758527770938 0.00040110491877271 0.00039646168935275
0.00087227702193946 0.00047484449648093 0.00043702959176963 0.00040832708713708 0.00041540585656693 0.00041788120998664 0.00040923150132458 0.00040110491877271 0.00039411951470019 0.00038907605172035
0.00086188210315265 0.00046570578563831 0.00043178965272184 0.00040515651361847 0.000412189904412 0.00041417694514725 0.0004050425405779 0.00039646168935275 0.00038907605172035 0.00038366489997203
