0.0013688996034599 0.0011767905235113 0.0010403242409449 0.00099556785735831 0.00083452825134138 0.00067876819950631 0.00064281850876999 0.0006196499097804 0.0005973580359725 0.00058872829320117
0.0011767905235113 0.00086425531663417 0.0010060842293151 0.0010100251338165 0.00081853065310205 0.00064601512180266 0.00058539836038145 0.00055938508213007 0.00054038491403174 0.00052646004409037
0.0010403242409449 0.0010060842293151 0.001081786565228 0.00098263227006851 0.00079539562860096 0.0005762980046631 0.00050061161712716 0.00045958632239712 0.0004386154777881 0.00042638828201953
0.00099556785735831 0.0010100251338165 0.00098263227006851 0.00089219546659568 0.00076372424431988 0.0005859981545866 0.0005086192861756 0.00048027281821496 0.00046364945200981 0.00045291873082886
0.00083452825134138 0.00081853065310205 0.00079539562860096 0.00076372424431988 0.00067897778612445 0.00053815735060181 0.00044315226942989 0.00041244392358938 0.00040047843075959 0.00038954043427336
0.00067876819950631 0.00064601512180266 0.0005762980046631 0.0005859981545866 0.00053815735060181 0.00041409508552685 0.00035389046669351 0.00033922320430372 0.00033568326511298 0.00033399599544822
0.00064281850876999 0.00058539836038145 0.00050061161712716 0.0005086192861756 0.00044315226942989 0.00035389046669351 0.00030485054884585 0.00029533976829443 0.00029879558226734 0.00030197105082321
0.0006196499097804 0.00055938508213007 0.00045958632239712 0.00048027281821496 0.00041244392358938 0.00033922320430372 0.00029533976829443 0.00030795006980891 0.00031757140224012 0.00032298176138022
0.0005973580359725 0.00054038491403174 0.0004386154777881 0.00046364945200981 0.00040047843075959 0.00033568326511298 0.00029879558226734 0.00031757140224012 0.00032727080610601 0.00033149989780701
0.00058872829320117 0.00052646004409037 0.00042638828201953 0.00045291873082886 0.00038954043427336 0.00033399599544822 0.00030197105082321 0.00032298176138022 0.00033149989780701 0.00033346503304687
