0.10131794134532 3.9936120473877e-06 5.4204978736792e-06 6.461379584516e-06 7.4585060746388e-06 8.3383834808554e-06 9.0960189014649e-06 9.7539374433465e-06 1.0387790347718e-05 1.1031066814829e-05 1.1555136911363e-05 1.2152887849313e-05 2.329791536372e-05 1.3086468625921e-05 1.3399664793764e-05 1.3704067345418e-05 1.4471207074744e-05 1.515792935929e-05 1.5580624307093e-05 1.5709444026684e-05
3.9936120473877e-06 0.0035418444595572 0.00016040932512579 0.00010903183698215 0.00014925789964244 1.8849007572434e-05 7.1426214565328e-05 1.8505727199663e-05 7.4410955137789e-05 3.3159051316309e-05 3.6530557282393e-05 3.2562431469953e-05 3.0935030175246e-05 3.1350384602758e-05 2.8680573785485e-05 2.7322221520154e-05 2.7068889986979e-05 2.7886750972231e-05 2.8070298206774e-05 2.861047146607e-05
5.4204978736792e-06 0.00016040932512579 0.0043795264647347 0.00060744434497021 0.00050634223364481 0.00035710274415431 0.00037325677886365 0.00029698675751705 0.00030109024821517 0.00029618997575151 0.00026210030110927 0.00024021347413693 0.00022549297881518 0.00021145417366668 0.00020311307560258 0.00019326249025361 0.00018462579019388 0.00017631589991256 0.000167852947658 0.00016188653982013
6.461379584516e-06 0.00010903183698215 0.00060744434497021 0.0049597271293752 0.0011353111898895 0.00075507107898903 0.00050813784193466 0.00036439573770037 0.00029296479064366 0.00030163226101098 0.00028642902426813 0.00025908954510257 0.00024383576292148 0.00022088625601795 0.00020588756211875 0.00018554388482181 0.00016905834693651 0.00015177024324354 0.00013761746569814 0.00012229477642352
7.4585060746388e-06 0.00014925789964244 0.00050634223364481 0.0011353111898895 0.0045497752380827 0.0015092709003849 0.0011154390036562 0.00079587829431734 0.00070913882218139 0.00060911735200028 0.00052766402461062 0.00047430486805035 0.00043014008813025 0.00039767816397135 0.00036839909827234 0.00034298487318475 0.00031777655254772 0.00029730266770002 0.00027642488730967 0.00026105977820361
8.3383834808554e-06 1.8849007572434e-05 0.00035710274415431 0.00075507107898903 0.0015092709003849 0.0032904732797602 0.0016085778093191 0.0011946146663139 0.00093451516091773 0.00074689388501477 0.0006294549904341 0.00054535363172816 0.00048261142569681 0.00043597076065299 0.00040267503961176 0.00036801025140907 0.00034115323835667 0.00031457517552272 0.00029256092699705 0.00027085828319314
9.0960189014649e-06 7.1426214565328e-05 0.00037325677886365 0.00050813784193466 0.0011154390036562 0.0016085778093191 0.002462912934809 0.0015975249241285 0.0012610850744057 0.0009985426445732 0.00083615012390232 0.00072047364852087 0.00062983723646458 0.00056770451650814 0.00051414589321265 0.00046903603283221 0.00042996968536374 0.0003968854061865 0.00036591054977988 0.00034026065193236
9.7539374433465e-06 1.8505727199663e-05 0.00029698675751705 0.00036439573770037 0.00079587829431734 0.0011946146663139 0.0015975249241285 0.0018964624138005 0.0014919773302525 0.0012069876555942 0.0010342272013235 0.00090872252294957 0.00081135336893144 0.000737063535508 0.00067523542134597 0.00062154896810099 0.00057639458147532 0.00053608071779569 0.00050162485974171 0.00047051243130877
1.0387790347718e-05 7.4410955137789e-05 0.00030109024821517 0.00029296479064366 0.00070913882218139 0.00093451516091773 0.0012610850744057 0.0014919773302525 0.0015177071369255 0.0012798780171995 0.0011176809645895 0.0009975345490619 0.00089698470134658 0.00081755373239672 0.00075019114779524 0.00069147670085156 0.00064059086562402 0.00059611359765423 0.0005569057741996 0.00052269800014781
1.1031066814829e-05 3.3159051316309e-05 0.00029618997575151 0.00030163226101098 0.00060911735200028 0.00074689388501477 0.0009985426445732 0.0012069876555942 0.0012798780171995 0.0012794233744027 0.0011573663254082 0.0010601964610774 0.00096905928351466 0.00089448913429715 0.00082981435537727 0.00077179737073063 0.00072144501290914 0.00067616281318964 0.0006364362468541 0.00060108237806593
1.1555136911363e-05 3.6530557282393e-05 0.00026210030110927 0.00028642902426813 0.00052766402461062 0.0006294549904341 0.00083615012390232 0.0010342272013235 0.0011176809645895 0.0011573663254082 0.0011314772936563 0.0010651213374266 0.00099264768908211 0.00092905683653991 0.00087136150807511 0.00081833936083483 0.00077132841082982 0.00072860913124731 0.00069048373590758 0.00065624211411751
1.2152887849313e-05 3.2562431469953e-05 0.00024021347413693 0.00025908954510257 0.00047430486805035 0.00054535363172816 0.00072047364852087 0.00090872252294957 0.0009975345490619 0.0010601964610774 0.0010651213374266 0.0010463547438209 0.00099737329512518 0.00094885908960374 0.00090133699691786 0.00085557008138992 0.00081374435622666 0.00077463579165513 0.00073913998928478 0.00070655320885776
2.329791536372e-05 3.0935030175246e-05 0.00022549297881518 0.00024383576292148 0.00043014008813025 0.00048261142569681 0.00062983723646458 0.00081135336893144 0.00089698470134658 0.00096905928351466 0.00099264768908211 0.00099737329512518 0.00097921341807495 0.00094537538682895 0.00090851111687452 0.00087065680551349 0.0008346939253052 0.00080012336290758 0.00076795263140401 0.00073791653930265
1.3086468625921e-05 3.1350384602758e-05 0.00021145417366668 0.00022088625601795 0.00039767816397135 0.00043597076065299 0.00056770451650814 0.000737063535508 0.00081755373239672 0.00089448913429715 0.00092905683653991 0.00094885908960374 0.00094537538682895 0.0009298137190593 0.00090366367897818 0.00087374749051077 0.00084367304582269 0.00081364439689694 0.000784998483455 0.00075771280238935
1.3399664793764e-05 2.8680573785485e-05 0.00020311307560258 0.00020588756211875 0.00036839909827234 0.00040267503961176 0.00051414589321265 0.00067523542134597 0.00075019114779524 0.00082981435537727 0.00087136150807511 0.00090133699691786 0.00090851111687452 0.00090366367897818 0.00088747222571545 0.00086485083793327 0.00084038005486836 0.00081481314795732 0.00078977978795594 0.00076540193133884
1.3704067345418e-05 2.7322221520154e-05 0.00019326249025361 0.00018554388482181 0.00034298487318475 0.00036801025140907 0.00046903603283221 0.00062154896810099 0.00069147670085156 0.00077179737073063 0.00081833936083483 0.00085557008138992 0.00087065680551349 0.00087374749051077 0.00086485083793327 0.00084929328632582 0.00083036252254735 0.00080931652510079 0.00078800281259551 0.00076669491516986
1.4471207074744e-05 2.7068889986979e-05 0.00018462579019388 0.00016905834693651 0.00031777655254772 0.00034115323835667 0.00042996968536374 0.00057639458147532 0.00064059086562402 0.00072144501290914 0.00077132841082982 0.00081374435622666 0.0008346939253052 0.00084367304582269 0.00084038005486836 0.00083036252254735 0.00081653192942666 0.00079971256268564 0.00078194015636611 0.00076358410348876
1.515792935929e-05 2.7886750972231e-05 0.00017631589991256 0.00015177024324354 0.00029730266770002 0.00031457517552272 0.0003968854061865 0.00053608071779569 0.00059611359765423 0.00067616281318964 0.00072860913124731 0.00077463579165513 0.00080012336290758 0.00081364439689694 0.00081481314795732 0.00080931652510079 0.00079971256268564 0.00078676122328678 0.00077227505955545 0.00075671999363146
1.5580624307093e-05 2.8070298206774e-05 0.000167852947658 0.00013761746569814 0.00027642488730967 0.00029256092699705 0.00036591054977988 0.00050162485974171 0.0005569057741996 0.0006364362468541 0.00069048373590758 0.00073913998928478 0.00076795263140401 0.000784998483455 0.00078977978795594 0.00078800281259551 0.00078194015636611 0.00077227505955545 0.00076075958328432 0.00074776541776149
1.5709444026684e-05 2.861047146607e-05 0.00016188653982013 0.00012229477642352 0.00026105977820361 0.00027085828319314 0.00034026065193236 0.00047051243130877 0.00052269800014781 0.00060108237806593 0.00065624211411751 0.00070655320885776 0.00073791653930265 0.00075771280238935 0.00076540193133884 0.00076669491516986 0.00076358410348876 0.00075671999363146 0.00074776541776149 0.00073708449747343
