0.18278597702329 0.051034281008849 0.030694137166592 0.020587005247409 0.014780220534304 0.010969467862767 0.0083432249700305 0.0064874710543005 0.0051141035252663 0.0041108961791063 0.0033709438990835 0.0027684564397915 0.0023693663061011 0.0019807383432224 0.0017758002173962 0.0015051199703274 0.0013634000130882 0.0011849803893155 0.00109923156153 0.0009683171739942
0.051034281008849 0.058089921957706 0.038752989897322 0.02753463294557 0.020387186390066 0.015413014235845 0.011832571793082 0.0091780660792697 0.0071972573866077 0.0057144242483637 0.0045779408684103 0.0037387566047924 0.0030571569170979 0.0025752355770731 0.0020964586650726 0.0018354813093373 0.0015840685108499 0.0014020487196005 0.0012198937430425 0.0010974254051087
0.030694137166592 0.038752989897322 0.037966546689838 0.032022422399502 0.02641285462833 0.021708778098143 0.01788257729418 0.014785895579111 0.012282521699864 0.010271856158466 0.0086432712542022 0.007331395239309 0.006254193250381 0.0053823414177067 0.0046271165191213 0.0040779914245167 0.0035761989213797 0.0031641792269456 0.002818683637692 0.0025260520703093
0.020587005247409 0.02753463294557 0.032022422399502 0.031005147029074 0.028124641361155 0.024875996347063 0.021773252250571 0.018977027373148 0.016521841267062 0.014414847482574 0.012606144266868 0.01106499213953 0.0097480716818612 0.0086249939460961 0.007652813594391 0.0068391182634646 0.0061239607742664 0.0055031228939341 0.0049667371774826 0.0044945459030987
0.014780220534304 0.020387186390066 0.02641285462833 0.028124641361155 0.0275788643046 0.025943554208922 0.023873881012476 0.021703782701718 0.019597431620611 0.017653848032941 0.015884822121959 0.014301437145023 0.012892529700759 0.011644283455748 0.010545293804235 0.0095651594715839 0.0087007887245722 0.0079278934190803 0.0072455736889024 0.0066324681355091
0.010969467862767 0.015413014235845 0.021708778098143 0.024875996347063 0.025943554208922 0.025670090234367 0.024624865946146 0.02318270473116 0.02157147620569 0.019948377220125 0.018371150004612 0.016886613300209 0.015510081696613 0.014247606559774 0.013108158687169 0.01205515068793 0.011110881397561 0.010248297452994 0.0094724551495198 0.0087640176793731
0.0083432249700305 0.011832571793082 0.01788257729418 0.021773252250571 0.023873881012476 0.024624865946146 0.024457439451849 0.023713326197704 0.022633332628931 0.021400902359577 0.020101083050245 0.01880555042025 0.017549283862879 0.016355680345839 0.015247575609919 0.014194900357622 0.013231369940404 0.012334196444784 0.011512940915921 0.01075181040916
0.0064874710543005 0.0091780660792697 0.014785895579111 0.018977027373148 0.021703782701718 0.02318270473116 0.023713326197704 0.023578334754176 0.023002222092565 0.022171813040122 0.02118402133875 0.020124766135076 0.019041912850938 0.017971874234951 0.016947128935837 0.015947070722652 0.015011288160619 0.014123190577073 0.013296080797849 0.012518132722413
0.0051141035252663 0.0071972573866077 0.012282521699864 0.016521841267062 0.019597431620611 0.02157147620569 0.022633332628931 0.023002222092565 0.022873712405235 0.022422810387 0.021748793793551 0.020942986882512 0.020060163914758 0.019145616125424 0.018238158068017 0.017325804302828 0.016451764910317 0.015605486999097 0.014803274119159 0.014037288034058
0.0041108961791063 0.0057144242483637 0.010271856158466 0.014414847482574 0.017653848032941 0.019948377220125 0.021400902359577 0.022171813040122 0.022422810387 0.022312793734709 0.02193397953469 0.021378053568967 0.020702144260583 0.019956828119527 0.019184878724803 0.018380492215101 0.017589769209838 0.016807145901662 0.016051278739705 0.01531795697141
0.0033709438990835 0.0045779408684103 0.0086432712542022 0.012606144266868 0.015884822121959 0.018371150004612 0.020101083050245 0.02118402133875 0.021748793793551 0.02193397953469 0.021822440961471 0.021501800632164 0.021028363628814 0.020455019052847 0.019826770171232 0.019141442444689 0.01844764130406 0.017743507743843 0.017049535006304 0.016364522153524
0.0027684564397915 0.0037387566047924 0.007331395239309 0.01106499213953 0.014301437145023 0.016886613300209 0.01880555042025 0.020124766135076 0.020942986882512 0.021378053568967 0.021501800632164 0.02139638504812 0.02111257365007 0.020706092245882 0.020221648226863 0.019658961513158 0.019068574840488 0.018451311612001 0.017828745261787 0.017202381274349
0.0023693663061011 0.0030571569170979 0.006254193250381 0.0097480716818612 0.012892529700759 0.015510081696613 0.017549283862879 0.019041912850938 0.020060163914758 0.020702144260583 0.021028363628814 0.02111257365007 0.021003841989315 0.020754014609903 0.020408523008838 0.01996698125804 0.019481655485486 0.018954984173176 0.018409347518204 0.017848120020899
0.0019807383432224 0.0025752355770731 0.0053823414177067 0.0086249939460961 0.011644283455748 0.014247606559774 0.016355680345839 0.017971874234951 0.019145616125424 0.019956828119527 0.020455019052847 0.020706092245882 0.020754014609903 0.020648636378803 0.020433932482833 0.020108984871881 0.019726945291704 0.019291381584221 0.018824649912902 0.018331999991508
0.0017758002173962 0.0020964586650726 0.0046271165191213 0.007652813594391 0.010545293804235 0.013108158687169 0.015247575609919 0.016947128935837 0.018238158068017 0.019184878724803 0.019826770171232 0.020221648226863 0.020408523008838 0.020433932482833 0.020381556581816 0.020125706435373 0.019843170762762 0.019496745329725 0.019108960715586 0.018685904990262
0.0015051199703274 0.0018354813093373 0.0040779914245167 0.0068391182634646 0.0095651594715839 0.01205515068793 0.014194900357622 0.015947070722652 0.017325804302828 0.018380492215101 0.019141442444689 0.019658961513158 0.01996698125804 0.020108984871881 0.020125706435373 0.020047004897939 0.019823249601107 0.019562116294563 0.019250963279211 0.018896861314422
0.0013634000130882 0.0015840685108499 0.0035761989213797 0.0061239607742664 0.0087007887245722 0.011110881397561 0.013231369940404 0.015011288160619 0.016451764910317 0.017589769209838 0.01844764130406 0.019068574840488 0.019481655485486 0.019726945291704 0.019843170762762 0.019823249601107 0.019722156541875 0.019541036157171 0.019303596621853 0.019016620744258
0.0011849803893155 0.0014020487196005 0.0031641792269456 0.0055031228939341 0.0079278934190803 0.010248297452994 0.012334196444784 0.014123190577073 0.015605486999097 0.016807145901662 0.017743507743843 0.018451311612001 0.018954984173176 0.019291381584221 0.019496745329725 0.019562116294563 0.019541036157171 0.019436641401317 0.01926922743406 0.019046995593186
0.00109923156153 0.0012198937430425 0.002818683637692 0.0049667371774826 0.0072455736889024 0.0094724551495198 0.011512940915921 0.013296080797849 0.014803274119159 0.016051278739705 0.017049535006304 0.017828745261787 0.018409347518204 0.018824649912902 0.019108960715586 0.019250963279211 0.019303596621853 0.01926922743406 0.019167550336974 0.019006560805163
0.0009683171739942 0.0010974254051087 0.0025260520703093 0.0044945459030987 0.0066324681355091 0.0087640176793731 0.01075181040916 0.012518132722413 0.014037288034058 0.01531795697141 0.016364522153524 0.017202381274349 0.017848120020899 0.018331999991508 0.018685904990262 0.018896861314422 0.019016620744258 0.019046995593186 0.019006560805163 0.018903474741754
