0.017742928098172 0.0028747867384753 0.0019410822478034 0.0013511395028811 0.001092497412315 0.0010272037427676 0.00093785917731829 0.00088857116070799 0.00084363789134333 0.00079408573896422 0.00074116797393487 0.00069024139704704 0.0006423494499726 0.00059917528287887 0.00055533198521659 0.00052039952913497 0.00047762079550606 0.00045699674385185 0.00042481373136058 0.00041260087236139
0.0028747867384753 0.0082303119943213 0.0035327522882374 0.0022421729899303 0.0017729394582949 0.0014515960763226 0.0012340587618534 0.0010771725064751 0.00093844181089824 0.0008124273695312 0.0007256683262585 0.00065089361173912 0.00058270853888837 0.00052227424002614 0.00048225056076558 0.00044494477117871 0.00043230726944063 0.00038360554874404 0.00035190921562398 0.00032535032603351
0.0019410822478034 0.0035327522882374 0.0058670850531197 0.0035684149757305 0.0027544005223174 0.0022559106463211 0.001898069061277 0.0016507640592149 0.0014497286663293 0.0012848273191916 0.0011446711007858 0.0010286264688085 0.00092651394199183 0.00084412104283603 0.00076649631587037 0.00070320805240285 0.00067366838885243 0.00059956757998064 0.00055196225350756 0.00051161653987757
0.0013511395028811 0.0022421729899303 0.0035684149757305 0.004033202842923 0.0032601794103678 0.002736747045691 0.0023420744487203 0.0020549592569745 0.001823955349856 0.0016339806726666 0.001474159343409 0.0013394881567083 0.001223161655962 0.001120002486969 0.0010359060785523 0.00096197835878058 0.00090827701075966 0.00083820534149197 0.00078197654257387 0.00073689344769926
0.001092497412315 0.0017729394582949 0.0027544005223174 0.0032601794103678 0.003435273506832 0.0030763690874098 0.0027369378536177 0.0024621368149843 0.0022215786955096 0.0020107720900447 0.0018332564451188 0.0016809429918754 0.0015462253840851 0.0014304838820499 0.0013287166139059 0.0012410620538879 0.0011709147907441 0.0010936373209341 0.0010271585762575 0.00097271506535876
0.0010272037427676 0.0014515960763226 0.0022559106463211 0.002736747045691 0.0030763690874098 0.0030767327682455 0.0028641052935314 0.0026468115036706 0.0024374000539337 0.0022424429558285 0.0020729105817201 0.0019236124883234 0.0017870007544821 0.0016676237792982 0.0015628890054909 0.0014695757119946 0.00139132826968 0.001311381716542 0.0012388111598434 0.0011785837908065
0.00093785917731829 0.0012340587618534 0.001898069061277 0.0023420744487203 0.0027369378536177 0.0028641052935314 0.0028164127320191 0.0026802500791606 0.0025202201505475 0.0023569901029721 0.0022084065946714 0.0020724233564841 0.0019437004062441 0.0018283959345744 0.0017262982100548 0.0016338772300217 0.0015544453190872 0.0014733819664646 0.001398820223379 0.0013357380832212
0.00088857116070799 0.0010771725064751 0.0016507640592149 0.0020549592569745 0.0024621368149843 0.0026468115036706 0.0026802500791606 0.0026274506314738 0.0025209884677758 0.0023952433513371 0.0022732611233642 0.0021559931240516 0.00204058170589 0.0019341772741557 0.0018388853088259 0.0017504143373627 0.0016743036907647 0.0015932893426958 0.0015194058460008 0.0014555175112537
0.00084363789134333 0.00093844181089824 0.0014497286663293 0.001823955349856 0.0022215786955096 0.0024374000539337 0.0025202201505475 0.0025209884677758 0.0024671670889369 0.0023811695904988 0.0022885953044596 0.0021934443549742 0.0020949582455661 0.0020010916290471 0.0019154506768761 0.0018339182212154 0.0017616960423409 0.0016855347835847 0.0016143766675809 0.0015518556293969
0.00079408573896422 0.0008124273695312 0.0012848273191916 0.0016339806726666 0.0020107720900447 0.0022424429558285 0.0023569901029721 0.0023952433513371 0.0023811695904988 0.0023365069275491 0.0022694067912514 0.0021975201046932 0.0021175442652142 0.0020379950908621 0.0019637769824632 0.0018910175649932 0.0018246828566199 0.0017548586604191 0.0016879772407606 0.0016283899320172
0.00074116797393487 0.0007256683262585 0.0011446711007858 0.001474159343409 0.0018332564451188 0.0020729105817201 0.0022084065946714 0.0022732611233642 0.0022885953044596 0.0022694067912514 0.0022319629613845 0.0021816128952992 0.00211938928311 0.0020540704854476 0.0019915341666591 0.0019280490002244 0.0018682435262514 0.0018053312516774 0.001743208506416 0.0016870541338108
0.00069024139704704 0.00065089361173912 0.0010286264688085 0.0013394881567083 0.0016809429918754 0.0019236124883234 0.0020724233564841 0.0021559931240516 0.0021934443549742 0.0021975201046932 0.0021816128952992 0.0021527199650705 0.0021050054757968 0.0020534515159558 0.0020025234540684 0.0019485994739656 0.0018959793096735 0.0018403571549722 0.0017835553004543 0.0017315770914849
0.0006423494499726 0.00058270853888837 0.00092651394199183 0.001223161655962 0.0015462253840851 0.0017870007544821 0.0019437004062441 0.00204058170589 0.0020949582455661 0.0021175442652142 0.00211938928311 0.0021050054757968 0.0020750723888519 0.0020357325755301 0.0019959521176976 0.0019514403835055 0.0019063109349667 0.0018581453225408 0.001807040118208 0.0017597319749971
0.00059917528287887 0.00052227424002614 0.00084412104283603 0.001120002486969 0.0014304838820499 0.0016676237792982 0.0018283959345744 0.0019341772741557 0.0020010916290471 0.0020379950908621 0.0020540704854476 0.0020534515159558 0.0020357325755301 0.0020238087889694 0.0019787043848775 0.0019428388160056 0.0019047076473242 0.0018635941782531 0.0018178998668098 0.0017751428433925
0.00055533198521659 0.00048225056076558 0.00076649631587037 0.0010359060785523 0.0013287166139059 0.0015628890054909 0.0017262982100548 0.0018388853088259 0.0019154506768761 0.0019637769824632 0.0019915341666591 0.0020025234540684 0.0019959521176976 0.0019787043848775 0.0019594780079577 0.0019310590389364 0.0018999152413928 0.0018659665048683 0.0018259407333965 0.0017880882723476
0.00052039952913497 0.00044494477117871 0.00070320805240285 0.00096197835878058 0.0012410620538879 0.0014695757119946 0.0016338772300217 0.0017504143373627 0.0018339182212154 0.0018910175649932 0.0019280490002244 0.0019485994739656 0.0019514403835055 0.0019428388160056 0.0019310590389364 0.0019110262117316 0.0018861668465471 0.0018588781979292 0.0018241452389997 0.0017909649210045
0.00047762079550606 0.00043230726944063 0.00067366838885243 0.00090827701075966 0.0011709147907441 0.00139132826968 0.0015544453190872 0.0016743036907647 0.0017616960423409 0.0018246828566199 0.0018682435262514 0.0018959793096735 0.0019063109349667 0.0019047076473242 0.0018999152413928 0.0018861668465471 0.0019110510051292 0.0018452631152118 0.0018152050464714 0.0017862616310087
0.00045699674385185 0.00038360554874404 0.00059956757998064 0.00083820534149197 0.0010936373209341 0.001311381716542 0.0014733819664646 0.0015932893426958 0.0016855347835847 0.0017548586604191 0.0018053312516774 0.0018403571549722 0.0018581453225408 0.0018635941782531 0.0018659665048683 0.0018588781979292 0.0018452631152118 0.0018318179376111 0.0018051989543612 0.0017809616590394
0.00042481373136058 0.00035190921562398 0.00055196225350756 0.00078197654257387 0.0010271585762575 0.0012388111598434 0.001398820223379 0.0015194058460008 0.0016143766675809 0.0016879772407606 0.001743208506416 0.0017835553004543 0.001807040118208 0.0018178998668098 0.0018259407333965 0.0018241452389997 0.0018152050464714 0.0018051989543612 0.0017847457176212 0.0017643831616262
0.00041260087236139 0.00032535032603351 0.00051161653987757 0.00073689344769926 0.00097271506535876 0.0011785837908065 0.0013357380832212 0.0014555175112537 0.0015518556293969 0.0016283899320172 0.0016870541338108 0.0017315770914849 0.0017597319749971 0.0017751428433925 0.0017880882723476 0.0017909649210045 0.0017862616310087 0.0017809616590394 0.0017643831616262 0.0017508401796923
