0.011287685670068 -0.0025668522731564 0.0021310063187743 -0.0016800405218386 0.0013075268163304 -0.0011436291395228 0.00094018213584759 -0.00077431952565005 0.00064063714739955 -0.00052507001458127
-0.0025668522731564 0.0089827444586434 -0.0023949618768206 0.0016875756557265 -0.0014429875542507 0.0011182908252218 -0.00098428938682122 0.00084306345190345 -0.00072738316776025 0.00062961955857409
0.0021310063187743 -0.0023949618768206 0.0070960743979155 -0.0030667728722383 0.0020754766065967 -0.0015856050861104 0.0012820645749312 -0.001091531415049 0.00095075915139157 -0.00083329595882638
-0.0016800405218386 0.0016875756557265 -0.0030667728722383 0.0047574157287664 -0.002813133464699 0.0020802159246856 -0.0016566249747253 0.0013823341403735 -0.0011934538615849 0.0010407182638431
0.0013075268163304 -0.0014429875542507 0.0020754766065967 -0.002813133464699 0.0033529509312159 -0.0025252977928919 0.0020381363733465 -0.0017046413837603 0.001462981195355 -0.0012786896829654
-0.0011436291395228 0.0011182908252218 -0.0015856050861104 0.0020802159246856 -0.0025252977928919 0.0025104790364676 -0.0021486411985349 0.0018515686336166 -0.001613839570041 0.0014230112479066
0.00094018213584759 -0.00098428938682122 0.0012820645749312 -0.0016566249747253 0.0020381363733465 -0.0021486411985349 0.00206929944946 -0.0018687059131766 0.0016783258549927 -0.0015113319288854
-0.00077431952565005 0.00084306345190345 -0.001091531415049 0.0013823341403735 -0.0017046413837603 0.0018515686336166 -0.0018687059131766 0.0017869628328976 -0.0016562924156189 0.0015263667773222
0.00064063714739955 -0.00072738316776025 0.00095075915139157 -0.0011934538615849 0.001462981195355 -0.001613839570041 0.0016783258549927 -0.0016562924156189 0.0015862187451586 -0.001495165776048
-0.00052507001458127 0.00062961955857409 -0.00083329595882638 0.0010407182638431 -0.0012786896829654 0.0014230112479066 -0.0015113319288854 0.0015263667773222 -0.001495165776048 0.0014390385440854
