0 3.0315947115761 -0.23633982299342 2.9741784362603 -0.24084294609858 2.8642822065752 -0.21441758082084 3.0293303424946 -0.066029083642798 3.1106992546534
-3.0315947115761 0 3.0140635389272 -0.08212416674968 2.8900238163216 -0.19915286276262 3.0207412816782 -0.012409516971602 -3.0846232848292 0.10876478635763
0.23633982299342 -3.0140635389272 0 -3.1079373235168 -0.022940894734592 -3.0915316196542 0.1375926343861 -2.9225784390439 0.25342698466727 -2.8730458240185
-2.9741784362603 0.08212416674968 3.1079373235168 0 3.0532600509619 -0.030776449139518 -3.1178902437373 0.075828461535173 -3.0424915804939 0.11318430594021
0.24084294609858 -2.8900238163216 0.022940894734592 -3.0532600509619 0 -3.0953330333769 0.088355191760368 -3.0156734235734 0.14077136866313 -2.9923795768334
-2.8642822065752 0.19915286276262 3.0915316196542 0.030776449139518 3.0953330333769 0 -3.0987354931789 0.076412778469614 -3.0511499124697 0.099589470580587
0.21441758082084 -3.0207412816782 -0.1375926343861 3.1178902437373 -0.088355191760368 3.0987354931789 0 -3.1094511676829 0.046039417922615 -3.0860511593061
-3.0293303424946 0.012409516971602 2.9225784390439 -0.075828461535173 3.0156734235734 -0.076412778469614 3.1094511676829 0 -3.1275148160784 0.024185412553852
0.066029083642798 3.0846232848292 -0.25342698466727 3.0424915804939 -0.14077136866313 3.0511499124697 -0.046039417922615 3.1275148160784 0 -3.1311742120358
-3.1106992546534 -0.10876478635763 2.8730458240185 -0.11318430594021 2.9923795768334 -0.099589470580587 3.0860511593061 -0.024185412553852 3.1311742120358 0
