0.017161113178015 -0.0034261247462697 0.0020989909669292 -0.0024720606512434 0.0016737726769507 -0.0012737854128261 0.00093800359941619 -0.00058097467229704 0.00030094543328255 -7.3533027887888e-05
-0.0034261247462697 0.01055836564305 -0.0034504819659794 0.0028673384700198 -0.0021830926980441 0.0016767958447191 -0.0012233354380053 0.00086401723403288 -0.00061709751096541 0.00040748806089766
0.0020989909669292 -0.0034504819659794 0.0068150243759873 -0.0039456792719622 0.0032663287816059 -0.0026774109769348 0.0021767236381327 -0.0018137523752957 0.001533569946542 -0.0013174181690991
-0.0024720606512434 0.0028673384700198 -0.0039456792719622 0.0049855914474028 -0.003800669448857 0.0030949439484876 -0.0025458772489888 0.0020521926221193 -0.0016682409017545 0.0013732968362792
0.0016737726769507 -0.0021830926980441 0.0032663287816059 -0.003800669448857 0.0039311720152267 -0.0033975736784193 0.0029120572814307 -0.0024986986358239 0.0021328977670761 -0.0018459845965387
-0.0012737854128261 0.0016767958447191 -0.0026774109769348 0.0030949439484876 -0.0033975736784193 0.0033930522850492 -0.0030838747955298 0.0027772744498273 -0.0024748997254626 0.0022164194561223
0.00093800359941619 -0.0012233354380053 0.0021767236381327 -0.0025458772489888 0.0029120572814307 -0.0030838747955298 0.0030442664362163 -0.0028717064039234 0.002658509936063 -0.0024612107414639
-0.00058097467229704 0.00086401723403288 -0.0018137523752957 0.0020521926221193 -0.0024986986358239 0.0027772744498273 -0.0028717064039234 0.0028497206085077 -0.0027303536417662 0.0025966416856337
0.00030094543328255 -0.00061709751096541 0.001533569946542 -0.0016682409017545 0.0021328977670761 -0.0024748997254626 0.002658509936063 -0.0027303536417662 0.0026971119133028 -0.0026250611401106
-7.3533027887888e-05 0.00040748806089766 -0.0013174181690991 0.0013732968362792 -0.0018459845965387 0.0022164194561223 -0.0024612107414639 0.0025966416856337 -0.0026250611401106 0.0026076778224034
