0 2.9376960471874 -0.56869599097421 -2.3121487770483 0.83212641028152 -3.0757312093813 1.0901563899351 -2.1061610607564 1.0368163065066 -1.7148737885718
-2.9376960471874 0 -3.0166371630332 0.026344692599775 3.1083017358818 -0.15503650033882 2.9961900323655 -0.21965851086512 2.8987111060243 -0.2592851218197
0.56869599097421 3.0166371630332 0 3.121218310501 -0.091808742263389 3.0473247911259 -0.046336311962475 3.1143378985273 -0.03707512351698 3.1004067326971
2.3121487770483 -0.026344692599775 -3.121218310501 0 3.0946126325889 -0.032110234246318 3.1238270895013 -0.022803254471637 3.1125849112033 -0.026341995019811
-0.83212641028152 -3.1083017358818 0.091808742263389 -3.0946126325889 0 -3.1329395808474 0.017246216248067 -3.1233093197692 0.020892242395369 -3.1196870632353
3.0757312093813 0.15503650033882 -3.0473247911259 0.032110234246318 3.1329395808474 0 -3.1329327373638 0.0090415680216175 -3.1295737050021 0.011996109227346
-1.0901563899351 -2.9961900323655 0.046336311962475 -3.1238270895013 -0.017246216248067 3.1329327373638 0 -3.1412566616984 0.0023997050072527 -3.1403972876088
2.1061610607564 0.21965851086512 -3.1143378985273 0.022803254471637 3.1233093197692 -0.0090415680216175 3.1412566616984 0 -3.1399531393487 0.00013939101902826
-1.0368163065066 -2.8987111060243 0.03707512351698 -3.1125849112033 -0.020892242395369 3.1295737050021 -0.0023997050072527 3.1399531393487 0 3.1402105415743
1.7148737885718 0.2592851218197 -3.1004067326971 0.026341995019811 3.1196870632353 -0.011996109227346 3.1403972876088 -0.00013939101902826 -3.1402105415743 0
