0.018592532901514 -0.0032395717638889 0.0024428670480605 -0.0019677596259778 0.0016596624525409 -0.0014400664172308 0.0012695277552469 -0.0011256533664644 0.0010055570739128 -0.00090117085313052
-0.0032395717638889 0.0092919667253308 -0.0045555794577966 0.003061146403524 -0.0023833792538224 0.0019064471685811 -0.0015675637530976 0.0013236458837108 -0.0011416521894113 0.00099771503164719
0.0024428670480605 -0.0045555794577966 0.005938037883595 -0.0041979781515799 0.0033458146283146 -0.0027539995752303 0.0022920426802638 -0.0019432141378379 0.0016784499555824 -0.001469609608048
-0.0019677596259778 0.003061146403524 -0.0041979781515799 0.0042801323418918 -0.0036817481862232 0.003152633490778 -0.0027107759584791 0.0023553796617481 -0.0020712293205536 0.0018412519971727
0.0016596624525409 -0.0023833792538224 0.0033458146283146 -0.0036817481862232 0.0035985840570381 -0.0032640327737837 0.0029182799548474 -0.0026120700412524 0.0023515636644887 -0.0021301355668957
-0.0014400664172308 0.0019064471685811 -0.0027539995752303 0.003152633490778 -0.0032640327737837 0.0031381685877456 -0.0029115786312277 0.0026781271080368 -0.0024629292324541 0.0022694012322491
0.0012695277552469 -0.0015675637530976 0.0022920426802638 -0.0027107759584791 0.0029182799548474 -0.0029115786312277 0.0027937509971697 -0.0026353916299692 0.0024721442626487 -0.002315203233646
-0.0011256533664644 0.0013236458837108 -0.0019432141378379 0.0023553796617481 -0.0026120700412524 0.0026781271080368 -0.0026353916299692 0.0025410021204913 -0.0024263430175478 0.0023060651776528
0.0010055570739128 -0.0011416521894113 0.0016784499555824 -0.0020712293205536 0.0023515636644887 -0.0024629292324541 0.0024721442626487 -0.0024263430175478 0.0023527345423854 -0.002265562685197
-0.00090117085313052 0.00099771503164719 -0.001469609608048 0.0018412519971727 -0.0021301355668957 0.0022694012322491 -0.002315203233646 0.0023060651776528 -0.002265562685197 0.0022071905401027
