0.0093715716070199 0.0010704958073641 0.00088293657148556 0.00072967237690725 0.00060903539493378 0.00045985109970279 0.0003973626651291 0.00032276647382585 0.00027596251464271 0.00022707598651595 0.00020823676757512 0.00017798634929848 0.00014353436445081 0.00012092600155882 9.348159840876e-05 0.00010425357716918 6.6647247854898e-05 5.221081476742e-05 3.8644739990698e-05 2.6024453041292e-05
0.0010704958073641 0.0061793530425319 0.001707116756871 0.0009366538188302 0.00078906266450491 0.00056940965741938 0.00040462933292566 0.00030006872261799 0.0002944261024425 0.00027096189314052 0.00025832933313619 0.00024958730750266 0.00023771595373484 0.00022589847634644 0.00021316590243088 0.00017037090440808 0.00019283279642781 0.00018504142010005 0.00017853272830014 0.00017344810574774
0.00088293657148556 0.001707116756871 0.0048302137547074 0.0016831855105265 0.0012042122136142 0.00096422625924699 0.00069835143766203 0.00054575660154822 0.00045519980033445 0.00041148756371889 0.00036887498324816 0.0003343001473758 0.00030191545908912 0.00027617344539935 0.0002393266583281 0.00023275882371122 0.00020804830656723 0.00018919454051589 0.00017243323193741 0.00015757723214639
0.00072967237690725 0.0009366538188302 0.0016831855105265 0.003505903899706 0.001916540564476 0.0014517206580005 0.0012071640973863 0.00097395935023843 0.00083624059057919 0.00073172500752248 0.0006569602277197 0.00059155354080415 0.00053042378980456 0.00048135060525491 0.00044102400012826 0.0003985396066819 0.00036789207633543 0.00033846826276894 0.00031226849070167 0.00028899761011288
0.00060903539493378 0.00078906266450491 0.0012042122136142 0.001916540564476 0.002787859165644 0.0019390507324041 0.0015627181906373 0.0013076455033199 0.0011239837436389 0.00098148964464869 0.00087081183532475 0.0007895028249707 0.00071459893987052 0.00065556828646321 0.00060145225819448 0.00055139208817164 0.00051620723254224 0.0004804453465655 0.0004486707640795 0.00042039383395713
0.00045985109970279 0.00056940965741938 0.00096422625924699 0.0014517206580005 0.0019390507324041 0.0021698809364175 0.0018044630412582 0.0015414991057856 0.0013509117155701 0.001193078481997 0.0010716012087011 0.00097486358619806 0.00089011329248347 0.00081984684445737 0.00075495915795566 0.00070358853390315 0.00065532442892349 0.00061280522190156 0.00057490047850148 0.00054123957991116
0.0003973626651291 0.00040462933292566 0.00069835143766203 0.0012071640973863 0.0015627181906373 0.0018044630412582 0.0018471725090612 0.0016300620843171 0.0014528034367894 0.001304499338121 0.0011817594201456 0.0010812809082408 0.0009914142618432 0.00091708736739606 0.00084930168712983 0.00078587244975599 0.00074185790578729 0.00069627747450623 0.00065537220021334 0.00061883751156362
0.00032276647382585 0.00030006872261799 0.00054575660154822 0.00097395935023843 0.0013076455033199 0.0015414991057856 0.0016300620843171 0.0015911948833609 0.0014620754881344 0.0013412119450066 0.0012370909042346 0.0011474871678957 0.0010645193861586 0.0009940960354951 0.00092914564560769 0.00087084638106639 0.00082449103331637 0.00077924256828942 0.00073822776915258 0.00070125540639387
0.00027596251464271 0.0002944261024425 0.00045519980033445 0.00083624059057919 0.0011239837436389 0.0013509117155701 0.0014528034367894 0.0014620754881344 0.0014145473557975 0.0013255671051032 0.0012417645763005 0.0011665441042836 0.0010929689010103 0.0010288663595758 0.0009680833963697 0.00091082852837854 0.00086921478897414 0.00082550785388801 0.00078553982661836 0.0007492108783958
0.00022707598651595 0.00027096189314052 0.00041148756371889 0.00073172500752248 0.00098148964464869 0.001193078481997 0.001304499338121 0.0013412119450066 0.0013255671051032 0.0012825559505946 0.0012221429883334 0.0011630026074107 0.0011015302325026 0.0010459251082338 0.00099152971239659 0.00093836999068952 0.00090130138439116 0.00086036508893462 0.00082250735529142 0.00078772881763235
0.00020823676757512 0.00025832933313619 0.00036887498324816 0.0006569602277197 0.00087081183532475 0.0010716012087011 0.0011817594201456 0.0012370909042346 0.0012417645763005 0.0012221429883334 0.001188551454422 0.0011441050381978 0.0010945388203467 0.0010477725777468 0.00099999162619889 0.00095256007427882 0.00091886435112971 0.00088099095372971 0.00084551228635298 0.00081255490273054
0.00017798634929848 0.00024958730750266 0.0003343001473758 0.00059155354080415 0.0007895028249707 0.00097486358619806 0.0010812809082408 0.0011474871678957 0.0011665441042836 0.0011630026074107 0.0011441050381978 0.0011171364517546 0.0010794628654984 0.001041801996287 0.0010013996646057 0.00096024907590222 0.0009306557294668 0.00089656364135411 0.00086419258381104 0.0008337706712527
0.00014353436445081 0.00023771595373484 0.00030191545908912 0.00053042378980456 0.00071459893987052 0.00089011329248347 0.0009914142618432 0.0010645193861586 0.0010929689010103 0.0011015302325026 0.0010945388203467 0.0010794628654984 0.0010532525653392 0.0010244990148226 0.00099144057772385 0.00095702538070986 0.00093140623365546 0.00090134657577507 0.00087234188540652 0.00084473233721587
0.00012092600155882 0.00022589847634644 0.00027617344539935 0.00048135060525491 0.00065556828646321 0.00081984684445737 0.00091708736739606 0.0009940960354951 0.0010288663595758 0.0010459251082338 0.0010477725777468 0.001041801996287 0.0010244990148226 0.0010039014481236 0.00097771827179324 0.00094990017565362 0.00092800682356771 0.00090194146041977 0.00087632341530961 0.00085156702871558
9.348159840876e-05 0.00021316590243088 0.0002393266583281 0.00044102400012826 0.00060145225819448 0.00075495915795566 0.00084930168712983 0.00092914564560769 0.0009680833963697 0.00099152971239659 0.00099999162619889 0.0010013996646057 0.00099144057772385 0.00097771827179324 0.00096810656724857 0.00093637101199553 0.00091805269205045 0.00089596587391257 0.00087379213945536 0.00085198441090658
0.00010425357716918 0.00017037090440808 0.00023275882371122 0.0003985396066819 0.00055139208817164 0.00070358853390315 0.00078587244975599 0.00087084638106639 0.00091082852837854 0.00093836999068952 0.00095256007427882 0.00096024907590222 0.00095702538070986 0.00094990017565362 0.00093637101199553 0.00096084514754212 0.00090631355008389 0.00088822050793818 0.00086953544979194 0.00085079326157427
6.6647247854898e-05 0.00019283279642781 0.00020804830656723 0.00036789207633543 0.00051620723254224 0.00065532442892349 0.00074185790578729 0.00082449103331637 0.00086921478897414 0.00090130138439116 0.00091886435112971 0.0009306557294668 0.00093140623365546 0.00092800682356771 0.00091805269205045 0.00090631355008389 0.00089481486793499 0.00087970979036736 0.00086369828596772 0.00084728991200827
5.221081476742e-05 0.00018504142010005 0.00018919454051589 0.00033846826276894 0.0004804453465655 0.00061280522190156 0.00069627747450623 0.00077924256828942 0.00082550785388801 0.00086036508893462 0.00088099095372971 0.00089656364135411 0.00090134657577507 0.00090194146041977 0.00089596587391257 0.00088822050793818 0.00087970979036736 0.00086774428160105 0.00085457616513935 0.00084071299370522
3.8644739990698e-05 0.00017853272830014 0.00017243323193741 0.00031226849070167 0.0004486707640795 0.00057490047850148 0.00065537220021334 0.00073822776915258 0.00078553982661836 0.00082250735529142 0.00084551228635298 0.00086419258381104 0.00087234188540652 0.00087632341530961 0.00087379213945536 0.00086953544979194 0.00086369828596772 0.00085457616513935 0.00084403621010811 0.00083255320593564
2.6024453041292e-05 0.00017344810574774 0.00015757723214639 0.00028899761011288 0.00042039383395713 0.00054123957991116 0.00061883751156362 0.00070125540639387 0.0007492108783958 0.00078772881763235 0.00081255490273054 0.0008337706712527 0.00084473233721587 0.00085156702871558 0.00085198441090658 0.00085079326157427 0.00084728991200827 0.00084071299370522 0.00083255320593564 0.00082326404772503
