0.10141956141497 0.00064980098321732 -0.00044576324198501 0.00031739273155775 -0.00027042407663979 0.00022610930944081 -0.00019111265976861 0.00016754208428476 -0.00015045539161097 0.00013911600618612
0.00064980098321732 0.010597174737662 -0.0016469807956209 0.0010948809636278 -0.00071448410328816 0.00031076109202941 -0.00014610436795477 4.5593620982066e-05 1.3933275974167e-05 -2.8493007674932e-05
-0.00044576324198501 -0.0016469807956209 0.010660702613536 -0.0035575146874582 0.0022055078800204 -0.0016508799189302 0.0012503846145012 -0.00099621114646343 0.0008260260121689 -0.00070438060171158
0.00031739273155775 0.0010948809636278 -0.0035575146874582 0.0076025459155999 -0.0046380370280716 0.0033293184227441 -0.0024947374342078 0.0019080123431766 -0.0014997706528359 0.0012124310942215
-0.00027042407663979 -0.00071448410328816 0.0022055078800204 -0.0046380370280716 0.0053128645450982 -0.0041356101583586 0.0032794539964982 -0.0026585710070955 0.0021994502813305 -0.0018543626586925
0.00022610930944081 0.00031076109202941 -0.0016508799189302 0.0033293184227441 -0.0041356101583586 0.0042375102794719 -0.0037009609203572 0.0031873943575774 -0.0027586215999013 0.0024089179585655
-0.00019111265976861 -0.00014610436795477 0.0012503846145012 -0.0024947374342078 0.0032794539964982 -0.0037009609203572 0.0036160888043221 -0.0033234805856405 0.0030141862768763 -0.0027280622812585
0.00016754208428476 4.5593620982066e-05 -0.00099621114646343 0.0019080123431766 -0.0026585710070955 0.0031873943575774 -0.0033234805856405 0.0032484989793444 -0.0030772054771747 0.0028776683199679
-0.00015045539161097 1.3933275974167e-05 0.0008260260121689 -0.0014997706528359 0.0021994502813305 -0.0027586215999013 0.0030141862768763 -0.0030772054771747 0.0030229002109604 -0.0029065238559524
0.00013911600618612 -2.8493007674932e-05 -0.00070438060171158 0.0012124310942215 -0.0018543626586925 0.0024089179585655 -0.0027280622812585 0.0028776683199679 -0.0029065238559524 0.0028593177812452
