3.1415926535898 0.33365289647202 -2.9281443270819 -1.6192218627841 0.22843043288978 2.862023739766 -0.64506120950762 2.2947904577069 -1.0284274915761 1.9824372680391
-0.33365289647202 3.1415926535898 -0.040414055608976 -2.9374111810227 0.21645739356246 -2.6935679464699 0.72761431602509 -2.10003675811 1.3472216793179 -1.5718201890409
2.9281443270819 0.040414055608976 3.1415926535898 0.013896139231122 3.0975189483471 -0.020610457099887 -3.1268988473057 0.055261446725245 -3.0557313826261 0.10433060723047
1.6192218627841 2.9374111810227 -0.013896139231122 3.1415926535898 -0.025015884321964 3.113466406735 -0.044628837053297 3.0858378276148 -0.062595197587325 3.0707768478316
-0.22843043288978 -0.21645739356246 -3.0975189483471 0.025015884321964 3.1415926535898 0.0078626216284012 -3.1370701977465 0.0014561340229397 -3.1391623431265 0.0022550346834193
-2.862023739766 2.6935679464699 0.020610457099887 -3.113466406735 -0.0078626216284012 3.1415926535898 -0.00077966613882249 3.1399638036041 0.0009718712315045 -3.1393182267631
0.64506120950762 -0.72761431602509 3.1268988473057 0.044628837053297 3.1370701977465 0.00077966613882249 3.1415926535898 0.0003723737699528 -3.1377441096374 0.0060023774067442
-2.2947904577069 2.10003675811 -0.055261446725245 -3.0858378276148 -0.0014561340229397 -3.1399638036041 -0.0003723737699528 3.1415926535898 0.0032521070003855 -3.1364094908657
1.0284274915761 -1.3472216793179 3.0557313826261 0.062595197587325 3.1391623431265 -0.0009718712315045 3.1377441096374 -0.0032521070003855 3.1415926535898 0.0018772003196388
-1.9824372680391 1.5718201890409 -0.10433060723047 -3.0707768478316 -0.0022550346834193 3.1393182267631 -0.0060023774067442 3.1364094908657 -0.0018772003196388 3.1415926535898
