0.018483558871088 0.0037951864465325 0.0024223398775196 0.0017645531414764 0.0012947885285182 0.0010348031174912 0.00086427567480844 0.0007445683446122 0.00065058203430273 0.00057908772582432 0.00051634632266722 0.00046173959182621 0.0004133471372541 0.00039782928344743 0.00032570220512067 0.00031358855101583 0.00028814049673143 0.00027090202228603 0.00026123572253076 0.00024183020144933
0.0037951864465325 0.0065324873059639 0.003172795771543 0.0022298891238563 0.0017484544267456 0.0014300876653188 0.0012094967774296 0.0010429759617847 0.0009181594818925 0.00082352947697546 0.00074888524290623 0.00068752145063107 0.00063011511353319 0.00056006272097057 0.00054954061441818 0.00052234552966957 0.00049012682607437 0.00046505991395715 0.00044415796504148 0.0004208166858642
0.0024223398775196 0.003172795771543 0.0041472622251079 0.0029455742304745 0.0023248651150328 0.0019117622329028 0.0016216932798366 0.0014072325043317 0.0012426655061392 0.0011119861622264 0.0010064929474382 0.00091826965834329 0.00083693328619105 0.00077794010438401 0.00072335633592079 0.00068053471535244 0.00063661522696741 0.00060151284559876 0.000573965542833 0.00053977378276151
0.0017645531414764 0.0022298891238563 0.0029455742304745 0.0030137610414944 0.0025090812064672 0.0021261942935574 0.0018484988593234 0.0016323428274209 0.0014578362382814 0.001316408192622 0.0012001832283135 0.0011013206308763 0.0010120021872159 0.00094259689887163 0.00088424138000402 0.00082672721104044 0.00077700806432816 0.00073565879043699 0.00070074251714025 0.0006611994440716
0.0012947885285182 0.0017484544267456 0.0023248651150328 0.0025090812064672 0.0024457827605932 0.0021930704702764 0.0019710041586318 0.0017798582809025 0.0016141585897424 0.0014734885014113 0.0013540408842369 0.0012499087859012 0.0011551132905097 0.0010774992821116 0.0010138422201949 0.00094941920445097 0.00089271170951109 0.00084497378817571 0.0008036686628403 0.00075972741255431
0.0010348031174912 0.0014300876653188 0.0019117622329028 0.0021261942935574 0.0021930704702764 0.0021242813844972 0.0019848918533854 0.0018410577470941 0.001703367252284 0.0015792012554311 0.0014692839582302 0.0013701982142599 0.0012776843348417 0.0011970292189514 0.0011344113173307 0.0010676703074564 0.0010074970522481 0.00095681071145621 0.0009107855673781 0.0008647547537951
0.00086427567480844 0.0012094967774296 0.0016216932798366 0.0018484988593234 0.0019710041586318 0.0019848918533854 0.0019332052614312 0.0018408578092867 0.0017366939915581 0.0016355018805971 0.0015410043483508 0.0014521681390762 0.0013662748268923 0.0012886501913058 0.0012285868767394 0.0011631621967496 0.0011023508293118 0.0010516258571317 0.0010039663420485 0.00095699699268814
0.0007445683446122 0.0010429759617847 0.0014072325043317 0.0016323428274209 0.0017798582809025 0.0018410577470941 0.0018408578092867 0.0017983989296472 0.001729656951088 0.001654272959517 0.0015785883588072 0.0015035478203842 0.0014278427797545 0.001356152437172 0.0013018057872315 0.0012403285401467 0.0011812883963035 0.0011328063629059 0.0010858441254187 0.0010391892054432
0.00065058203430273 0.0009181594818925 0.0012426655061392 0.0014578362382814 0.0016141585897424 0.001703367252284 0.0017366939915581 0.001729656951088 0.0016937365928982 0.0016437640017814 0.0015877098592162 0.0015278426071709 0.0014638441361636 0.001400451358014 0.0013532883332955 0.0012972174624398 0.001241670669102 0.0011965839398316 0.001151773582554 0.0011065062853821
0.00057908772582432 0.00082352947697546 0.0011119861622264 0.001316408192622 0.0014734885014113 0.0015792012554311 0.0016355018805971 0.001654272959517 0.0016437640017814 0.0016167624759916 0.0015793947832458 0.0015346120729734 0.0014826881505584 0.0014283983951213 0.0013890795788634 0.0013392433168674 0.0012882622772361 0.0012472300765622 0.0012054823010245 0.0011623261797238
0.00051634632266722 0.00074888524290623 0.0010064929474382 0.0012001832283135 0.0013540408842369 0.0014692839582302 0.0015410043483508 0.0015785883588072 0.0015877098592162 0.0015793947832458 0.0015586624383853 0.0015279472543353 0.0014876729505398 0.0014426885750444 0.0014113395082138 0.0013681639170827 0.0013223086282924 0.0012857929735515 0.0012476808831461 0.0012072206946272
0.00046173959182621 0.00068752145063107 0.00091826965834329 0.0011013206308763 0.0012499087859012 0.0013701982142599 0.0014521681390762 0.0015035478203842 0.0015278426071709 0.0015346120729734 0.0015279472543353 0.0015097977482136 0.0014803531875609 0.0014443888780771 0.0014206884788587 0.0013842382274638 0.00134368849694 0.0013119306143737 0.0012777451771558 0.0012403602427913
0.0004133471372541 0.00063011511353319 0.00083693328619105 0.0010120021872159 0.0011551132905097 0.0012776843348417 0.0013662748268923 0.0014278427797545 0.0014638441361636 0.0014826881505584 0.0014876729505398 0.0014803531875609 0.0014647597627414 0.0014331783774513 0.001416621609308 0.0013866625517199 0.0013514579118829 0.0013244893645143 0.0012943796376929 0.0012602729282539
0.00039782928344743 0.00056006272097057 0.00077794010438401 0.00094259689887163 0.0010774992821116 0.0011970292189514 0.0012886501913058 0.001356152437172 0.001400451358014 0.0014283983951213 0.0014426885750444 0.0014443888780771 0.0014331783774513 0.0014564510222572 0.0014035397631287 0.0013798061901525 0.0013499198749666 0.0013277828321317 0.0013019011268782 0.0012713816426266
0.00032570220512067 0.00054954061441818 0.00072335633592079 0.00088424138000402 0.0010138422201949 0.0011344113173307 0.0012285868767394 0.0013018057872315 0.0013532883332955 0.0013890795788634 0.0014113395082138 0.0014206884788587 0.001416621609308 0.0014035397631287 0.001407506735942 0.0013809022067107 0.0013557197160452 0.0013378319832167 0.0013156386769395 0.0012882559687673
0.00031358855101583 0.00052234552966957 0.00068053471535244 0.00082672721104044 0.00094941920445097 0.0010676703074564 0.0011631621967496 0.0012403285401467 0.0012972174624398 0.0013392433168674 0.0013681639170827 0.0013842382274638 0.0013866625517199 0.0013798061901525 0.0013809022067107 0.0013700280749111 0.0013471171704309 0.0013334089536031 0.0013149313595875 0.0012908252172314
0.00028814049673143 0.00049012682607437 0.00063661522696741 0.00077700806432816 0.00089271170951109 0.0010074970522481 0.0011023508293118 0.0011812883963035 0.001241670669102 0.0012882622772361 0.0013223086282924 0.00134368849694 0.0013514579118829 0.0013499198749666 0.0013557197160452 0.0013471171704309 0.0013328129686467 0.0013211774302598 0.0013063076058118 0.0012855144768604
0.00027090202228603 0.00046505991395715 0.00060151284559876 0.00073565879043699 0.00084497378817571 0.00095681071145621 0.0010516258571317 0.0011328063629059 0.0011965839398316 0.0012472300765622 0.0012857929735515 0.0013119306143737 0.0013244893645143 0.0013277828321317 0.0013378319832167 0.0013334089536031 0.0013211774302598 0.0013158048598816 0.0013035261549864 0.0012857970351462
0.00026123572253076 0.00044415796504148 0.000573965542833 0.00070074251714025 0.0008036686628403 0.0009107855673781 0.0010039663420485 0.0010858441254187 0.001151773582554 0.0012054823010245 0.0012476808831461 0.0012777451771558 0.0012943796376929 0.0013019011268782 0.0013156386769395 0.0013149313595875 0.0013063076058118 0.0013035261549864 0.001297692378907 0.0012801728242195
0.00024183020144933 0.0004208166858642 0.00053977378276151 0.0006611994440716 0.00075972741255431 0.0008647547537951 0.00095699699268814 0.0010391892054432 0.0011065062853821 0.0011623261797238 0.0012072206946272 0.0012403602427913 0.0012602729282539 0.0012713816426266 0.0012882559687673 0.0012908252172314 0.0012855144768604 0.0012857970351462 0.0012801728242195 0.0012684512353388
