3.1415926535898 -0.23328342327229 3.0083612167817 -0.18897071928178 2.9993353432282 -0.077173090498086 -1.9447736377367 2.0389865336303 -0.74008951740788 2.6135832458729
0.23328342327229 3.1415926535898 -0.10653441401629 3.0522287200621 -0.10981073105077 3.0227833272244 -0.092031494743729 3.0746126238397 -0.030395546282576 -3.1229129404998
-3.0083612167817 0.10653441401629 3.1415926535898 0.023411700766588 -3.1095911233105 0.030906354929217 -3.0992846791707 0.055480034315313 -3.0705333538225 0.087022101033334
0.18897071928178 -3.0522287200621 -0.023411700766588 3.1415926535898 -0.0049827399293762 3.1267985608104 -0.0143441335542 3.1323972155696 -0.0020699281056482 -3.1374386424888
-2.9993353432282 0.10981073105077 3.1095911233105 0.0049827399293762 3.1415926535898 -0.0037407940124802 3.1403364557414 0.0044283650851568 -3.1312880778335 0.015242819229527
0.077173090498086 -3.0227833272244 -0.030906354929217 -3.1267985608104 0.0037407940124802 3.1415926535898 0.001472365009931 -3.1356686039777 0.009729997760632 -3.1288878892948
1.9447736377367 0.092031494743729 3.0992846791707 0.0143441335542 -3.1403364557414 -0.001472365009931 3.1415926535898 0.0040522504371813 -3.1348262646636 0.008626488821114
-2.0389865336303 -3.0746126238397 -0.055480034315313 -3.1323972155696 -0.0044283650851568 3.1356686039777 -0.0040522504371813 3.1415926535898 0.0022344138257 -3.1380164282075
0.74008951740788 0.030395546282576 3.0705333538225 0.0020699281056482 3.1312880778335 -0.009729997760632 3.1348262646636 -0.0022344138257 3.1415926535898 0.0012623307384428
-2.6135832458729 3.1229129404998 -0.087022101033334 3.1374386424888 -0.015242819229527 3.1288878892948 -0.008626488821114 3.1380164282075 -0.0012623307384428 3.1415926535898
