0.00086706937934937 0.00071173822208492 0.00058527295753814 0.00047700363966089 0.00041862582727237 0.00038112258905269 0.00035534424170997 0.00033636518447343 0.00032174972953082 0.00031000545590825
0.00071173822208492 0.00053581029349957 0.0004285518297019 0.00034954041577262 0.00031094212102665 0.00028449199830158 0.00026457430883987 0.00024959059775673 0.00023784365752101 0.00022828293984164
0.00058527295753814 0.0004285518297019 0.00033999483037564 0.00028050366958995 0.00024541702312256 0.00022485770384353 0.00021021252316779 0.00019915675462447 0.00019046490213774 0.00018343602909795
0.00047700363966089 0.00034954041577262 0.00028050366958995 0.00023443367927285 0.00020437748874231 0.00018687890298027 0.00017487661311573 0.00016550174899492 0.00015800765737201 0.00015188900897991
0.00041862582727237 0.00031094212102665 0.00024541702312256 0.00020437748874231 0.00017609419353426 0.00016088803391464 0.00015110597984011 0.00014376344165687 0.00013783719444543 0.00013299062303469
0.00038112258905269 0.00028449199830158 0.00022485770384353 0.00018687890298027 0.00016088803391464 0.00014639857474772 0.00013748101667941 0.00013110793764421 0.0001259210998458 0.00012158295600118
0.00035534424170997 0.00026457430883987 0.00021021252316779 0.00017487661311573 0.00015110597984011 0.00013748101667941 0.00012901217954168 0.00012308397659836 0.00011820410336723 0.00011405768223355
0.00033636518447343 0.00024959059775673 0.00019915675462447 0.00016550174899492 0.00014376344165687 0.00013110793764421 0.00012308397659836 0.00011739849030509 0.00011265615708207 0.00010861505354173
0.00032174972953082 0.00023784365752101 0.00019046490213774 0.00015800765737201 0.00013783719444543 0.0001259210998458 0.00011820410336723 0.00011265615708207 0.00010800060857773 0.00010406611175345
0.00031000545590825 0.00022828293984164 0.00018343602909795 0.00015188900897991 0.00013299062303469 0.00012158295600118 0.00011405768223355 0.00010861505354173 0.00010406611175345 0.00010027869708819
