0.0068046851395837 -0.0018771263352459 0.0015899920423375 -0.001308522510196 0.0010730888902825 -0.00082780818971781 0.00079044585101738 -0.00067967282487096 0.00066402483239824 -0.0006679371056884
-0.0018771263352459 0.0073876989863203 -0.0020251182879353 0.0012587921510707 -0.0012424592551251 0.00093660526254661 -0.00084470807324559 0.00075257103531631 -0.00064872016395272 0.00059266792717857
0.0015899920423375 -0.0020251182879353 0.0069416733673165 -0.0023915661739483 0.0016421765410538 -0.0011390315178047 0.0010679362852108 -0.00091953311283921 0.0007989654142196 -0.00072828255609728
-0.001308522510196 0.0012587921510707 -0.0023915661739483 0.0055395695148459 -0.002459643601284 0.0016197828456394 -0.0013378935787361 0.0010896235260034 -0.00097653621052395 0.00090574864428347
0.0010730888902825 -0.0012424592551251 0.0016421765410538 -0.002459643601284 0.0043557529117031 -0.0024754892302454 0.0019056408216418 -0.0015931421144188 0.0013677396005852 -0.0012437753486687
-0.00082780818971781 0.00093660526254661 -0.0011390315178047 0.0016197828456394 -0.0024754892302454 0.0032014044107703 -0.002355327430821 0.0018878892538137 -0.0015885670560256 0.0014121375558993
0.00079044585101738 -0.00084470807324559 0.0010679362852108 -0.0013378935787361 0.0019056408216418 -0.002355327430821 0.0027612554514939 -0.002261376735888 0.001915491089695 -0.0016857876427715
-0.00067967282487096 0.00075257103531631 -0.00091953311283921 0.0010896235260034 -0.0015931421144188 0.0018878892538137 -0.002261376735888 0.0022698491433639 -0.0020078506110227 0.0017936907468782
0.00066402483239824 -0.00064872016395272 0.0007989654142196 -0.00097653621052395 0.0013677396005852 -0.0015885670560256 0.001915491089695 -0.0020078506110227 0.0019616691891813 -0.0018251045632029
-0.0006679371056884 0.00059266792717857 -0.00072828255609728 0.00090574864428347 -0.0012437753486687 0.0014121375558993 -0.0016857876427715 0.0017936907468782 -0.0018251045632029 0.00178564718575
