0.00060127434199843 0.00044246362316266 0.00036522988223787 0.00030494902504202 0.00027665677976816 0.00025860033879112 0.00024732161742262 0.00023843440467766 0.00023110784934279 0.0002247010291712
0.00044246362316266 0.0003273839594363 0.0002522064691381 0.00021601160021977 0.00019637060731986 0.00018231972554651 0.0001736530102973 0.00016747572037028 0.00016242155613819 0.00015797796351218
0.00036522988223787 0.0002522064691381 0.0001945593094825 0.00017312262592031 0.00015913743612371 0.00014969166213702 0.00014354385717841 0.00013870729478442 0.0001345985590696 0.00013098210154562
0.00030494902504202 0.00021601160021977 0.00017312262592031 0.00015152821812987 0.00014094810315584 0.00013366119895509 0.00012864111842367 0.00012430607101917 0.00012046397947148 0.00011704945459566
0.00027665677976816 0.00019637060731986 0.00015913743612371 0.00014094810315584 0.00013165647273931 0.00012484092935258 0.00012011780458198 0.00011602684835382 0.00011243484625675 0.00010925351235954
0.00025860033879112 0.00018231972554651 0.00014969166213702 0.00013366119895509 0.00012484092935258 0.00011860109827129 0.00011434397137439 0.00011064945228536 0.00010740575789953 0.00010453797862217
0.00024732161742262 0.0001736530102973 0.00014354385717841 0.00012864111842367 0.00012011780458198 0.00011434397137439 0.00011038194753797 0.00010699377282334 0.00010407627034047 0.00010152081695037
0.00023843440467766 0.00016747572037028 0.00013870729478442 0.00012430607101917 0.00011602684835382 0.00011064945228536 0.00010699377282334 0.00010390719673414 0.0001012897016748 9.9008731382854e-05
0.00023110784934279 0.00016242155613819 0.0001345985590696 0.00012046397947148 0.00011243484625675 0.00010740575789953 0.00010407627034047 0.0001012897016748 9.8948287747768e-05 9.690951148443e-05
0.0002247010291712 0.00015797796351218 0.00013098210154562 0.00011704945459566 0.00010925351235954 0.00010453797862217 0.00010152081695037 9.9008731382854e-05 9.690951148443e-05 9.5076231267768e-05
