0 3.0338662367438 0.29846714093739 2.1953164235143 -0.54458475097364 2.6367063228026 -0.39723615469435 2.6668116214298 -0.4839990487695 2.6537279154712
-3.0338662367438 0 -2.9057957771918 -0.40078459083607 2.9591428896515 -0.054138520004309 3.0486926034499 -0.19373650592146 2.9133066397922 -0.25781756245383
-0.29846714093739 2.9057957771918 0 2.6653117660558 -0.31811222324048 2.7482532885181 -0.37846507129352 2.6102183265199 -0.69285905948578 2.2918284039404
-2.1953164235143 0.40078459083607 -2.6653117660558 0 3.0449858270742 -0.13413966000472 3.0129849696286 -0.14697768137826 2.9681599135577 -0.20707895357754
0.54458475097364 -2.9591428896515 0.31811222324048 -3.0449858270742 0 -3.1348325499387 0.0055924526224906 3.1292394909681 -0.022911996743434 3.105372581706
-2.6367063228026 0.054138520004309 -2.7482532885181 0.13413966000472 3.1348325499387 0 -3.1119821473261 0.010880592803555 -3.1361476114372 0.0030010160885445
0.39723615469435 -3.0486926034499 0.37846507129352 -3.0129849696286 -0.0055924526224906 3.1119821473261 0 3.1279692533258 -0.010237180172785 3.138082272044
-2.6668116214298 0.19373650592146 -2.6102183265199 0.14697768137826 -3.1292394909681 -0.010880592803555 -3.1279692533258 0 -3.1332509674277 0.018608955143672
0.4839990487695 -2.9133066397922 0.69285905948578 -2.9681599135577 0.022911996743434 3.1361476114372 0.010237180172785 3.1332509674277 0 -3.1323535347243
-2.6537279154712 0.25781756245383 -2.2918284039404 0.20707895357754 -3.105372581706 -0.0030010160885445 -3.138082272044 -0.018608955143672 3.1323535347243 0
