3.1415926535898 0.27833392323991 -1.5058522711446 1.7175204409659 -0.51377031088373 2.4142275516036 -0.79872095042648 2.2111077221333 -1.112397287528 1.9108628012152
-0.27833392323991 3.1415926535898 -0.35037280277747 2.6648434577351 -0.35990499576524 2.9320201110531 -0.13711200095176 3.1399199214767 0.132117727479 -2.9096350526488
1.5058522711446 0.35037280277747 3.1415926535898 -0.00054739102935236 2.9690689522233 -0.14529929283616 3.061317807503 0.05136617153621 -2.9214884171928 0.32797942887519
-1.7175204409659 -2.6648434577351 0.00054739102935236 3.1415926535898 0.07706594468346 3.1168530401005 -0.062428182594795 3.0383730354991 -0.13834105048698 2.9510021580649
0.51377031088373 0.35990499576524 -2.9690689522233 -0.07706594468346 3.1415926535898 -0.08005934101045 3.0469950777064 -0.082095364513181 3.0748283808 -0.076231208730062
-2.4142275516036 -2.9320201110531 0.14529929283616 -3.1168530401005 0.08005934101045 3.1415926535898 0.0009220844407496 -3.127263320908 0.029076666450766 -3.1175515248618
0.79872095042648 0.13711200095176 -3.061317807503 0.062428182594795 -3.0469950777064 -0.0009220844407496 3.1415926535898 0.0024238061304782 -3.1367144430555 -0.0065154410666374
-2.2111077221333 -3.1399199214767 -0.05136617153621 -3.0383730354991 0.082095364513181 3.127263320908 -0.0024238061304782 3.1415926535898 -0.0024165259297729 3.1277905588518
1.112397287528 -0.132117727479 2.9214884171928 0.13834105048698 -3.0748283808 -0.029076666450766 3.1367144430555 0.0024165259297729 3.1415926535898 -0.0085020818696503
-1.9108628012152 2.9096350526488 -0.32797942887519 -2.9510021580649 0.076231208730062 3.1175515248618 0.0065154410666374 -3.1277905588518 0.0085020818696503 3.1415926535898
