0.00059387671837606 0.00046955540773529 0.00041393101996704 0.00036383847010808 0.00032752847258114 0.0003066734961697 0.00029262594611451 0.00028121772885335 0.0002716168413384 0.00026369107950851
0.00046955540773529 0.00038744752608988 0.00034747597966456 0.00029125900337746 0.00026000821877457 0.0002449836496072 0.00023485481205695 0.00022602628045417 0.00021923655736996 0.0002142683593733
0.00041393101996704 0.00034747597966456 0.00028663591809434 0.00025017618349249 0.00023194607681502 0.00022208828025441 0.0002145069647212 0.00020764664599055 0.00020205245830934 0.00019747258527522
0.00036383847010808 0.00029125900337746 0.00025017618349249 0.00021174300668465 0.00019917533262778 0.00019171066955408 0.0001874810599342 0.00018348124406019 0.00017969058820073 0.00017613254563527
0.00032752847258114 0.00026000821877457 0.00023194607681502 0.00019917533262778 0.00018791736963732 0.00017921387141868 0.00017436423988244 0.00017033470498714 0.0001666362779318 0.0001633930429752
0.0003066734961697 0.0002449836496072 0.00022208828025441 0.00019171066955408 0.00017921387141868 0.00017098507946699 0.00016698126391139 0.0001634286776424 0.00016009404349196 0.00015721848009515
0.00029262594611451 0.00023485481205695 0.0002145069647212 0.0001874810599342 0.00017436423988244 0.00016698126391139 0.0001634665624263 0.00016040314854994 0.00015750858741429 0.00015507075088943
0.00028121772885335 0.00022602628045417 0.00020764664599055 0.00018348124406019 0.00017033470498714 0.0001634286776424 0.00016040314854994 0.00015743326798163 0.00015472606714759 0.0001525226207118
0.0002716168413384 0.00021923655736996 0.00020205245830934 0.00017969058820073 0.0001666362779318 0.00016009404349196 0.00015750858741429 0.00015472606714759 0.0001522167499259 0.00015024539347399
0.00026369107950851 0.0002142683593733 0.00019747258527522 0.00017613254563527 0.0001633930429752 0.00015721848009515 0.00015507075088943 0.0001525226207118 0.00015024539347399 0.00014851177594646
