0.025494915578481 0.0047142953097348 0.0032478358848739 0.0025214177456572 0.00219478303504 0.0020769590788799 0.0019072287135631 0.0017602753768655 0.0016310784931265 0.0015274823342829
0.0047142953097348 0.0077070586052101 0.0046230870572424 0.0029422849117093 0.0024048236581136 0.0019771832681944 0.001673808374628 0.0014456095466468 0.0012523649476216 0.0010846547989086
0.0032478358848739 0.0046230870572424 0.0062706465348997 0.0047647858752776 0.0039851951393012 0.0034581410549912 0.0030137862332829 0.0026271803137225 0.0022812546093917 0.0019786208296347
0.0025214177456572 0.0029422849117093 0.0047647858752776 0.0046687425284649 0.0041964465247605 0.0037629248092368 0.0033537937840627 0.0029837941224168 0.0026518221000291 0.0023557350690663
0.00219478303504 0.0024048236581136 0.0039851951393012 0.0041964465247605 0.0041474617659242 0.003878351808041 0.0035364622223095 0.0032030117702834 0.002896080254058 0.0026146321328579
0.0020769590788799 0.0019771832681944 0.0034581410549912 0.0037629248092368 0.003878351808041 0.0037936476721391 0.0035517530867993 0.0032762459840777 0.0030086836437428 0.002755029100953
0.0019072287135631 0.001673808374628 0.0030137862332829 0.0033537937840627 0.0035364622223095 0.0035517530867993 0.0034060841615874 0.0031997843035353 0.0029839174326774 0.0027706869128395
0.0017602753768655 0.0014456095466468 0.0026271803137225 0.0029837941224168 0.0032030117702834 0.0032762459840777 0.0031997843035353 0.0030611084403764 0.0029018830435245 0.0027342067484775
0.0016310784931265 0.0012523649476216 0.0022812546093917 0.0026518221000291 0.002896080254058 0.0030086836437428 0.0029839174326774 0.0029018830435245 0.0027968094634375 0.0026751088176843
0.0015274823342829 0.0010846547989086 0.0019786208296347 0.0023557350690663 0.0026146321328579 0.002755029100953 0.0027706869128395 0.0027342067484775 0.0026751088176843 0.0025949906583795
