0.0010360542226151 0.00091807269170987 0.00069149529082475 0.00062124957862118 0.00057869426347851 0.00048393576223922 0.00046049790814498 0.00041664919839403 0.0003858389033652 0.00036972150615827
0.00091807269170987 0.00087602813173739 0.00069212778239058 0.00059295007912164 0.00047340757261127 0.00043826509923642 0.000402667148883 0.00037279913002952 0.00035024484091419 0.00033616595586011
0.00069149529082475 0.00069212778239058 0.00059590765624026 0.00046656744950287 0.00036082652477926 0.0003100371870064 0.00029879290402859 0.00027195935236632 0.00025340436476434 0.00023999452918754
0.00062124957862118 0.00059295007912164 0.00046656744950287 0.00041632989504592 0.00031965011629367 0.0002923282142749 0.00026425186764728 0.00024349475832037 0.00022902547773794 0.00021910217788694
0.00057869426347851 0.00047340757261127 0.00036082652477926 0.00031965011629367 0.00031064201171742 0.00026463594372692 0.00024116079112368 0.00021952142706527 0.00020099206763006 0.00018563536215783
0.00048393576223922 0.00043826509923642 0.0003100371870064 0.0002923282142749 0.00026463594372692 0.00023255630370055 0.00020334485424508 0.00018596871017579 0.00017115630044007 0.00015982660015281
0.00046049790814498 0.000402667148883 0.00029879290402859 0.00026425186764728 0.00024116079112368 0.00020334485424508 0.00017343235066498 0.00015670343774633 0.00014523272038106 0.00013777357000607
0.00041664919839403 0.00037279913002952 0.00027195935236632 0.00024349475832037 0.00021952142706527 0.00018596871017579 0.00015670343774633 0.00014045411909734 0.00012947501738609 0.00012287558107687
0.0003858389033652 0.00035024484091419 0.00025340436476434 0.00022902547773794 0.00020099206763006 0.00017115630044007 0.00014523272038106 0.00012947501738609 0.0001199164844528 0.00011446535635358
0.00036972150615827 0.00033616595586011 0.00023999452918754 0.00021910217788694 0.00018563536215783 0.00015982660015281 0.00013777357000607 0.00012287558107687 0.00011446535635358 0.00010954355169255
