3.1415926535898 -0.3668999622773 3.073043640034 -0.24526763899724 2.6695821707745 -0.54342836900097 2.5701405685567 -0.58273792058819 2.5558749717252 -0.5526929939813
0.3668999622773 3.1415926535898 0.097212895871303 -2.984897948397 0.17580758307593 -2.8574568381543 0.37504687387546 -2.7687914377062 0.41162309014589 -2.7243299097369
-3.073043640034 -0.097212895871303 3.1415926535898 0.0022823185582255 -3.0531868113624 0.16215835003939 -3.032270151872 0.1456832693454 -3.0132806901095 0.1009151204566
0.24526763899724 2.984897948397 -0.0022823185582255 3.1415926535898 -0.0044253585453169 3.0670551755095 -0.10744190080027 3.0329568199195 -0.10089945920442 3.0366897196796
-2.6695821707745 -0.17580758307593 3.0531868113624 0.0044253585453169 3.1415926535898 -0.031331545598447 3.1103574300672 -0.0090235287325393 -3.1250505964114 0.013933946790259
0.54342836900097 2.8574568381543 -0.16215835003939 -3.0670551755095 0.031331545598447 3.1415926535898 -0.0091842163436737 3.1391602313126 0.014871999048481 -3.1344296709862
-2.5701405685567 -0.37504687387546 3.032270151872 0.10744190080027 -3.1103574300672 0.0091842163436737 3.1415926535898 -0.0047056696658902 -3.1355990915501 -0.0037868674892692
0.58273792058819 2.7687914377062 -0.1456832693454 -3.0329568199195 0.0090235287325393 -3.1391602313126 0.0047056696658902 3.1415926535898 0.011183899716827 -3.1391285421276
-2.5558749717252 -0.41162309014589 3.0132806901095 0.10089945920442 3.1250505964114 -0.014871999048481 3.1355990915501 -0.011183899716827 3.1415926535898 -0.0084276571261231
0.5526929939813 2.7243299097369 -0.1009151204566 -3.0366897196796 -0.013933946790259 3.1344296709862 0.0037868674892692 3.1391285421276 0.0084276571261231 3.1415926535898
