-0.012046250512228 0.00090816047961407 -0.00056806940446747 0.00042670760033805 -0.00026729750995947 0.00023651618834502 -0.00022594699052062 0.0002042568577554 -0.00017917111058623 0.00015866834681372
0.00090816047961407 -0.0087580403780105 0.002604143175839 -0.0016806040912557 0.0011847117960375 -0.00092372339518935 0.00072893228997021 -0.00060013140676694 0.00050618078588887 -0.00042796190575575
-0.00056806940446747 0.002604143175839 -0.0060215791624848 0.0033933954650465 -0.0024426645423296 0.0018829152119134 -0.0015331145325863 0.0012992708177078 -0.0011326357840966 0.00099962699249365
0.00042670760033805 -0.0016806040912557 0.0033933954650465 -0.0041170952870441 0.0031601697165968 -0.0025383141812928 0.0021029782597659 -0.001797055687231 0.0015689402210525 -0.0013896759617677
-0.00026729750995947 0.0011847117960375 -0.0024426645423296 0.0031601697165968 -0.0032734661128247 0.0028309295376709 -0.0024546720100764 0.0021570433358084 -0.0019212855705134 0.0017277917238388
0.00023651618834502 -0.00092372339518935 0.0018829152119134 -0.0025383141812928 0.0028309295376709 -0.0027387300571302 0.0025013896616155 -0.0022747767471722 0.002074000654507 -0.001898830788962
-0.00022594699052062 0.00072893228997021 -0.0015331145325863 0.0021029782597659 -0.0024546720100764 0.0025013896616155 -0.0024072317740414 0.0022616401923178 -0.002110353174769 0.0019660203133109
0.0002042568577554 -0.00060013140676694 0.0012992708177078 -0.001797055687231 0.0021570433358084 -0.0022747767471722 0.0022616401923178 -0.0021900667462015 0.0020895848123122 -0.0019805532101499
-0.00017917111058623 0.00050618078588887 -0.0011326357840966 0.0015689402210525 -0.0019212855705134 0.002074000654507 -0.002110353174769 0.0020895848123122 -0.002033397787711 0.0019581230713776
0.00015866834681372 -0.00042796190575575 0.00099962699249365 -0.0013896759617677 0.0017277917238388 -0.001898830788962 0.0019660203133109 -0.0019805532101499 0.0019581230713776 -0.0019117928629708
