0.00031675420686748 0.00028628261138677 0.00025908787161805 0.00021084169281225 0.00017212153589839 0.00014837098208211 0.00013475895198755 0.00012638125094832 0.00012090633226631 0.00011667773866655
0.00028628261138677 0.00025861025176336 0.00023237252117035 0.00018546576266138 0.00015220141553312 0.00013027000070892 0.00011800469904498 0.00011055859554279 0.000104854870736 0.00010047403865017
0.00025908787161805 0.00023237252117035 0.00021598189486997 0.00017413576570786 0.00014250211251291 0.00012209249739898 0.00011143702060077 0.00010424152000551 0.00010010618937561 9.6772751980447e-05
0.00021084169281225 0.00018546576266138 0.00017413576570786 0.00014428605726696 0.00011919151676272 0.00010216908678216 9.3606793712898e-05 8.6749186732508e-05 8.2388423716233e-05 7.8903134398686e-05
0.00017212153589839 0.00015220141553312 0.00014250211251291 0.00011919151676272 9.9668434258142e-05 8.612807354156e-05 7.7479575339313e-05 7.1999524636737e-05 6.8510784695351e-05 6.607689627572e-05
0.00014837098208211 0.00013027000070892 0.00012209249739898 0.00010216908678216 8.612807354156e-05 7.5309744381682e-05 6.8966059044745e-05 6.4284860408083e-05 6.1324215750481e-05 5.9237507736874e-05
0.00013475895198755 0.00011800469904498 0.00011143702060077 9.3606793712898e-05 7.7479575339313e-05 6.8966059044745e-05 6.376391581469e-05 5.9700528917421e-05 5.7179035813489e-05 5.5201923099242e-05
0.00012638125094832 0.00011055859554279 0.00010424152000551 8.6749186732508e-05 7.1999524636737e-05 6.4284860408083e-05 5.9700528917421e-05 5.5890603098458e-05 5.3589462681149e-05 5.1723002739895e-05
0.00012090633226631 0.000104854870736 0.00010010618937561 8.2388423716233e-05 6.8510784695351e-05 6.1324215750481e-05 5.7179035813489e-05 5.3589462681149e-05 5.1541382131455e-05 4.9832538851021e-05
0.00011667773866655 0.00010047403865017 9.6772751980447e-05 7.8903134398686e-05 6.607689627572e-05 5.9237507736874e-05 5.5201923099242e-05 5.1723002739895e-05 4.9832538851021e-05 4.8227732356397e-05
