0 3.1306783203331 0.12404041930612 3.0796621909192 -0.086195285225465 3.0350304573712 -0.056430464228472 3.1122870770401 0.0030150698538822 -3.1204253429484
-3.1306783203331 0 -3.1397394662509 0.054230173966902 -3.0951604608857 0.036112291257488 -3.1184212936 0.012806474916597 -3.1363354861469 -0.0013594716687798
-0.12404041930612 3.1397394662509 0 -3.1398380307302 -0.0087639282275464 3.1297020521499 -0.0069012179071609 3.1398607741139 0.00035497363874776 -3.1395214674467
-3.0796621909192 -0.054230173966902 3.1398380307302 0 3.1334383088119 -0.014018542074174 3.1316096065884 -0.0066882187122577 3.1359487636188 -0.0043630091324919
0.086195285225465 3.0951604608857 0.0087639282275464 -3.1334383088119 0 3.1324700040606 -0.0098232822525923 3.131764616963 -0.010949185617682 3.130090382919
-3.0350304573712 -0.036112291257488 -3.1297020521499 0.014018542074174 -3.1324700040606 0 3.139939915103 -0.0024856161259505 3.1376080628157 -0.0045704284986489
0.056430464228472 3.1184212936 0.0069012179071609 -3.1316096065884 0.0098232822525923 -3.139939915103 0 3.1407468486604 -0.002298378436966 3.1387237088221
-3.1122870770401 -0.012806474916597 -3.1398607741139 0.0066882187122577 -3.131764616963 0.0024856161259505 -3.1407468486604 0 3.140126259374 -0.0019056002008874
-0.0030150698538822 3.1363354861469 -0.00035497363874776 -3.1359487636188 0.010949185617682 -3.1376080628157 0.002298378436966 -3.140126259374 0 3.1413030139336
3.1204253429484 0.0013594716687798 3.1395214674467 0.0043630091324919 -3.130090382919 0.0045704284986489 -3.1387237088221 0.0019056002008874 -3.1413030139336 0
