0.031963752517758 -0.011652528706316 0.0087553020138985 -0.0071946418220119 0.0057720091439258 -0.0047515363819047 0.0039509863989133 -0.0033514360235285 0.002890047364004 -0.0025265345559003
-0.011652528706316 0.015450297910362 -0.0070151124916115 0.0051825493444862 -0.0041086172833737 0.0033993614093118 -0.0028654194550292 0.0024440213698244 -0.0021077475320238 0.0018337967740797
0.0087553020138985 -0.0070151124916115 0.010851105478253 -0.0067980920875254 0.0051665529603726 -0.0041395217372395 0.0033630236519865 -0.0028210477264391 0.0024127187146151 -0.0020856147846395
-0.0071946418220119 0.0051825493444862 -0.0067980920875254 0.0076926946099367 -0.0059782867504354 0.0048136617655909 -0.0039439476179463 0.0033123394717795 -0.0028430069651834 0.0024753535744005
0.0057720091439258 -0.0041086172833737 0.0051665529603726 -0.0059782867504354 0.0058335944748589 -0.0049844916390128 0.0042385396468465 -0.0036496525977166 0.0031837376582463 -0.0028092986863385
-0.0047515363819047 0.0033993614093118 -0.0041395217372395 0.0048136617655909 -0.0049844916390128 0.0046914748664977 -0.0041855456567094 0.0037216372634878 -0.0033216545286967 0.0029806086594701
0.0039509863989133 -0.0028654194550292 0.0033630236519865 -0.0039439476179463 0.0042385396468465 -0.0041855456567094 0.0039251930364173 -0.003605467653924 0.0032942502245848 -0.0030092224766876
-0.0033514360235285 0.0024440213698244 -0.0028210477264391 0.0033123394717795 -0.0036496525977166 0.0037216372634878 -0.003605467653924 0.0034100955592844 -0.0031851608912956 0.0029603706954744
0.002890047364004 -0.0021077475320238 0.0024127187146151 -0.0028430069651834 0.0031837376582463 -0.0033216545286967 0.0032942502245848 -0.0031851608912956 0.0030336327437318 -0.0028645685981411
-0.0025265345559003 0.0018337967740797 -0.0020856147846395 0.0024753535744005 -0.0028092986863385 0.0029806086594701 -0.0030092224766876 0.0029603706954744 -0.0028645685981411 0.0027437232236794
