-0.01356439250707 0.001944952867027 -0.00032690484612224 0.00094060795172968 -0.0004517228859609 0.00045508930498511 -0.00031514351126037 0.0002556590722719 -0.00018593706811319 9.7837917769738e-05
0.001944952867027 -0.010303102922328 0.0034269004034617 -0.0017472189182384 0.0010618630943988 -0.00069915755697416 0.00051844865534125 -0.00041091126002001 0.00032673250784304 -0.00027383611759882
-0.00032690484612224 0.0034269004034617 -0.0067770902309989 0.0034969418037899 -0.0024607833362516 0.0018231541788569 -0.0014534716957967 0.001212553025805 -0.0010655244518991 0.00096710249054365
0.00094060795172968 -0.0017472189182384 0.0034969418037899 -0.0042776431335146 0.0031102104249805 -0.0025367907051849 0.00207845901123 -0.0017538365862531 0.0015140953821902 -0.0013258807952946
-0.0004517228859609 0.0010618630943988 -0.0024607833362516 0.0031102104249805 -0.0032672316241999 0.0028722614070935 -0.0024692912979934 0.0021442207910378 -0.0019032627837013 0.0017027377035008
0.00045508930498511 -0.00069915755697416 0.0018231541788569 -0.0025367907051849 0.0028722614070935 -0.0027999040033646 0.0025239920339472 -0.0022514892385723 0.0020272246071482 -0.0018354678674875
-0.00031514351126037 0.00051844865534125 -0.0014534716957967 0.00207845901123 -0.0024692912979934 0.0025239920339472 -0.0024164962499857 0.0022358863169363 -0.0020632623941433 0.0019048554616471
0.0002556590722719 -0.00041091126002001 0.001212553025805 -0.0017538365862531 0.0021442207910378 -0.0022514892385723 0.0022358863169363 -0.0021393245309511 0.0020200772729503 -0.0018985249731568
-0.00018593706811319 0.00032673250784304 -0.0010655244518991 0.0015140953821902 -0.0019032627837013 0.0020272246071482 -0.0020632623941433 0.0020200772729503 -0.0019467738059224 0.001859802609357
9.7837917769738e-05 -0.00027383611759882 0.00096710249054365 -0.0013258807952946 0.0017027377035008 -0.0018354678674875 0.0019048554616471 -0.0018985249731568 0.001859802609357 -0.0018033128425785
