0.0038880071517321 0.00054776553267897 0.00024286074995584 0.00024402102245064 0.00027479180377373 0.00014958202303738 0.00014597933959107 0.00015351191214546 0.00010861712132302 8.3282765304414e-05 7.2822759816915e-05 6.4560402307977e-05 5.6573667828291e-05 4.8635481460076e-05 4.4664688243208e-05 3.8245134212705e-05 3.4139799917685e-05 3.2278430763895e-05 2.9660593929892e-05 2.7487642048115e-05
0.00054776553267897 0.0048429474505211 0.00057482598638137 0.00039304648241387 0.00042342742006612 0.00032957796235025 0.00023681382030881 0.00017430521742213 0.0001129572056859 9.3891414888116e-05 8.9867717642107e-05 8.0797488279404e-05 7.2911043460034e-05 6.140975464847e-05 4.3199680230708e-05 3.9667638042016e-05 3.2141131257694e-05 2.3508011429979e-05 1.6931030166185e-05 1.1451227870229e-05
0.00024286074995584 0.00057482598638137 0.0049468306952025 0.0010942350639375 0.00079868408786297 0.00060275044083826 0.00048503504773338 0.00038467475827426 0.00030993024682198 0.00028136723516307 0.00023283665437083 0.00020653331783853 0.00018255392230812 0.00016465613564779 0.00014785989531455 0.00014299297822336 0.00013215057040961 0.00012662507441055 0.00012024205370313 0.000114802687617
0.00024402102245064 0.00039304648241387 0.0010942350639375 0.0041514783138052 0.0014471299937896 0.00091317212967518 0.00067234303970672 0.00053424368404147 0.00047339853515844 0.00043209688246741 0.00038507595737481 0.00035040913737119 0.00032136543085964 0.00029834581945507 0.00028091621450895 0.00026396466391228 0.00024909372862665 0.00023413816197846 0.00022083062442977 0.00020861039490448
0.00027479180377373 0.00042342742006612 0.00079868408786297 0.0014471299937896 0.0031443699494256 0.0015764633590994 0.0010930583673296 0.00087439236674403 0.00073495303922656 0.00062362237236845 0.00054485557345692 0.00049224452493452 0.00044558656585794 0.00040642758931995 0.00037361256083074 0.00034951205196945 0.00032762899739991 0.00030939185196427 0.00029233131324601 0.00027776355357038
0.00014958202303738 0.00032957796235025 0.00060275044083826 0.00091317212967518 0.0015764633590994 0.0023953269907127 0.0015579729015102 0.0012198093714267 0.00099173340410038 0.00084831123064733 0.00073608444240646 0.00065231711258088 0.00058617585363302 0.00053072683808499 0.00048428952119628 0.00044870457704134 0.00041808049059706 0.00039238262475948 0.00036998149864737 0.00035040022329069
0.00014597933959107 0.00023681382030881 0.00048503504773338 0.00067234303970672 0.0010930583673296 0.0015579729015102 0.0018806413346579 0.001458789720215 0.0012193946789561 0.0010569888560827 0.00093319968867466 0.00083929291953795 0.0007601981824752 0.00069331281600747 0.00063701415252443 0.00058769430955607 0.00054597390179387 0.00051082736609991 0.00047944432972933 0.00045180426468096
0.00015351191214546 0.00017430521742213 0.00038467475827426 0.00053424368404147 0.00087439236674403 0.0012198093714267 0.001458789720215 0.0015177235185485 0.0013039804660282 0.0011486664996664 0.0010238516916096 0.00092824452714196 0.00084665465446546 0.00077728424721258 0.00071939549628829 0.00066635126693505 0.00062223057599595 0.00058295906781624 0.00054832009284687 0.00051753357957696
0.00010861712132302 0.0001129572056859 0.00030993024682198 0.00047339853515844 0.00073495303922656 0.00099173340410038 0.0012193946789561 0.0013039804660282 0.0013013942481911 0.0011834233869511 0.0010746685723215 0.00098634175652824 0.00090881467441419 0.00084075992145653 0.00078443799712339 0.00072996499946968 0.00068516388714518 0.00064486867277617 0.00060903253830345 0.00057697392476869
8.3282765304414e-05 9.3891414888116e-05 0.00028136723516307 0.00043209688246741 0.00062362237236845 0.00084831123064733 0.0010569888560827 0.0011486664996664 0.0011834233869511 0.0011588322694591 0.0010799930713621 0.0010075178127553 0.00093948976116788 0.00087752723679177 0.00082429648837691 0.00077391618925289 0.00073096269355332 0.00069210205746199 0.00065696062158222 0.00062516015981761
7.2822759816915e-05 8.9867717642107e-05 0.00023283665437083 0.00038507595737481 0.00054485557345692 0.00073608444240646 0.00093319968867466 0.0010238516916096 0.0010746685723215 0.0010799930713621 0.0010503215097801 0.00099806169043681 0.00094348228775245 0.00089060794827567 0.00084322389311677 0.00079799347662803 0.00075844716860244 0.00072214413154762 0.00068884831310266 0.00065834584889521
6.4560402307977e-05 8.0797488279404e-05 0.00020653331783853 0.00035040913737119 0.00049224452493452 0.00065231711258088 0.00083929291953795 0.00092824452714196 0.00098634175652824 0.0010075178127553 0.00099806169043681 0.00097234375052811 0.00093227506442695 0.00088965650939773 0.00084954889272978 0.0008104622771717 0.00077531415154111 0.00074227461202412 0.0007115707066855 0.00068306136238654
5.6573667828291e-05 7.2911043460034e-05 0.00018255392230812 0.00032136543085964 0.00044558656585794 0.00058617585363302 0.0007601981824752 0.00084665465446546 0.00090881467441419 0.00093948976116788 0.00094348228775245 0.00093227506442695 0.00090865532971167 0.0008768682707759 0.00084439381354941 0.00081177242486182 0.00078137417570604 0.00075203539443989 0.00072433402603608 0.00069824275354227
4.8635481460076e-05 6.140975464847e-05 0.00016465613564779 0.00029834581945507 0.00040642758931995 0.00053072683808499 0.00069331281600747 0.00077728424721258 0.00084075992145653 0.00087752723679177 0.00089060794827567 0.00088965650939773 0.0008768682707759 0.00085607103128899 0.00083151250944004 0.00080518803726806 0.00077976436059069 0.00075436195488205 0.00072992470869582 0.00070649852587749
4.4664688243208e-05 4.3199680230708e-05 0.00014785989531455 0.00028091621450895 0.00037361256083074 0.00048428952119628 0.00063701415252443 0.00071939549628829 0.00078443799712339 0.00082429648837691 0.00084322389311677 0.00084954889272978 0.00084439381354941 0.00083151250944004 0.00082224881034117 0.00079420157780791 0.00077371115864528 0.00075231775452004 0.00073127136443696 0.00071068189515126
3.8245134212705e-05 3.9667638042016e-05 0.00014299297822336 0.00026396466391228 0.00034951205196945 0.00044870457704134 0.00058769430955607 0.00066635126693505 0.00072996499946968 0.00077391618925289 0.00079799347662803 0.0008104622771717 0.00081177242486182 0.00080518803726806 0.00079420157780791 0.00077930495107302 0.00076329582836586 0.00074556947379111 0.00072760844784988 0.00070959543855521
3.4139799917685e-05 3.2141131257694e-05 0.00013215057040961 0.00024909372862665 0.00032762899739991 0.00041808049059706 0.00054597390179387 0.00062223057599595 0.00068516388714518 0.00073096269355332 0.00075844716860244 0.00077531415154111 0.00078137417570604 0.00077976436059069 0.00077371115864528 0.00076329582836586 0.00075214156400386 0.00073716610699784 0.00072219909042135 0.00070674099127408
3.2278430763895e-05 2.3508011429979e-05 0.00012662507441055 0.00023413816197846 0.00030939185196427 0.00039238262475948 0.00051082736609991 0.00058295906781624 0.00064486867277617 0.00069210205746199 0.00072214413154762 0.00074227461202412 0.00075203539443989 0.00075436195488205 0.00075231775452004 0.00074556947379111 0.00073716610699784 0.00072610354122813 0.00071390673041103 0.00070085848391851
2.9660593929892e-05 1.6931030166185e-05 0.00012024205370313 0.00022083062442977 0.00029233131324601 0.00036998149864737 0.00047944432972933 0.00054832009284687 0.00060903253830345 0.00065696062158222 0.00068884831310266 0.0007115707066855 0.00072433402603608 0.00072992470869582 0.00073127136443696 0.00072760844784988 0.00072219909042135 0.00071390673041103 0.00070421902005882 0.00069339002741476
2.7487642048115e-05 1.1451227870229e-05 0.000114802687617 0.00020861039490448 0.00027776355357038 0.00035040022329069 0.00045180426468096 0.00051753357957696 0.00057697392476869 0.00062516015981761 0.00065834584889521 0.00068306136238654 0.00069824275354227 0.00070649852587749 0.00071068189515126 0.00070959543855521 0.00070674099127408 0.00070085848391851 0.00069339002741476 0.00068457835687702
