0.00039591140316401 0.00033857716069086 0.00028040050235221 0.00024261633224802 0.00021990453985761 0.00020434496670774 0.00019433030761129 0.00018672731601126 0.00018042860617785 0.00017494603582818
0.00033857716069086 0.00028865309453403 0.00023564630433376 0.0002029712484331 0.00018040828940377 0.0001688267793801 0.00016112336768103 0.00015431659574026 0.00014823927938204 0.00014311332165863
0.00028040050235221 0.00023564630433376 0.00019323272422509 0.00016280892507402 0.00014437752751922 0.00013540794613633 0.00012994036430474 0.00012536853774447 0.00012173179924268 0.00011890797369986
0.00024261633224802 0.0002029712484331 0.00016280892507402 0.00013701107332302 0.00012015513837939 0.00011379966396299 0.00011015103007482 0.00010755820453396 0.00010539064194414 0.00010361197185928
0.00021990453985761 0.00018040828940377 0.00014437752751922 0.00012015513837939 0.00010681975737406 0.00010268268757034 0.00010020936751766 9.8336749448477e-05 9.6642228122087e-05 9.520220248104e-05
0.00020434496670774 0.0001688267793801 0.00013540794613633 0.00011379966396299 0.00010268268757034 9.9368629295853e-05 9.7059188561423e-05 9.5037552081305e-05 9.3201317779207e-05 9.1641772557831e-05
0.00019433030761129 0.00016112336768103 0.00012994036430474 0.00011015103007482 0.00010020936751766 9.7059188561423e-05 9.4804114201434e-05 9.2732268586265e-05 9.088596048588e-05 8.9314251244555e-05
0.00018672731601126 0.00015431659574026 0.00012536853774447 0.00010755820453396 9.8336749448477e-05 9.5037552081305e-05 9.2732268586265e-05 9.0645976992443e-05 8.8821952943558e-05 8.7274355964394e-05
0.00018042860617785 0.00014823927938204 0.00012173179924268 0.00010539064194414 9.6642228122087e-05 9.3201317779207e-05 9.088596048588e-05 8.8821952943558e-05 8.7053448981587e-05 8.5562789466942e-05
0.00017494603582818 0.00014311332165863 0.00011890797369986 0.00010361197185928 9.520220248104e-05 9.1641772557831e-05 8.9314251244555e-05 8.7274355964394e-05 8.5562789466942e-05 8.4146624316532e-05
