0 3.1147832554977 -0.011414863001746 3.1173282195818 -0.012585337584664 3.1165283105708 -0.015617331190836 3.1344616480915 -0.0016660640098963 3.1345710965831
-3.1147832554977 0 -3.1307322112729 -0.0053389060625431 3.1301926904708 -0.01603921752434 3.1337472465752 0.0057436230609122 -3.1277273326986 0.021419798927779
0.011414863001746 3.1307322112729 0 3.1203829788075 -0.004806600899496 3.1266321166713 -0.019492717673052 3.1185038796708 -0.02775631712619 3.1102568713172
-3.1173282195818 0.0053389060625431 -3.1203829788075 0 -3.1323135890022 -0.00088398391366821 3.1365798189741 -0.0056302272981241 3.1350414308812 -0.0076126890818492
0.012585337584664 -3.1301926904708 0.004806600899496 3.1323135890022 0 3.1343223269267 -0.0099274821364741 3.1323839370251 -0.0085302518606958 3.1325194349174
-3.1165283105708 0.01603921752434 -3.1266321166713 0.00088398391366821 -3.1343223269267 0 3.1393385095327 -0.00076374621583042 -3.1414225614995 -0.00011237787661843
0.015617331190836 -3.1337472465752 0.019492717673052 -3.1365798189741 0.0099274821364741 -3.1393385095327 0 -3.1398996925269 0.0026096896006912 -3.1392347915547
-3.1344616480915 -0.0057436230609122 -3.1185038796708 0.0056302272981241 -3.1323839370251 0.00076374621583042 3.1398996925269 0 -3.1408028025284 0.00042893974476146
0.0016660640098963 3.1277273326986 0.02775631712619 -3.1350414308812 0.0085302518606958 3.1414225614995 -0.0026096896006912 3.1408028025284 0 3.1411629157088
-3.1345710965831 -0.021419798927779 -3.1102568713172 0.0076126890818492 -3.1325194349174 0.00011237787661843 3.1392347915547 -0.00042893974476146 -3.1411629157088 0
