0.0095595546929981 -0.00063961477434299 0.00023117091183603 6.1917702488797e-06 9.242098477945e-05 -1.4296965440255e-05 -9.2184191948089e-06 1.2592221392178e-05 -6.803645309475e-06 1.4433113461851e-06
-0.00063961477434299 0.0065288139342263 -0.0015196499410768 0.00085152682357094 -0.00061971145291144 0.00039242983090264 -0.00029581020374067 0.00023334991764575 -0.00018985265657394 0.00015805129470369
0.00023117091183603 -0.0015196499410768 0.0043831008734729 -0.0019098002756178 0.0012448693881257 -0.00088876513738695 0.00070367452923631 -0.00057976271863106 0.00049515928338014 -0.00043453590783576
6.1917702488797e-06 0.00085152682357094 -0.0019098002756178 0.0027027613117682 -0.0017555626848528 0.0013278162928861 -0.0010739505695898 0.00089502481438927 -0.00076857348168251 0.00067201411541569
9.242098477945e-05 -0.00061971145291144 0.0012448693881257 -0.0017555626848528 0.0019140767704629 -0.0015395689792003 0.0012798044218235 -0.0010997245141492 0.00096143930562984 -0.00085229656173258
-1.4296965440255e-05 0.00039242983090264 -0.00088876513738695 0.0013278162928861 -0.0015395689792003 0.0015312331706887 -0.0013487061762539 0.001191141154759 -0.0010630223299377 0.00095484798878506
-9.2184191948089e-06 -0.00029581020374067 0.00070367452923631 -0.0010739505695898 0.0012798044218235 -0.0013487061762539 0.0013019179575016 -0.0011960363835299 0.0010947640770212 -0.0010009377594129
1.2592221392178e-05 0.00023334991764575 -0.00057976271863106 0.00089502481438927 -0.0010997245141492 0.001191141154759 -0.0011960363835299 0.0011494696384768 -0.0010806099565849 0.0010064322372086
-6.803645309475e-06 -0.00018985265657394 0.00049515928338014 -0.00076857348168251 0.00096143930562984 -0.0010630223299377 0.0010947640770212 -0.0010806099565849 0.001043734227204 -0.00099055060278563
1.4433113461851e-06 0.00015805129470369 -0.00043453590783576 0.00067201411541569 -0.00085229656173258 0.00095484798878506 -0.0010009377594129 0.0010064322372086 -0.00099055060278563 0.00095639209533713
