0.013900960162953 0.0088324549940483 0.008686530646351 0.0088945416641165 0.0091799526250555 0.0094754172215725 0.0097577379957128 0.010016745364984 0.010250524742679 0.010455694577441
0.0088324549940483 0.0056122426126194 0.0055197368490991 0.0056521436154409 0.0058337624892356 0.0060217979045393 0.0062015152803669 0.006366447710828 0.0065153818383585 0.0066461614130904
0.008686530646351 0.0055197368490991 0.0054289595021964 0.0055594090781251 0.0057382907662576 0.0059235130020306 0.0061005874785945 0.0062631498270589 0.0064100099681097 0.0065390386354111
0.0088945416641165 0.0056521436154409 0.0055594090781251 0.0056932406972201 0.0058766979518579 0.0060666868932908 0.0062483660651624 0.0064152170547576 0.006566028438357 0.0066986070129929
0.0091799526250555 0.0058337624892356 0.0057382907662576 0.0058766979518579 0.0060663647311015 0.0062628128663202 0.0064507248161027 0.0066233696492688 0.0067795015081221 0.0069168449993897
0.0094754172215725 0.0060217979045393 0.0059235130020306 0.0060666868932908 0.0062628128663202 0.0064659887455353 0.006660394328111 0.0068390805285878 0.0070007710129662 0.0071431005072962
0.0097577379957128 0.0062015152803669 0.0061005874785945 0.0062483660651624 0.0064507248161027 0.006660394328111 0.0068610844428461 0.0070456275998096 0.0072127225358696 0.0073599165042022
0.010016745364984 0.006366447710828 0.0062631498270589 0.0064152170547576 0.0066233696492688 0.0068390805285878 0.0070456275998096 0.0072356554060581 0.0074078231568694 0.007559602636458
0.010250524742679 0.0065153818383585 0.0064100099681097 0.006566028438357 0.0067795015081221 0.0070007710129662 0.0072127225358696 0.0074078231568694 0.0075847155183274 0.0077407806535637
0.010455694577441 0.0066461614130904 0.0065390386354111 0.0066986070129929 0.0069168449993897 0.0071431005072962 0.0073599165042022 0.007559602636458 0.0077407806535637 0.0079007769390283
