0.0054107421468804 0.011456254630018 0.010584507959315 0.0096112992393282 0.0085886367247823 0.0076618413515371 0.0068734008874625 0.0062044068137229 0.0056388163452259 0.0051580787911697 0.0047434553127612 0.0043868021046155 0.0040696302897629 0.003803538281429 0.0035764844817651 0.003300689136061 0.003163350651028 0.0030250119175839 0.0028513747574247 0.0027058695184102
0.011456254630018 0.046273539527325 0.023545079022271 0.014134926111145 0.0089583769618013 0.0057451559495122 0.0036721977904263 0.0022846160441519 0.0013494605051628 0.00075431146625935 0.00050782479333416 0.00060255065187337 0.00085520968377282 0.00098046606389421 0.0011167012734158 0.0013956011981726 0.0013407546913854 0.0011474755017591 0.0013933450539336 0.0015139209847021
0.010584507959315 0.023545079022271 0.033308797948465 0.02825486162626 0.022382167855214 0.017525596916343 0.013760219699419 0.010837781938416 0.0085633594376157 0.0067787141868125 0.0053635918048412 0.0042337673495214 0.0032794643158047 0.0025820388492882 0.0020158612965729 0.0014392353368809 0.0010612524944885 0.00091374436515579 0.00049033317014767 0.00023715147359618
0.0096112992393282 0.014134926111145 0.02825486162626 0.030362343265258 0.02765332916066 0.023982171165016 0.020461807660805 0.017349400341152 0.01468914059641 0.012443037886426 0.01055182665981 0.0089592540813833 0.0075671402502407 0.0064722887385952 0.0055173839231871 0.0046538650164023 0.0039495191546283 0.0034167432048158 0.0028477890391876 0.00232749259628
0.0085886367247823 0.0089583769618013 0.022382167855214 0.02765332916066 0.028021784232798 0.026259074277331 0.023789904071883 0.021201379298921 0.018747048434798 0.016517488756361 0.014532219447618 0.012782863619109 0.011212480316137 0.0099041497850107 0.0087395421422988 0.0076674219844604 0.0067852746605409 0.0059895328192524 0.0053147078253878 0.0046581096223546
0.0076618413515371 0.0057451559495122 0.017525596916343 0.023982171165016 0.026259074277331 0.026146343724552 0.024861494867766 0.023064620289619 0.021111336498769 0.019177297581582 0.017345714472793 0.015653460356101 0.014085653622505 0.012717569866523 0.011473525541667 0.010300631259899 0.0093270183563044 0.0083786120085749 0.0076294187007586 0.0068816815249586
0.0068734008874625 0.0036721977904263 0.013760219699419 0.020461807660805 0.023789904071883 0.024861494867766 0.024600003634853 0.023601282221617 0.022237681344606 0.020722474223157 0.019177292457032 0.017671437652931 0.016223187565412 0.014905485546593 0.013676340554495 0.01248927362327 0.011492137729979 0.010472285752914 0.0096870511036025 0.0088878430514284
0.0062044068137229 0.0022846160441519 0.010837781938416 0.017349400341152 0.021201379298921 0.023064620289619 0.023601282221617 0.023303517937738 0.02251382511365 0.021449273628006 0.020247793629401 0.018997387431972 0.017739779176375 0.01654483623167 0.01539661125424 0.01425982790328 0.013292981878024 0.012263346620787 0.011477536058309 0.010663054650124
0.0056388163452259 0.0013494605051628 0.0085633594376157 0.01468914059641 0.018747048434798 0.021111336498769 0.022237681344606 0.02251382511365 0.022234536723659 0.021601269655467 0.020752710927985 0.019784411584419 0.018753545381101 0.017722767651562 0.016697607612375 0.015654145853115 0.014756561832829 0.013762878448394 0.013004206180228 0.012204226966691
0.0051580787911697 0.00075431146625935 0.0067787141868125 0.012443037886426 0.016517488756361 0.019177297581582 0.020722474223157 0.021449273628006 0.021601269655467 0.021355438203577 0.020841843747805 0.02015571698656 0.019363475991536 0.018516553354726 0.017638699047658 0.016714966965372 0.015912812029403 0.014987831548934 0.014276511553706 0.013514363166053
0.0047434553127612 0.00050782479333416 0.0053635918048412 0.01055182665981 0.014532219447618 0.017345714472793 0.019177292457032 0.020247793629401 0.020752710927985 0.020841843747805 0.020631822945223 0.020212598533608 0.019655463315383 0.018997330048498 0.018278155274932 0.017488099833115 0.016797225731726 0.015962940938377 0.015313015810609 0.014605920161929
0.0043868021046155 0.00060255065187337 0.0042337673495214 0.0089592540813833 0.012782863619109 0.015653460356101 0.017671437652931 0.018997387431972 0.019784411584419 0.02015571698656 0.020212598533608 0.020037014825922 0.019702196888343 0.019228160755209 0.018669896876381 0.018018450163375 0.017447001742385 0.016716790355209 0.016137434006665 0.015497316482167
0.0040696302897629 0.00085520968377282 0.0032794643158047 0.0075671402502407 0.011212480316137 0.014085653622505 0.016223187565412 0.017739779176375 0.018753545381101 0.019363475991536 0.019655463315383 0.019702196888343 0.019626746798234 0.019282150736979 0.018885833785227 0.018376764905459 0.017931478271147 0.017316280672923 0.016816656754744 0.016254414805082
0.003803538281429 0.00098046606389421 0.0025820388492882 0.0064722887385952 0.0099041497850107 0.012717569866523 0.014905485546593 0.01654483623167 0.017722767651562 0.018516553354726 0.018997330048498 0.019228160755209 0.019282150736979 0.01914136119535 0.018888648327769 0.018507092809713 0.018177327419197 0.017669981755769 0.017245382012522 0.016758390964818
0.0035764844817651 0.0011167012734158 0.0020158612965729 0.0055173839231871 0.0087395421422988 0.011473525541667 0.013676340554495 0.01539661125424 0.016697607612375 0.017638699047658 0.018278155274932 0.018669896876381 0.018885833785227 0.018888648327769 0.0188490368117 0.018516802700161 0.018302618214389 0.017905798675774 0.017560831248053 0.017154360535916
0.003300689136061 0.0013956011981726 0.0014392353368809 0.0046538650164023 0.0076674219844604 0.010300631259899 0.01248927362327 0.01425982790328 0.015654145853115 0.016714966965372 0.017488099833115 0.018018450163375 0.018376764905459 0.018507092809713 0.018516802700161 0.018708496374943 0.018267018590909 0.017974078559756 0.017705358234878 0.017376401572585
0.003163350651028 0.0013407546913854 0.0010612524944885 0.0039495191546283 0.0067852746605409 0.0093270183563044 0.011492137729979 0.013292981878024 0.014756561832829 0.015912812029403 0.016797225731726 0.017447001742385 0.017931478271147 0.018177327419197 0.018302618214389 0.018267018590909 0.018262946795335 0.018070812610889 0.017878704030426 0.017627653700596
0.0030250119175839 0.0011474755017591 0.00091374436515579 0.0034167432048158 0.0059895328192524 0.0083786120085749 0.010472285752914 0.012263346620787 0.013762878448394 0.014987831548934 0.015962940938377 0.016716790355209 0.017316280672923 0.017669981755769 0.017905798675774 0.017974078559756 0.018070812610889 0.018689620753311 0.017863172562396 0.017690397630369
0.0028513747574247 0.0013933450539336 0.00049033317014767 0.0028477890391876 0.0053147078253878 0.0076294187007586 0.0096870511036025 0.011477536058309 0.013004206180228 0.014276511553706 0.015313015810609 0.016137434006665 0.016816656754744 0.017245382012522 0.017560831248053 0.017705358234878 0.017878704030426 0.017863172562396 0.017903471663236 0.017702448344859
0.0027058695184102 0.0015139209847021 0.00023715147359618 0.00232749259628 0.0046581096223546 0.0068816815249586 0.0088878430514284 0.010663054650124 0.012204226966691 0.013514363166053 0.014605920161929 0.015497316482167 0.016254414805082 0.016758390964818 0.017154360535916 0.017376401572585 0.017627653700596 0.017690397630369 0.017702448344859 0.017661145173722
