0.00065549716092438 0.0026843805012486 0.0032616600279086 0.0026280874491474 0.0020884980669743 0.0019127318198555 0.0017774865008057 0.001706447745588 0.0016446046336835 0.0015861313326091
0.0026843805012486 0.0011155584647002 0.00096736164837406 0.00071474373299395 0.00058411274104396 0.00051484690369304 0.00048601672863056 0.00046547699752767 0.00043505241299487 0.00041982608305966
0.0032616600279086 0.00096736164837406 0.0014446593937147 0.00073366896371814 0.00082109565741865 0.00070495677137433 0.00066476178821564 0.00062953173992757 0.00060550115787983 0.00057989861554194
0.0026280874491474 0.00071474373299395 0.00073366896371814 0.00074817107724529 0.00054791230452714 0.00048296300641139 0.0004626862491493 0.00044225612335009 0.00042370722764326 0.00040461837270605
0.0020884980669743 0.00058411274104396 0.00082109565741865 0.00054791230452714 0.0005862692618394 0.00049713435045421 0.00043782519329777 0.00039653062977086 0.00036079247042821 0.00033149826577732
0.0019127318198555 0.00051484690369304 0.00070495677137433 0.00048296300641139 0.00049713435045421 0.00053159071555076 0.0004680579039861 0.00042666881638283 0.00038035582052023 0.00034263941515384
0.0017774865008057 0.00048601672863056 0.00066476178821564 0.0004626862491493 0.00043782519329777 0.0004680579039861 0.0004296979000771 0.00040355537298557 0.00037234993335285 0.00034554840522642
0.001706447745588 0.00046547699752767 0.00062953173992757 0.00044225612335009 0.00039653062977086 0.00042666881638283 0.00040355537298557 0.00039326479120531 0.00037391293649801 0.00035518560349536
0.0016446046336835 0.00043505241299487 0.00060550115787983 0.00042370722764326 0.00036079247042821 0.00038035582052023 0.00037234993335285 0.00037391293649801 0.0003685011418907 0.00035921183815717
0.0015861313326091 0.00041982608305966 0.00057989861554194 0.00040461837270605 0.00033149826577732 0.00034263941515384 0.00034554840522642 0.00035518560349536 0.00035921183815717 0.00035658116428143
