-0.00036713438257971 -0.00099358079947207 0.0006111317633481 -0.00045210486324451 0.00035155554838819 -0.00031660780976232 0.0002785188497601 -0.00025255820591628 0.00023715871645318 -0.00022316890755982
-0.00099358079947207 -0.0077618524053009 0.0014278564522787 -0.001042971294523 0.00087858581883186 -0.00071168952741792 0.00067059449697789 -0.00059524350482065 0.00055203402189698 -0.00052278843107473
0.0006111317633481 0.0014278564522787 -0.0075458130478282 0.0026342756854472 -0.001725118062321 0.0012837470766232 -0.0010510139784013 0.00088794626216933 -0.00077141942515414 0.00069888486098848
-0.00045210486324451 -0.001042971294523 0.0026342756854472 -0.005452144016008 0.0027286924077692 -0.0020137340867776 0.0015810569550325 -0.0013221650714512 0.0011727242800557 -0.0010487450020514
0.00035155554838819 0.00087858581883186 -0.001725118062321 0.0027286924077692 -0.0038329462882535 0.0026810795653659 -0.0021290749256192 0.0017718468180925 -0.0015272382093664 0.0013437545151113
-0.00031660780976232 -0.00071168952741792 0.0012837470766232 -0.0020137340867776 0.0026810795653659 -0.0028823858875094 0.0024165444308682 -0.0020739565078092 0.0018075770701423 -0.0016030025454996
0.0002785188497601 0.00067059449697789 -0.0010510139784013 0.0015810569550325 -0.0021290749256192 0.0024165444308682 -0.0024016881226021 0.0021677233894944 -0.0019416135694025 0.0017521547508263
-0.00025255820591628 -0.00059524350482065 0.00088794626216933 -0.0013221650714512 0.0017718468180925 -0.0020739565078092 0.0021677233894944 -0.0021031198307238 0.0019517632945046 -0.001800709116082
0.00023715871645318 0.00055203402189698 -0.00077141942515414 0.0011727242800557 -0.0015272382093664 0.0018075770701423 -0.0019416135694025 0.0019517632945046 -0.0018790535548274 0.0017725687292528
-0.00022316890755982 -0.00052278843107473 0.00069888486098848 -0.0010487450020514 0.0013437545151113 -0.0016030025454996 0.0017521547508263 -0.001800709116082 0.0017725687292528 -0.0017076149460146
