-0.0002939457903625 -0.00080595726375763 0.00050481141319615 -0.00039840954882873 0.00031655383074588 -0.00027780832473109 0.00025120238472447 -0.00022892354412526 0.00020744964559409 -0.00019395034315907
-0.00080595726375763 -0.0069866232496632 0.0013166507212909 -0.0010510749285748 0.0009130416680908 -0.0008444550605172 0.00070810209558289 -0.00068922784617602 0.00062481159889838 -0.00058074395460668
0.00050481141319615 0.0013166507212909 -0.0066132355251883 0.0020069320732315 -0.0014393432087672 0.0012173946750288 -0.00099015571192891 0.00088915558226027 -0.00080306063630939 0.00073554773290006
-0.00039840954882873 -0.0010510749285748 0.0020069320732315 -0.0054465325395661 0.0025074997636443 -0.0017673603031625 0.0014719948651521 -0.0012669005111411 0.0011344341507548 -0.001033580577867
0.00031655383074588 0.0009130416680908 -0.0014393432087672 0.0025074997636443 -0.0039319121501583 0.0024043016399933 -0.0018784190049657 0.0015662799224567 -0.0013441822843902 0.0011949140943582
-0.00027780832473109 -0.0008444550605172 0.0012173946750288 -0.0017673603031625 0.0024043016399933 -0.0027624595523086 0.0021391333135454 -0.0017905654475455 0.0015494006199107 -0.0013678163048416
0.00025120238472447 0.00070810209558289 -0.00099015571192891 0.0014719948651521 -0.0018784190049657 0.0021391333135454 -0.0021636737407077 0.0018817361316271 -0.0016560784081615 0.0014805242533906
-0.00022892354412526 -0.00068922784617602 0.00088915558226027 -0.0012669005111411 0.0015662799224567 -0.0017905654475455 0.0018817361316271 -0.0018291853232945 0.0016643169741394 -0.0015195922585696
0.00020744964559409 0.00062481159889838 -0.00080306063630939 0.0011344341507548 -0.0013441822843902 0.0015494006199107 -0.0016560784081615 0.0016643169741394 -0.0015951059670398 0.0014913132451938
-0.00019395034315907 -0.00058074395460668 0.00073554773290006 -0.001033580577867 0.0011949140943582 -0.0013678163048416 0.0014805242533906 -0.0015195922585696 0.0014913132451938 -0.0014330270604123
