-0.0003671345872073 -0.00099358178337082 0.00061113335871694 -0.0004521060806701 0.00035155577864159 -0.00031660630237298 0.00027852703209116 -0.00025255842077931 0.00023717877463551 -0.00022316661606468
-0.00099358178337082 -0.0077618514516768 0.0014278556296144 -0.0010429905923431 0.00087862147962283 -0.00071167785078733 0.00067053851553847 -0.00059524467785941 0.00055208085429885 -0.00052280149701273
0.00061113335871694 0.0014278556296144 -0.0075458045835935 0.0026342798327787 -0.0017250903022357 0.0012837410361808 -0.0010510188109977 0.00088794203806969 -0.00077185532039383 0.0006988724779406
-0.0004521060806701 -0.0010429905923431 0.0026342798327787 -0.0054521610808435 0.0027286807928793 -0.002013733603441 0.0015811106370944 -0.0013221667960579 0.0011727936562102 -0.0010487815330786
0.00035155577864159 0.00087862147962283 -0.0017250903022357 0.0027286807928793 -0.0038329449689452 0.0026810866262695 -0.0021291295451266 0.0017718500595189 -0.0015272143597396 0.0013437201412662
-0.00031660630237298 -0.00071167785078733 0.0012837410361808 -0.002013733603441 0.0026810866262695 -0.0028823824968336 0.0024164945662192 -0.0020739548136345 0.0018074648496968 -0.0016029796707415
0.00027852703209116 0.00067053851553847 -0.0010510188109977 0.0015811106370944 -0.0021291295451266 0.0024164945662192 -0.0024015543365806 0.0021676673178575 -0.001941490517689 0.001752098360285
-0.00025255842077931 -0.00059524467785941 0.00088794203806969 -0.0013221667960579 0.0017718500595189 -0.0020739548136345 0.0021676673178575 -0.0021031209175174 0.0019516788640386 -0.0018006747753224
0.00023717877463551 0.00055208085429885 -0.00077185532039383 0.0011727936562102 -0.0015272143597396 0.0018074648496968 -0.001941490517689 0.0019516788640386 -0.001878903362143 0.0017724801286701
-0.00022316661606468 -0.00052280149701273 0.0006988724779406 -0.0010487815330786 0.0013437201412662 -0.0016029796707415 0.001752098360285 -0.0018006747753224 0.0017724801286701 -0.0017075341106926
