-0.00031466392411859 -0.00088784570813034 0.00050403323757927 -0.00035942248351234 0.0002871784929574 -0.00025870614963697 0.00023330745039088 -0.00020751650990777 0.00018698587187756 -0.00016775856994382
-0.00088784570813034 -0.007239436155837 0.0013523277943647 -0.00086152624540084 0.00094473276326066 -0.00085352114130053 0.00074035686753749 -0.00066288955974557 0.0005914064110464 -0.00053821409909398
0.00050403323757927 0.0013523277943647 -0.0068976857383478 0.0021085132784025 -0.0013623662090291 0.0010420363965183 -0.00089340176006457 0.00078158985487487 -0.00069392018100188 0.00063732059387271
-0.00035942248351234 -0.00086152624540084 0.0021085132784025 -0.0053443704672262 0.0024920826634829 -0.0017223906351114 0.0013742725805933 -0.0011467691518321 0.00097505794261601 -0.00084873179516874
0.0002871784929574 0.00094473276326066 -0.0013623662090291 0.0024920826634829 -0.0037676672163695 0.0024125871493574 -0.0018434497361039 0.0015209709971145 -0.0012900671986324 0.0011210016598203
-0.00025870614963697 -0.00085352114130053 0.0010420363965183 -0.0017223906351114 0.0024125871493574 -0.0026917098861232 0.002079684176301 -0.0017112490932066 0.0014500313751463 -0.0012660380217921
0.00023330745039088 0.00074035686753749 -0.00089340176006457 0.0013742725805933 -0.0018434497361039 0.002079684176301 -0.0020904698812648 0.0018070735023008 -0.0015760307789558 0.0013998987441705
-0.00020751650990777 -0.00066288955974557 0.00078158985487487 -0.0011467691518321 0.0015209709971145 -0.0017112490932066 0.0018070735023008 -0.001730125787191 0.0015713376863792 -0.0014278868346997
0.00018698587187756 0.0005914064110464 -0.00069392018100188 0.00097505794261601 -0.0012900671986324 0.0014500313751463 -0.0015760307789558 0.0015713376863792 -0.0015085677833529 0.0014101273003204
-0.00016775856994382 -0.00053821409909398 0.00063732059387271 -0.00084873179516874 0.0011210016598203 -0.0012660380217921 0.0013998987441705 -0.0014278868346997 0.0014101273003204 -0.001357348254537
