0.00058909873882769 0.00040361575651722 0.00031968969944452 0.00027313221709442 0.00024972551416216 0.00023606659559877 0.00022575750686239 0.0002170796502311 0.00020943686001723 0.0002027102643943
0.00040361575651722 0.00028416308350936 0.00022248243362302 0.00019286400159765 0.00017621729406499 0.0001648048215191 0.00015742909394838 0.00015164281226181 0.00014693641154976 0.00014296206293815
0.00031968969944452 0.00022248243362302 0.00018218366766243 0.00015940200147605 0.00014486765314621 0.00013528109581007 0.0001287537802284 0.00012366868856715 0.00011983712950105 0.0001167895361373
0.00027313221709442 0.00019286400159765 0.00015940200147605 0.00013330657577839 0.0001221631357923 0.00011473738843224 0.00010982793600173 0.00010603966451081 0.00010326192652357 0.00010104045787905
0.00024972551416216 0.00017621729406499 0.00014486765314621 0.0001221631357923 0.00011227952278465 0.00010618171365147 0.00010212648315968 9.9112810997569e-05 9.6980447378351e-05 9.5263220875321e-05
0.00023606659559877 0.0001648048215191 0.00013528109581007 0.00011473738843224 0.00010618171365147 0.00010089613400646 9.7368008409677e-05 9.479297492946e-05 9.299366568814e-05 9.1555043630134e-05
0.00022575750686239 0.00015742909394838 0.0001287537802284 0.00010982793600173 0.00010212648315968 9.7368008409677e-05 9.417526084861e-05 9.1894835155371e-05 9.0317040262654e-05 8.9062303099608e-05
0.0002170796502311 0.00015164281226181 0.00012366868856715 0.00010603966451081 9.9112810997569e-05 9.479297492946e-05 9.1894835155371e-05 8.9848520729699e-05 8.8446940977728e-05 8.7332212329151e-05
0.00020943686001723 0.00014693641154976 0.00011983712950105 0.00010326192652357 9.6980447378351e-05 9.299366568814e-05 9.0317040262654e-05 8.8446940977728e-05 8.7166547386445e-05 8.6144689810234e-05
0.0002027102643943 0.00014296206293815 0.0001167895361373 0.00010104045787905 9.5263220875321e-05 9.1555043630134e-05 8.9062303099608e-05 8.7332212329151e-05 8.6144689810234e-05 8.5194967723712e-05
