0 2.1884498564447 -1.2531003715164 0.15840270700033 -2.9663241179441 0.60113022271095 -2.2116422230022 1.4910759342909 -1.7829136788761 1.692687952786
-2.1884498564447 0 -3.1133496617408 -0.34327123446969 2.6655104981766 -0.68716242528365 2.2769634056494 -0.95234374011991 2.2485862400718 -0.84625978566621
1.2531003715164 3.1133496617408 0 2.8437779295733 -0.12593076752147 -3.1344716600599 0.0028663419061298 -3.0081350697034 0.20008553551874 -2.8144589051653
-0.15840270700033 0.34327123446969 -2.8437779295733 0 2.9809722395728 0.022508729582299 -3.0501954019577 -0.02468361823844 -3.0886729685502 0.59411129587346
2.9663241179441 -2.6655104981766 0.12593076752147 -2.9809722395728 0 -3.0744085593891 0.10049463727833 -3.1369651880156 0.044112180945271 -2.9861853395376
-0.60113022271095 0.68716242528365 3.1344716600599 -0.022508729582299 3.0744085593891 0 -3.0836227049079 0.046612671890101 -3.0859272396837 0.082662314693671
2.2116422230022 -2.2769634056494 -0.0028663419061298 3.0501954019577 -0.10049463727833 3.0836227049079 0 3.1391673281742 0.0089996751134897 -3.124238795253
-1.4910759342909 0.95234374011991 3.0081350697034 0.02468361823844 3.1369651880156 -0.046612671890101 -3.1391673281742 0 3.1407806558014 -0.01078533278753
1.7829136788761 -2.2485862400718 -0.20008553551874 3.0886729685502 -0.044112180945271 3.0859272396837 -0.0089996751134897 -3.1407806558014 0 3.1333301855399
-1.692687952786 0.84625978566621 2.8144589051653 -0.59411129587346 2.9861853395376 -0.082662314693671 3.124238795253 0.01078533278753 -3.1333301855399 0
