3.1415926535898 2.8157637096676 -0.051088971774968 3.0184689468799 -0.076408893094189 3.1320570598329 -0.1552684746912 2.9401326606652 -0.19976357860079 3.0038289271064
-2.8157637096676 3.1415926535898 2.0167624659613 3.1109879736781 0.703731105711 -2.8477126981189 0.044875137486367 3.1299348441568 -0.10847242745763 -3.1124788347897
0.051088971774968 -2.0167624659613 3.1415926535898 -0.14002143911179 2.6036565633776 0.28435098069367 2.8543163696992 -0.53971822041878 2.9298116069523 -0.19453901936813
-3.0184689468799 -3.1109879736781 0.14002143911179 3.1415926535898 0.086328396764792 -2.8009625747062 -0.45837512066087 2.9397839868513 -0.10747510335956 3.0832396129805
0.076408893094189 -0.703731105711 -2.6036565633776 -0.086328396764792 3.1415926535898 -0.37167223532865 2.7303737764269 -0.39674288107538 2.8198261367698 -0.24994631649276
-3.1320570598329 2.8477126981189 -0.28435098069367 2.8009625747062 0.37167223532865 3.1415926535898 -0.056707971843783 -3.0817760942482 0.062416883855566 -3.0471271634294
0.1552684746912 -0.044875137486367 -2.8543163696992 0.45837512066087 -2.7303737764269 0.056707971843783 3.1415926535898 0.0047538582981977 -3.1176504806043 0.04355357499891
-2.9401326606652 -3.1299348441568 0.53971822041878 -2.9397839868513 0.39674288107538 3.0817760942482 -0.0047538582981977 3.1415926535898 0.0021437359717387 -3.1311224215164
0.19976357860079 0.10847242745763 -2.9298116069523 0.10747510335956 -2.8198261367698 -0.062416883855566 3.1176504806043 -0.0021437359717387 3.1415926535898 0.0066586502366224
-3.0038289271064 3.1124788347897 0.19453901936813 -3.0832396129805 0.24994631649276 3.0471271634294 -0.04355357499891 3.1311224215164 -0.0066586502366224 3.1415926535898
