0.00017052077911157 0.00082614500803017 0.00088973606520736 0.00081214872382438 0.00068348353397638 0.00057485728427748 0.00048768014400968 0.00044129293274373 0.00041581203600293 0.00039583168880779
0.00082614500803017 0.00030645952472961 0.00023556982486293 0.00022406231594169 0.00017980355421499 0.00015857773526553 0.000131050389162 0.00011741901317559 0.00010962511177128 0.00010412426767234
0.00088973606520736 0.00023556982486293 0.00036350162767055 0.00022647221250222 0.00018590630181106 0.00015840512525964 0.00012890038493869 0.00012023067867653 0.00011526068811207 0.00011143793312638
0.00081214872382438 0.00022406231594169 0.00022647221250222 0.00028794361121073 0.0001975996489946 0.00016416277984002 0.0001346475593471 0.00011742369146043 0.00011083923886417 0.00010524501917943
0.00068348353397638 0.00017980355421499 0.00018590630181106 0.0001975996489946 0.00020926829758627 0.00015310990615101 0.00012711495922426 0.00011106393243685 0.00010096452717438 9.3265540548846e-05
0.00057485728427748 0.00015857773526553 0.00015840512525964 0.00016416277984002 0.00015310990615101 0.00014458806291444 0.00011689099411755 0.00010091657511724 9.0788342219091e-05 8.3221020001172e-05
0.00048768014400968 0.000131050389162 0.00012890038493869 0.0001346475593471 0.00012711495922426 0.00011689099411755 0.00010879563673826 9.5987990845711e-05 8.7637165086442e-05 8.0747537291784e-05
0.00044129293274373 0.00011741901317559 0.00012023067867653 0.00011742369146043 0.00011106393243685 0.00010091657511724 9.5987990845711e-05 8.9554243373192e-05 8.3928699680149e-05 7.8552332264413e-05
0.00041581203600293 0.00010962511177128 0.00011526068811207 0.00011083923886417 0.00010096452717438 9.0788342219091e-05 8.7637165086442e-05 8.3928699680149e-05 8.083455148009e-05 7.6874387039993e-05
0.00039583168880779 0.00010412426767234 0.00011143793312638 0.00010524501917943 9.3265540548846e-05 8.3221020001172e-05 8.0747537291784e-05 7.8552332264413e-05 7.6874387039993e-05 7.4316154486886e-05
