0.10138301814164 0.00032595197395998 -0.00022831483678057 0.00019087625633381 -0.00017750686026529 0.00012931897744257 -0.00012254941062656 0.00010451555252044 -9.422792048697e-05 8.7355652911428e-05
0.00032595197395998 0.0062469929558326 -0.00062475603067037 0.00061617367126722 -0.0003233926568245 0.00022161987940356 -0.00028919630956358 0.00022405516742779 -0.00018299820087746 0.00015220624399626
-0.00022831483678057 -0.00062475603067037 0.0066751810812705 -0.0012398086294677 0.00079237157529864 -0.00057083470897173 0.00043874539476658 -0.00035161088247374 0.00029685465342614 -0.00025906637885218
0.00019087625633381 0.00061617367126722 -0.0012398086294677 0.0060259068148114 -0.002788099220706 0.0015557648084185 -0.0012568437913156 0.00092684144382555 -0.00070327351624717 0.00058736437055865
-0.00017750686026529 -0.0003233926568245 0.00079237157529864 -0.002788099220706 0.0045932962817699 -0.0025192670088161 0.0018493476733168 -0.0014164232840742 0.0011414776029693 -0.00097853105526074
0.00012931897744257 0.00022161987940356 -0.00057083470897173 0.0015557648084185 -0.0025192670088161 0.0029042386380496 -0.0021049691985557 0.0016483905556407 -0.0013687144386063 0.0011824414639553
-0.00012254941062656 -0.00028919630956358 0.00043874539476658 -0.0012568437913156 0.0018493476733168 -0.0021049691985557 0.0022504462133971 -0.0018677769694087 0.0015975141594989 -0.0014083440627038
0.00010451555252044 0.00022405516742779 -0.00035161088247374 0.00092684144382555 -0.0014164232840742 0.0016483905556407 -0.0018677769694087 0.0018093425093265 -0.0016268606885833 0.0014705896528512
-9.422792048697e-05 -0.00018299820087746 0.00029685465342614 -0.00070327351624717 0.0011414776029693 -0.0013687144386063 0.0015975141594989 -0.0016268606885833 0.0015754111115696 -0.0014707427692824
8.7355652911428e-05 0.00015220624399626 -0.00025906637885218 0.00058736437055865 -0.00097853105526074 0.0011824414639553 -0.0014083440627038 0.0014705896528512 -0.0014707427692824 0.0014235062725659
