3.1415926535898 0.3168423613251 -2.6863669372792 0.48939013167835 -2.609262729531 0.59312082908278 -2.4845799564981 0.69244004744437 -2.4457150729907 0.67149472572478
-0.3168423613251 3.1415926535898 0.078383688096107 3.1278815984697 -0.034513510939191 3.130984168495 0.038304175000451 -3.0637386217007 0.075068449931724 -3.077495105834
2.6863669372792 -0.078383688096107 3.1415926535898 -0.072495237880933 3.0433742242882 -0.089161549411227 3.0577444988284 -0.068376826273114 3.0564073364353 -0.099408306168216
-0.48939013167835 -3.1278815984697 0.072495237880933 3.1415926535898 -0.041065983515964 3.0905488653546 -0.057614846610474 3.0897272120881 -0.061535274916144 3.0699262582657
2.609262729531 0.034513510939191 -3.0433742242882 0.041065983515964 3.1415926535898 0.0076979057475062 -3.1306526493977 0.018985133950387 -3.1346135208647 -0.0071884936845611
-0.59312082908278 -3.130984168495 0.089161549411227 -3.0905488653546 -0.0076979057475062 3.1415926535898 -0.0017745066447095 -3.1412563503916 -0.015725509070367 3.1123037214374
2.4845799564981 -0.038304175000451 -3.0577444988284 0.057614846610474 3.1306526493977 0.0017745066447095 3.1415926535898 0.00076715071496701 3.1270344908001 -0.02540106009858
-0.69244004744437 3.0637386217007 0.068376826273114 -3.0897272120881 -0.018985133950387 3.1412563503916 -0.00076715071496701 3.1415926535898 -0.015393239338763 3.1165941943611
2.4457150729907 -0.075068449931724 -3.0564073364353 0.061535274916144 3.1346135208647 0.015725509070367 -3.1270344908001 0.015393239338763 3.1415926535898 -0.0089734005662442
-0.67149472572478 3.077495105834 0.099408306168216 -3.0699262582657 0.0071884936845611 -3.1123037214374 0.02540106009858 -3.1165941943611 0.0089734005662442 3.1415926535898
