3.1415926535898 -0.106333702171 2.5828470052649 -0.85427159532735 2.354612559057 -1.0230720887773 1.8453567608116 -1.5012882204553 1.6049566987568 -1.5480992363087
0.106333702171 3.1415926535898 -0.00024602953136128 2.9268553878458 -0.23939064426992 2.9100562779095 -0.24255804627317 2.8712304643004 -0.29506712670238 2.8504516216258
-2.5828470052649 0.00024602953136128 3.1415926535898 -0.012766136624588 3.0590094787771 -0.11590822285696 2.9623893915429 -0.22071085230835 2.8720116176054 -0.31834064910846
0.85427159532735 -2.9268553878458 0.012766136624588 3.1415926535898 -0.05738122663977 3.0800592626489 -0.090699612929664 3.0510994929383 -0.092886829575896 3.0553370810036
-2.354612559057 0.23939064426992 -3.0590094787771 0.05738122663977 3.1415926535898 -0.0049391274096887 3.1163747097735 -0.024575461566145 3.1099117716719 -0.030303381162101
1.0230720887773 -2.9100562779095 0.11590822285696 -3.0800592626489 0.0049391274096887 3.1415926535898 -0.012691676722137 3.128111226888 -0.020588489288881 3.1216479807673
-1.8453567608116 0.24255804627317 -2.9623893915429 0.090699612929664 -3.1163747097735 0.012691676722137 3.1415926535898 0.00035539970869781 3.1361020272819 -0.005687676070425
1.5012882204553 -2.8712304643004 0.22071085230835 -3.0510994929383 0.024575461566145 -3.128111226888 -0.00035539970869781 3.1415926535898 -0.005486390226358 3.1355487773014
-1.6049566987568 0.29506712670238 -2.8720116176054 0.092886829575896 -3.1099117716719 0.020588489288881 -3.1361020272819 0.005486390226358 3.1415926535898 -0.00075839549936892
1.5480992363087 -2.8504516216258 0.31834064910846 -3.0553370810036 0.030303381162101 -3.1216479807673 0.005687676070425 -3.1355487773014 0.00075839549936892 3.1415926535898
