3.9859747516526e-05 0.0001783755341186 0.00019500293582 0.00015777020189663 0.00014690215615657 0.00011676037642779 0.00011584825625565 0.00010891583043408 0.00010190918428882 9.9817550980345e-05
0.0001783755341186 0.00072400604012592 0.00084024371236486 0.00071827916400351 0.00058693655241071 0.00050367350844861 0.00049143860830105 0.00046786956626141 0.00043655938984254 0.00042533557573381
0.00019500293582 0.00084024371236486 0.0012361109754638 0.00094465417716158 0.0008258978883015 0.00073640819325423 0.00070735372451856 0.00064080085053157 0.0005880656005355 0.00059024044047043
0.00015777020189663 0.00071827916400351 0.00094465417716158 0.00064929694254024 0.00065011392640108 0.00051823138861429 0.00050657572833546 0.00046017668039417 0.0004235386737473 0.0004141208316934
0.00014690215615657 0.00058693655241071 0.0008258978883015 0.00065011392640108 0.00056832202367776 0.00055245168850843 0.00053031890597082 0.00049119780169534 0.00045157916281847 0.00044372649065334
0.00011676037642779 0.00050367350844861 0.00073640819325423 0.00051823138861429 0.00055245168850843 0.00055478105127082 0.00051157237117111 0.0004734977464232 0.00043290965580003 0.00041439589566331
0.00011584825625565 0.00049143860830105 0.00070735372451856 0.00050657572833546 0.00053031890597082 0.00051157237117111 0.0004566488458252 0.00043121324414658 0.00040403457069763 0.0003953677776309
0.00010891583043408 0.00046786956626141 0.00064080085053157 0.00046017668039417 0.00049119780169534 0.0004734977464232 0.00043121324414658 0.00041006284546459 0.00038243765244316 0.00037619044906023
0.00010190918428882 0.00043655938984254 0.0005880656005355 0.0004235386737473 0.00045157916281847 0.00043290965580003 0.00040403457069763 0.00038243765244316 0.00035238511697991 0.00034565728744117
9.9817550980345e-05 0.00042533557573381 0.00059024044047043 0.0004141208316934 0.00044372649065334 0.00041439589566331 0.0003953677776309 0.00037619044906023 0.00034565728744117 0.00033804446703546
