0.001799064774739 0.0012177017317111 0.00093412678377983 0.00080598951666355 0.00074414969969122 0.00073220699365021 0.00071820559547458 0.00069564990664649 0.00067245531493946 0.00065111749172426
0.0012177017317111 0.00089191849698954 0.00064752450340451 0.00056548897516591 0.00052425111632119 0.00051066207452541 0.00049738945317971 0.00048391517628556 0.00046922963939081 0.0004550080253136
0.00093412678377983 0.00064752450340451 0.00052996727964377 0.00049483921287051 0.00041128922239806 0.00038078130272868 0.00037039463696463 0.00036701396068796 0.00036429503074296 0.00036155828458252
0.00080598951666355 0.00056548897516591 0.00049483921287051 0.00043869723953682 0.00037637263260596 0.00035483461089367 0.0003484948511204 0.00034313267271254 0.00033868342283548 0.00033515474620749
0.00074414969969122 0.00052425111632119 0.00041128922239806 0.00037637263260596 0.00033638326796925 0.00032428507789353 0.00032126906591619 0.00031483724447857 0.00030844264493868 0.00030384115896204
0.00073220699365021 0.00051066207452541 0.00038078130272868 0.00035483461089367 0.00032428507789353 0.00031321985534267 0.00030876992958988 0.00030128504941351 0.00029425819256868 0.000289605179056
0.00071820559547458 0.00049738945317971 0.00037039463696463 0.0003484948511204 0.00032126906591619 0.00030876992958988 0.00030199899518004 0.00029346077925196 0.00028597196212917 0.00028117083579409
0.00069564990664649 0.00048391517628556 0.00036701396068796 0.00034313267271254 0.00031483724447857 0.00030128504941351 0.00029346077925196 0.00028484090894696 0.00027751811934016 0.00027302490058597
0.00067245531493946 0.00046922963939081 0.00036429503074296 0.00033868342283548 0.00030844264493868 0.00029425819256868 0.00028597196212917 0.00027751811934016 0.00027046202005071 0.00026629242866344
0.00065111749172426 0.0004550080253136 0.00036155828458252 0.00033515474620749 0.00030384115896204 0.000289605179056 0.00028117083579409 0.00027302490058597 0.00026629242866344 0.00026245603628497
