3.1415926535898 -3.1328474095352 0.023070571361713 -3.1252422622984 -0.023885410974298 3.1157527498996 -0.043195838137628 3.0951926780044 -0.039003355402071 3.1101601668959
3.1328474095352 3.1415926535898 0.0082479322422614 -3.0800087672858 -0.12916223491884 2.9971001760838 -0.22039702341443 2.85513631041 -0.32251379663639 2.7837415075931
-0.023070571361713 -0.0082479322422614 3.1415926535898 -0.041534272798961 3.048132746648 -0.058026851597267 3.1205641624617 -0.00067341340670418 -3.1366142398653 0.0029270279566799
3.1252422622984 3.0800087672858 0.041534272798961 3.1415926535898 0.01183657656491 -3.1116081414269 0.047686392061413 -3.083064768611 0.063539236500448 -3.0752241670409
0.023885410974298 0.12916223491884 -3.048132746648 -0.01183657656491 3.1415926535898 -0.00084067730644693 3.1338763597545 -0.010948730006965 3.1248042890293 -0.025349150106363
-3.1157527498996 -2.9971001760838 0.058026851597267 3.1116081414269 0.00084067730644693 3.1415926535898 -0.0063227622745273 3.1319137698892 -0.013106140192735 3.124947371631
0.043195838137628 0.22039702341443 -3.1205641624617 -0.047686392061413 -3.1338763597545 0.0063227622745273 3.1415926535898 -0.0034306293661618 3.1353993523438 -0.008687330290785
-3.0951926780044 -2.85513631041 0.00067341340670418 3.083064768611 0.010948730006965 -3.1319137698892 0.0034306293661618 3.1415926535898 -0.0021026874534735 3.1379441237841
0.039003355402071 0.32251379663639 3.1366142398653 -0.063539236500448 -3.1248042890293 0.013106140192735 -3.1353993523438 0.0021026874534735 3.1415926535898 -0.0013216343834292
-3.1101601668959 -2.7837415075931 -0.0029270279566799 3.0752241670409 0.025349150106363 -3.124947371631 0.008687330290785 -3.1379441237841 0.0013216343834292 3.1415926535898
