0.10138374033451 0.00032720778815928 -0.00030892965405736 0.00020131010877418 -0.00015129405484727 0.00013451497785338 -0.00011699133839894 0.00010615358905743 -9.6359071917342e-05 8.7919460328714e-05
0.00032720778815928 0.0063473858819375 -0.0012542196358408 0.00082042798847301 -0.00038590792845699 0.00021300571638761 -0.00014436046259902 0.00014634852933236 -0.0001620316069148 0.00015327734144347
-0.00030892965405736 -0.0012542196358408 0.0078726053404996 -0.001849370828655 0.001147271281916 -0.0010566835367195 0.00064869140287186 -0.0004809973270583 0.00040628972341892 -0.00034540295018792
0.00020131010877418 0.00082042798847301 -0.001849370828655 0.0056936172771801 -0.0022223205603778 0.0013762146117708 -0.00099667344623638 0.00070227203080924 -0.0005490510781086 0.00044060774950887
-0.00015129405484727 -0.00038590792845699 0.001147271281916 -0.0022223205603778 0.0043339419857175 -0.0024301804599728 0.0016900685243594 -0.0013101342674142 0.0010394508972227 -0.00085346079297897
0.00013451497785338 0.00021300571638761 -0.0010566835367195 0.0013762146117708 -0.0024301804599728 0.0031043891254241 -0.0021952062116054 0.0017305668956618 -0.0014106654185532 0.0011781948140785
-0.00011699133839894 -0.00014436046259902 0.00064869140287186 -0.00099667344623638 0.0016900685243594 -0.0021952062116054 0.0022148223350696 -0.0018594810075339 0.0015713188876027 -0.0013614261576077
0.00010615358905743 0.00014634852933236 -0.0004809973270583 0.00070227203080924 -0.0013101342674142 0.0017305668956618 -0.0018594810075339 0.0018070231337115 -0.0016120578991849 0.001436134309007
-9.6359071917342e-05 -0.0001620316069148 0.00040628972341892 -0.0005490510781086 0.0010394508972227 -0.0014106654185532 0.0015713188876027 -0.0016120578991849 0.0015450094383642 -0.0014267437741144
8.7919460328714e-05 0.00015327734144347 -0.00034540295018792 0.00044060774950887 -0.00085346079297897 0.0011781948140785 -0.0013614261576077 0.001436134309007 -0.0014267437741144 0.0013669762093551
