3.1415926535898 -0.079348593001913 3.0184800715393 -0.16686357322358 2.9278985765124 -0.29755180981641 2.6979606795762 -0.68309846479967 2.1204181978434 -1.3859189790666
0.079348593001913 3.1415926535898 0.0051480045451693 -3.1219322450461 0.045318683666185 -3.0715283052146 0.090764547458145 -3.0413752436544 0.098752865209544 -3.0568281550166
-3.0184800715393 -0.0051480045451693 3.1415926535898 0.01521563558113 -3.1061241011837 0.053544285306649 -3.0738262003685 0.074811156836666 -3.0651199815123 0.073024507068695
0.16686357322358 3.1219322450461 -0.01521563558113 3.1415926535898 0.016363501558125 -3.1121143350937 0.037757005962998 -3.1020509396137 0.036859377902932 -3.1111151483054
-2.9278985765124 -0.045318683666185 3.1061241011837 -0.016363501558125 3.1415926535898 0.012088728592072 -3.1235874448406 0.017597856577672 -3.128406904318 0.0059686579870384
0.29755180981641 3.0715283052146 -0.053544285306649 3.1121143350937 -0.012088728592072 3.1415926535898 0.004920056677697 -3.1379082111406 -0.0011930991819651 3.1333660316228
-2.6979606795762 -0.090764547458145 3.0738262003685 -0.037757005962998 3.1235874448406 -0.004920056677697 3.1415926535898 -0.0012511112602199 3.1356669758988 -0.012307614522131
0.68309846479967 3.0413752436544 -0.074811156836666 3.1020509396137 -0.017597856577672 3.1379082111406 0.0012511112602199 3.1415926535898 -0.0044674918887828 3.1313207925734
-2.1204181978434 -0.098752865209544 3.0651199815123 -0.036859377902932 3.128406904318 0.0011930991819651 -3.1356669758988 0.0044674918887828 3.1415926535898 -0.005478322588028
1.3859189790666 3.0568281550166 -0.073024507068695 3.1111151483054 -0.0059686579870384 -3.1333660316228 0.012307614522131 -3.1313207925734 0.005478322588028 3.1415926535898
