0.020946834677004 -0.0070456205597434 0.0055662141340425 -0.0046084045988457 0.0038836583680996 -0.003223912279911 0.0027793465400651 -0.0024074378897195 0.0021147096612923 -0.0018791082399043
-0.0070456205597434 0.012394201016057 -0.0049752012252182 0.0035464981682373 -0.0027788319059687 0.0022224552594944 -0.0018295292067037 0.0015505734584681 -0.0013453820361179 0.0011798235589657
0.0055662141340425 -0.0049752012252182 0.0094205979364979 -0.0051912927325361 0.0039187383810816 -0.0030072332696613 0.0024448851406511 -0.0020469389275028 0.0017443052958242 -0.0015109926813641
-0.0046084045988457 0.0035464981682373 -0.0051912927325361 0.0062674509872326 -0.0046178337889405 0.003594665174618 -0.0029497409290241 0.0024957360648038 -0.0021542262868095 0.0018786982210207
0.0038836583680996 -0.0027788319059687 0.0039187383810816 -0.0046178337889405 0.0046965988964672 -0.0038881801298413 0.0032881378468326 -0.0028375799282492 0.0024876626600257 -0.0022048880214016
-0.003223912279911 0.0022224552594944 -0.0030072332696613 0.003594665174618 -0.0038881801298413 0.0036928614487402 -0.0033018090791712 0.0029421978027021 -0.0026377322846949 0.0023795764261514
0.0027793465400651 -0.0018295292067037 0.0024448851406511 -0.0029497409290241 0.0032881378468326 -0.0033018090791712 0.0031510863245953 -0.0029103346352705 0.0026739150275632 -0.0024561888778111
-0.0024074378897195 0.0015505734584681 -0.0020469389275028 0.0024957360648038 -0.0028375799282492 0.0029421978027021 -0.0029103346352705 0.0027775828375505 -0.0026107652505493 0.0024396710772869
0.0021147096612923 -0.0013453820361179 0.0017443052958242 -0.0021542262868095 0.0024876626600257 -0.0026377322846949 0.0026739150275632 -0.0026107652505493 0.0025042870348401 -0.0023776814987193
-0.0018791082399043 0.0011798235589657 -0.0015109926813641 0.0018786982210207 -0.0022048880214016 0.0023795764261514 -0.0024561888778111 0.0024396710772869 -0.0023776814987193 0.0022902214094138
