0.047685198059497 0.013701728804899 0.0084813810045058 0.0058919015879365 0.0043149835811014 0.0032787475274452 0.0025776943725991 0.0020749229439319 0.0017108469738451 0.0014415047488261 0.0012494389517862 0.0010957353854348 0.00098409970187026 0.00090150438674454 0.00084293730375645 0.00078868489535897 0.00075856560810855 0.00072603820045449 0.00069686278300504 0.00067371454160716
0.013701728804899 0.015043557208374 0.010306617101588 0.0075836746699805 0.0058389090911935 0.0045950649147013 0.0036936022595757 0.0030223798956923 0.0025107862620761 0.0021159208701675 0.0018052405385297 0.0015547686217251 0.0013515273467102 0.0011866274460532 0.0010527990833938 0.00093532246114647 0.00084314036956336 0.00076824964820285 0.00069951573596094 0.00064288011113589
0.0084813810045058 0.010306617101588 0.010544012163933 0.0090548684370094 0.0076566827253511 0.0064757988496097 0.0055124219650421 0.0047274397933754 0.0040936054061652 0.0035751147617051 0.0031463431817638 0.0027907736478497 0.0024880134105589 0.0022343480406639 0.0020198537178572 0.0018319425542035 0.0016732761739881 0.0015400250205706 0.0014200819554862 0.0013160661465374
0.0058919015879365 0.0075836746699805 0.0090548684370094 0.0089854171803637 0.0082715050652797 0.0074192024432745 0.006605399751285 0.0058747004250013 0.0052439972023982 0.004700319701561 0.0042319197801294 0.0038295942610114 0.0034782367469743 0.0031747127828107 0.0029122271303454 0.0026798578508489 0.0024768134815121 0.0023028671148349 0.0021445314416281 0.0020050984237213
0.0043149835811014 0.0058389090911935 0.0076566827253511 0.0082715050652797 0.0081872185396529 0.0077363780607582 0.0071640813893248 0.0065752578699219 0.0060231455598885 0.0055181056543471 0.0050637071610323 0.0046583223957076 0.0042949189444663 0.0039721037749953 0.0036869459730832 0.0034298183064014 0.0032007105462322 0.0030004782813641 0.0028164550490494 0.002652158080376
0.0032787475274452 0.0045950649147013 0.0064757988496097 0.0074192024432745 0.0077363780607582 0.0076381186677473 0.0073220340676003 0.0069107837947189 0.0064771669553154 0.0060489431145216 0.0056424280986415 0.0052637967841928 0.0049139596914141 0.0045942073302579 0.0043051272183268 0.0040395144303114 0.0037988261665038 0.0035840930443269 0.0033846568162584 0.003204439483706
0.0025776943725991 0.0036936022595757 0.0055124219650421 0.006605399751285 0.0071640813893248 0.0073220340676003 0.0072276681803123 0.0069909044161915 0.0066876004777006 0.0063542227992611 0.0060154564174371 0.0056834952013368 0.0053655834279178 0.0050660943862712 0.0047885518541288 0.0045285179567729 0.0042884690399562 0.0040703613923159 0.0038654915597443 0.0036780585668458
0.0020749229439319 0.0030223798956923 0.0047274397933754 0.0058747004250013 0.0065752578699219 0.0069107837947189 0.0069909044161915 0.0069078755797981 0.0067292238594738 0.0064944110674987 0.0062315933403757 0.0059569822204191 0.0056821102857775 0.0054141535461825 0.00515889835125 0.0049146491871494 0.0046847446835158 0.0044718803770043 0.0042696329491339 0.0040822056611056
0.0017108469738451 0.0025107862620761 0.0040936054061652 0.0052439972023982 0.0060231455598885 0.0064771669553154 0.0066876004777006 0.0067292238594738 0.0066611727757157 0.0065189812058772 0.0063317147608041 0.0061176619806125 0.0058907614005263 0.0056603079166821 0.0054336676864708 0.0052116236022849 0.0049982545831059 0.0047964833863806 0.004602497755194 0.0044202647755865
0.0014415047488261 0.0021159208701675 0.0035751147617051 0.004700319701561 0.0055181056543471 0.0060489431145216 0.0063542227992611 0.0064944110674987 0.0065189812058772 0.0064592883662289 0.0063427840362841 0.0061882515042958 0.0060105750457961 0.0058203793296737 0.005625997742011 0.0054302705471079 0.0052377863888927 0.0050515323413866 0.0048701153480414 0.004697206074952
0.0012494389517862 0.0018052405385297 0.0031463431817638 0.0042319197801294 0.0050637071610323 0.0056424280986415 0.0060154564174371 0.0062315933403757 0.0063317147608041 0.0063427840362841 0.0062915917769633 0.0061908301329105 0.0060608635020071 0.0059110709291328 0.0057502519228837 0.0055828432208109 0.0054136576641451 0.0052457950352743 0.0050798130926598 0.0049191184170728
0.0010957353854348 0.0015547686217251 0.0027907736478497 0.0038295942610114 0.0046583223957076 0.0052637967841928 0.0056834952013368 0.0059569822204191 0.0061176619806125 0.0061882515042958 0.0061908301329105 0.006143577851526 0.0060572211595952 0.0059464554955918 0.0058190289667274 0.0056805651267582 0.0055358429644811 0.0053881364270854 0.0052394879204494 0.0050930652738809
0.00098409970187026 0.0013515273467102 0.0024880134105589 0.0034782367469743 0.0042949189444663 0.0049139596914141 0.0053655834279178 0.0056821102857775 0.0058907614005263 0.0060105750457961 0.0060608635020071 0.0060572211595952 0.0060130303685429 0.005938747934942 0.0058434535164977 0.0057334722523888 0.0056133478947888 0.0054865367429381 0.0053561797352182 0.0052252230387308
0.00090150438674454 0.0011866274460532 0.0022343480406639 0.0031747127828107 0.0039721037749953 0.0045942073302579 0.0050660943862712 0.0054141535461825 0.0056603079166821 0.0058203793296737 0.0059110709291328 0.0059464554955918 0.005938747934942 0.00589810536177 0.0058329051926045 0.0057501219524452 0.0056539325802905 0.0055479643949576 0.0054361348272164 0.0053211761764071
0.00084293730375645 0.0010527990833938 0.0020198537178572 0.0029122271303454 0.0036869459730832 0.0043051272183268 0.0047885518541288 0.00515889835125 0.0054336676864708 0.005625997742011 0.0057502519228837 0.0058190289667274 0.0058434535164977 0.0058329051926045 0.005795760922434 0.0057379250101967 0.0056644910415234 0.0055787687624187 0.0054851907052645 0.0053862775620723
0.00078868489535897 0.00093532246114647 0.0018319425542035 0.0026798578508489 0.0034298183064014 0.0040395144303114 0.0045285179567729 0.0049146491871494 0.0052116236022849 0.0054302705471079 0.0055828432208109 0.0056805651267582 0.0057334722523888 0.0057501219524452 0.0057379250101967 0.0057050739139991 0.0056524225593645 0.0055862305528394 0.0055104560728269 0.005427415462059
0.00075856560810855 0.00084314036956336 0.0016732761739881 0.0024768134815121 0.0032007105462322 0.0037988261665038 0.0042884690399562 0.0046847446835158 0.0049982545831059 0.0052377863888927 0.0054136576641451 0.0055358429644811 0.0056133478947888 0.0056539325802905 0.0056644910415234 0.0056524225593645 0.0056239132622397 0.005572625988535 0.0055137653775774 0.0054460150795628
0.00072603820045449 0.00076824964820285 0.0015400250205706 0.0023028671148349 0.0030004782813641 0.0035840930443269 0.0040703613923159 0.0044718803770043 0.0047964833863806 0.0050515323413866 0.0052457950352743 0.0053881364270854 0.0054865367429381 0.0055479643949576 0.0055787687624187 0.0055862305528394 0.005572625988535 0.0055424000449739 0.0054990155566894 0.0054459045940899
0.00069686278300504 0.00069951573596094 0.0014200819554862 0.0021445314416281 0.0028164550490494 0.0033846568162584 0.0038654915597443 0.0042696329491339 0.004602497755194 0.0048701153480414 0.0050798130926598 0.0052394879204494 0.0053561797352182 0.0054361348272164 0.0054851907052645 0.0055104560728269 0.0055137653775774 0.0054990155566894 0.0054712209832982 0.0054320541573171
0.00067371454160716 0.00064288011113589 0.0013160661465374 0.0020050984237213 0.002652158080376 0.003204439483706 0.0036780585668458 0.0040822056611056 0.0044202647755865 0.004697206074952 0.0049191184170728 0.0050930652738809 0.0052252230387308 0.0053211761764071 0.0053862775620723 0.005427415462059 0.0054460150795628 0.0054459045940899 0.0054320541573171 0.0054059978714271
