3.1415926535898 0.3477792413187 -1.4231463557368 2.5498363404511 -0.81416971405873 2.3243343012869 -0.91203438683434 2.2407783671892 -0.81373461949918 2.4134889166045
-0.3477792413187 3.1415926535898 -0.042129764976814 -2.9966947264394 0.10190025080654 -3.0559873012491 0.058429080919105 -3.1055705916038 -0.028037147082902 3.0505379300781
1.4231463557368 0.042129764976814 3.1415926535898 0.05157358493781 -3.1131228177354 -0.015240755051509 3.0921878948033 -0.082616326740489 3.0333333738183 -0.13339029903084
-2.5498363404511 2.9966947264394 -0.05157358493781 3.1415926535898 0.0036625049619595 -3.1202361262321 0.033503609734448 -3.0998319250687 0.053410045594659 -3.0744551828094
0.81416971405873 -0.10190025080654 3.1131228177354 -0.0036625049619595 3.1415926535898 0.0057170811042557 -3.134263064529 0.0047002373585335 -3.1329539776283 0.016309051541175
-2.3243343012869 3.0559873012491 0.015240755051509 3.1202361262321 -0.0057170811042557 3.1415926535898 -0.0017487393225071 3.1367790501612 -0.00046810802192951 -3.1345286042254
0.91203438683434 -0.058429080919105 -3.0921878948033 -0.033503609734448 3.134263064529 0.0017487393225071 3.1415926535898 -0.0002233503259955 -3.1365626403448 0.012876387940238
-2.2407783671892 3.1055705916038 0.082616326740489 3.0998319250687 -0.0047002373585335 -3.1367790501612 0.0002233503259955 3.1415926535898 0.0045496075962584 -3.1300074826929
0.81373461949918 0.028037147082902 -3.0333333738183 -0.053410045594659 3.1329539776283 0.00046810802192951 3.1365626403448 -0.0045496075962584 3.1415926535898 0.0069415460454522
-2.4134889166045 -3.0505379300781 0.13339029903084 3.0744551828094 -0.016309051541175 3.1345286042254 -0.012876387940238 3.1300074826929 -0.0069415460454522 3.1415926535898
