0.0083388760276769 4.5715508814218e-05 7.0730322411934e-05 -2.0931942649971e-05 0.00011483106549674 -7.4145289181593e-05 7.0736428710372e-05 -4.7739135388047e-05 3.58158787289e-05 -1.6924558146495e-05
4.5715508814218e-05 0.006047519511348 -0.001255424541634 0.00069001573521399 -0.00049151135890975 0.00031750679939394 -0.00025129566835523 0.00019310342958084 -0.00015116975510073 0.00013212997301575
7.0730322411934e-05 -0.001255424541634 0.0040413427559567 -0.0016547585329276 0.0010478602759526 -0.00076948205085205 0.0006370422449346 -0.00054664862447936 0.00047310544682719 -0.00041257337383633
-2.0931942649971e-05 0.00069001573521399 -0.0016547585329276 0.0026529414811872 -0.0016294988366783 0.0012077474199264 -0.00097578381845745 0.00081107042336788 -0.00069525388475249 0.00061005384652912
0.00011483106549674 -0.00049151135890975 0.0010478602759526 -0.0016294988366783 0.0018749277331175 -0.0014472820196254 0.0011857236199043 -0.00099898543698211 0.00086333555828844 -0.0007660416057591
-7.4145289181593e-05 0.00031750679939394 -0.00076948205085205 0.0012077474199264 -0.0014472820196254 0.0014416392267435 -0.001239473740146 0.0010774906855523 -0.00095078311133993 0.0008533912122507
7.0736428710372e-05 -0.00025129566835523 0.0006370422449346 -0.00097578381845745 0.0011857236199043 -0.001239473740146 0.0011933730757804 -0.0010826380272771 0.00098190570860575 -0.00089688594525468
-4.7739135388047e-05 0.00019310342958084 -0.00054664862447936 0.00081107042336788 -0.00099898543698211 0.0010774906855523 -0.0010826380272771 0.0010413239526925 -0.00097390790037792 0.00090867216077304
3.58158787289e-05 -0.00015116975510073 0.00047310544682719 -0.00069525388475249 0.00086333555828844 -0.00095078311133993 0.00098190570860575 -0.00097390790037792 0.00094046461256829 -0.00089523047033608
-1.6924558146495e-05 0.00013212997301575 -0.00041257337383633 0.00061005384652912 -0.0007660416057591 0.0008533912122507 -0.00089688594525468 0.00090867216077304 -0.00089523047033608 0.00086838265582634
