0.00050605068301242 0.00039984352896581 0.0003375529603858 0.00029133394223332 0.00026528110068005 0.00024679154511315 0.00023449247035434 0.0002255700690203 0.00021826235225429 0.00021209551854631
0.00039984352896581 0.00032530729908337 0.00025422463923395 0.0002114482409404 0.0001938865421524 0.00018220077850355 0.00017354744258307 0.00016689268193268 0.00016137715934163 0.00015674717290682
0.0003375529603858 0.00025422463923395 0.00021020977624107 0.00017962431424117 0.00016490943586334 0.00015669313864598 0.00015065270628083 0.00014607951826184 0.00014234867960499 0.00013901216767112
0.00029133394223332 0.0002114482409404 0.00017962431424117 0.00015711385158187 0.00014524473075247 0.00013867874019116 0.00013336340735832 0.00012938432187574 0.00012605216827552 0.00012305654027998
0.00026528110068005 0.0001938865421524 0.00016490943586334 0.00014524473075247 0.0001339012834894 0.00012856500956594 0.00012396126231439 0.00012064032885578 0.00011794005293146 0.00011553044831276
0.00024679154511315 0.00018220077850355 0.00015669313864598 0.00013867874019116 0.00012856500956594 0.00012414913201903 0.0001203340045038 0.00011756553952906 0.0001152830171712 0.00011314930480132
0.00023449247035434 0.00017354744258307 0.00015065270628083 0.00013336340735832 0.00012396126231439 0.0001203340045038 0.00011726666828755 0.00011506658867165 0.00011322614382908 0.00011140472348673
0.0002255700690203 0.00016689268193268 0.00014607951826184 0.00012938432187574 0.00012064032885578 0.00011756553952906 0.00011506658867165 0.00011326794314693 0.00011173951029429 0.00011015317823467
0.00021826235225429 0.00016137715934163 0.00014234867960499 0.00012605216827552 0.00011794005293146 0.0001152830171712 0.00011322614382908 0.00011173951029429 0.00011045799972942 0.00010907166645578
0.00021209551854631 0.00015674717290682 0.00013901216767112 0.00012305654027998 0.00011553044831276 0.00011314930480132 0.00011140472348673 0.00011015317823467 0.00010907166645578 0.00010786754165552
