3.1415926535898 -0.16037671681284 2.659922458704 -1.3435343243507 0.92556302163271 -2.5300437679716 0.47404064251208 -2.7491045760305 0.3337589425815 -2.8548930231253
0.16037671681284 3.1415926535898 -0.034789987254348 3.0824748324634 -0.080811239322699 3.0379896108676 -0.12871776041252 2.9840373019327 -0.19151828144441 2.9096628915078
-2.659922458704 0.034789987254348 3.1415926535898 -0.012822855183985 3.1198642183978 -0.031520972539605 3.097657152041 -0.059722175099754 3.0625563447363 -0.10172515602238
1.3435343243507 -3.0824748324634 0.012822855183985 3.1415926535898 -0.0079601678962853 3.1248787094094 -0.027782347879903 3.1001896829509 -0.057342393271871 3.0663435351284
-0.92556302163271 0.080811239322699 -3.1198642183978 0.0079601678962853 3.1415926535898 -0.0084562965221267 3.1229314394167 -0.03055594500855 3.0978151419095 -0.057980059840653
2.5300437679716 -3.0379896108676 0.031520972539605 -3.1248787094094 0.0084562965221267 3.1415926535898 -0.0096479324158511 3.1213335834419 -0.031448051494261 3.0986596256069
-0.47404064251208 0.12871776041252 -3.097657152041 0.027782347879903 -3.1229314394167 0.0096479324158511 3.1415926535898 -0.009967285491154 3.1216867469242 -0.029624266084291
2.7491045760305 -2.9840373019327 0.059722175099754 -3.1001896829509 0.03055594500855 -3.1213335834419 0.009967285491154 3.1415926535898 -0.0093847666802483 3.1234832298266
-0.3337589425815 0.19151828144441 -3.0625563447363 0.057342393271871 -3.0978151419095 0.031448051494261 -3.1216867469242 0.0093847666802483 3.1415926535898 -0.0083097244425987
2.8548930231253 -2.9096628915078 0.10172515602238 -3.0663435351284 0.057980059840653 -3.0986596256069 0.029624266084291 -3.1234832298266 0.0083097244425987 3.1415926535898
