0.0004088733954047 0.00034578052516757 0.0002828542642743 0.00024308608875742 0.00021074779871652 0.00019720418874739 0.00018728203964834 0.00017987356174162 0.00017399228437871 0.00016905367085743
0.00034578052516757 0.00028763582238871 0.00023150276871441 0.00020034843826539 0.00017828810140053 0.00016395976679112 0.00015384989886815 0.0001462637845384 0.00014047120005351 0.00013589527771081
0.0002828542642743 0.00023150276871441 0.00018553847711999 0.00015921231400609 0.00014482350057852 0.00013571650932197 0.00012917348797358 0.00012425698922273 0.00012016700218401 0.00011665266208395
0.00024308608875742 0.00020034843826539 0.00015921231400609 0.00013614308659038 0.00012480457748188 0.00011811694757108 0.00011309078611613 0.00010899623596867 0.00010536229409567 0.00010223334070104
0.00021074779871652 0.00017828810140053 0.00014482350057852 0.00012480457748188 0.00011402116549773 0.00010876389133662 0.00010405375082035 9.9856137781358e-05 9.6104152375407e-05 9.2904952202926e-05
0.00019720418874739 0.00016395976679112 0.00013571650932197 0.00011811694757108 0.00010876389133662 0.00010408516730608 9.9372739590654e-05 9.5196312257273e-05 9.149592728475e-05 8.8384827778378e-05
0.00018728203964834 0.00015384989886815 0.00012917348797358 0.00011309078611613 0.00010405375082035 9.9372739590654e-05 9.4792633860514e-05 9.0862664717281e-05 8.7498562975085e-05 8.4714916055631e-05
0.00017987356174162 0.0001462637845384 0.00012425698922273 0.00010899623596867 9.9856137781358e-05 9.5196312257273e-05 9.0862664717281e-05 8.7268038778405e-05 8.4289171196049e-05 8.1879218085234e-05
0.00017399228437871 0.00014047120005351 0.00012016700218401 0.00010536229409567 9.6104152375407e-05 9.149592728475e-05 8.7498562975085e-05 8.4289171196049e-05 8.1703062507267e-05 7.9664586872486e-05
0.00016905367085743 0.00013589527771081 0.00011665266208395 0.00010223334070104 9.2904952202926e-05 8.8384827778378e-05 8.4714916055631e-05 8.1879218085234e-05 7.9664586872486e-05 7.7940882848161e-05
