0.041260951122475 0.019907325652879 0.016079889112866 0.013914362063654 0.012362594040717 0.011145002054219 0.010146843882792 0.0093102522819216 0.0085985475684246 0.0079844290772097 0.0074520390192575 0.0069847181941144 0.0065752962189319 0.0062026657585897 0.0058709260202397 0.0055750971356189 0.0053050857985927 0.0050629902470049 0.0048358783697014 0.0046261874359464
0.019907325652879 0.011497434431248 0.0099909063273597 0.0090429955747002 0.0082987680300229 0.0076714487097627 0.0071262250520831 0.0066460919449785 0.0062201830063863 0.0058395053392954 0.0055006052053292 0.0052004867685636 0.0049233444390287 0.0046676402676006 0.0044378596248771 0.0042299392221447 0.00403784818168 0.0038602788403421 0.0036971238153353 0.0035459042244821
0.016079889112866 0.0099909063273597 0.0091491933161363 0.0085920473420634 0.0081070582987987 0.0076598505706216 0.0072419668401982 0.0068521578621895 0.0064900038804234 0.0061538751164119 0.0058448468025818 0.0055641933868283 0.0052983270187847 0.005049041916568 0.0048207280318822 0.0046111541206237 0.0044150195323933 0.0042311058052192 0.0040610006463254 0.003902515963952
0.013914362063654 0.0090429955747002 0.0085920473420634 0.008311398103218 0.0080310448566025 0.0077373082371396 0.0074346266721037 0.0071307115111233 0.006831901395597 0.0065418389406185 0.0062648984279994 0.0060058062428685 0.0057537213852594 0.0055126198595942 0.0052871706698666 0.0050769544197739 0.0048773560685235 0.0046880676885932 0.0045106637921304 0.0043440421341821
0.012362594040717 0.0082987680300229 0.0081070582987987 0.0080310448566025 0.0079190095839165 0.0077619749153637 0.007568913398244 0.0073517066477166 0.0071205899955946 0.0068827210183148 0.0066448363975528 0.0064143405359814 0.0061829234383146 0.0059562666108272 0.0057395248774053 0.0055338781232757 0.005335479353158 0.0051450455264376 0.0049639692968759 0.0047922101087319
0.011145002054219 0.0076714487097627 0.0076598505706216 0.0077373082371396 0.0077619749153637 0.007723990161241 0.0076320873001158 0.0074990778862072 0.0073369018784259 0.0071547588906148 0.0069609005420844 0.0067646561229218 0.0065596975990776 0.0063532613117189 0.0061508574462279 0.0059550316134309 0.0057627552172792 0.005575774804722 0.0053951282093109 0.0052219602198035
0.010146843882792 0.0071262250520831 0.0072419668401982 0.0074346266721037 0.007568913398244 0.0076320873001158 0.0076305793735123 0.0075762007118953 0.0074810579234159 0.0073552500836514 0.0072078096191986 0.0070493090669721 0.0068748585900976 0.0066930048566115 0.0065094946676478 0.0063279544181523 0.0061461650620843 0.0059668381988049 0.0057905404247173 0.0056196333404555
0.0093102522819216 0.0066460919449785 0.0068521578621895 0.0071307115111233 0.0073517066477166 0.0074990778862072 0.0075762007118953 0.0075929544381966 0.0075606462109796 0.0074894510726468 0.0073885894766844 0.0072692852403631 0.0071276589696753 0.0069732264052676 0.0068118782268865 0.0066480305922042 0.0064802252318635 0.0063120101375565 0.0061434636513165 0.0059780939751282
0.0085985475684246 0.0062201830063863 0.0064900038804234 0.006831901395597 0.0071205899955946 0.0073369018784259 0.0074810579234159 0.0075606462109796 0.0075858309576075 0.0075657921440938 0.007510036751711 0.0074298003544791 0.0073218416387596 0.0071963449161037 0.0070592387541037 0.0069154635251235 0.006764249679734 0.00660982189458 0.0064518129069774 0.006294739285306
0.0079844290772097 0.0058395053392954 0.0061538751164119 0.0065418389406185 0.0068827210183148 0.0071547588906148 0.0073552500836514 0.0074894510726468 0.0075657921440938 0.0075935489834576 0.0075800733814012 0.0075377046271595 0.0074632027427113 0.0073671307287863 0.0072553717987383 0.0071331596809892 0.0070003315521752 0.0068616253834584 0.0067162973068046 0.0065697084397012
0.0074520390192575 0.0055006052053292 0.0058448468025818 0.0062648984279994 0.0066448363975528 0.0069609005420844 0.0072078096191986 0.0073885894766844 0.007510036751711 0.0075800733814012 0.0076064362050436 0.0075999306955798 0.0075578347451632 0.0074908653980247 0.0074047694129258 0.0073048838193901 0.0071915649607046 0.0070699060732089 0.0069388637542065 0.0068044495474185
0.0069847181941144 0.0052004867685636 0.0055641933868283 0.0060058062428685 0.0064143405359814 0.0067646561229218 0.0070493090669721 0.0072692852403631 0.0074298003544791 0.0075377046271595 0.0075999306955798 0.0076315642011409 0.0076152958204739 0.0075763669447872 0.0075154911523427 0.0074379512147281 0.0073445375338131 0.007240557981712 0.0071247482732949 0.0070036320040854
0.0065752962189319 0.0049233444390287 0.0052983270187847 0.0057537213852594 0.0061829234383146 0.0065596975990776 0.0068748585900976 0.0071276589696753 0.0073218416387596 0.0074632027427113 0.0075578347451632 0.0076152958204739 0.0076356512406282 0.007620610313872 0.0075842909898397 0.0075288869004479 0.007455531732733 0.0073696362771838 0.0072697676698336 0.0071628065068514
0.0062026657585897 0.0046676402676006 0.005049041916568 0.0055126198595942 0.0059562666108272 0.0063532613117189 0.0066930048566115 0.0069732264052676 0.0071963449161037 0.0073671307287863 0.0074908653980247 0.0075763669447872 0.007620610313872 0.0076338156825239 0.0076210319431151 0.0075871472909729 0.0075335767232512 0.0074657365089775 0.0073820977319422 0.0072897494596146
0.0058709260202397 0.0044378596248771 0.0048207280318822 0.0052871706698666 0.0057395248774053 0.0061508574462279 0.0065094946676478 0.0068118782268865 0.0070592387541037 0.0072553717987383 0.0074047694129258 0.0075154911523427 0.0075842909898397 0.0076210319431151 0.0076306940715149 0.0076172045716603 0.0075828409795767 0.0075327317314381 0.0074652953453451 0.0073877141872244
0.0055750971356189 0.0042299392221447 0.0046111541206237 0.0050769544197739 0.0055338781232757 0.0059550316134309 0.0063279544181523 0.0066480305922042 0.0069154635251235 0.0071331596809892 0.0073048838193901 0.0074379512147281 0.0075288869004479 0.0075871472909729 0.0076172045716603 0.007623297966385 0.0076072095022745 0.0075741470714705 0.0075225161964429 0.0074594943611793
0.0053050857985927 0.00403784818168 0.0044150195323933 0.0048773560685235 0.005335479353158 0.0057627552172792 0.0061461650620843 0.0064802252318635 0.006764249679734 0.0070003315521752 0.0071915649607046 0.0073445375338131 0.007455531732733 0.0075335767232512 0.0075828409795767 0.0076072095022745 0.0076085727292851 0.0075919484098416 0.0075557618630624 0.00750710758043
0.0050629902470049 0.0038602788403421 0.0042311058052192 0.0046880676885932 0.0051450455264376 0.005575774804722 0.0059668381988049 0.0063120101375565 0.00660982189458 0.0068616253834584 0.0070699060732089 0.007240557981712 0.0073696362771838 0.0074657365089775 0.0075327317314381 0.0075741470714705 0.0075919484098416 0.0075955395947994 0.0075695900962108 0.0075348522792171
0.0048358783697014 0.0036971238153353 0.0040610006463254 0.0045106637921304 0.0049639692968759 0.0053951282093109 0.0057905404247173 0.0061434636513165 0.0064518129069774 0.0067162973068046 0.0069388637542065 0.0071247482732949 0.0072697676698336 0.0073820977319422 0.0074652953453451 0.0075225161964429 0.0075557618630624 0.0075695900962108 0.0075650955755514 0.0075413429305361
0.0046261874359464 0.0035459042244821 0.003902515963952 0.0043440421341821 0.0047922101087319 0.0052219602198035 0.0056196333404555 0.0059780939751282 0.006294739285306 0.0065697084397012 0.0068044495474185 0.0070036320040854 0.0071628065068514 0.0072897494596146 0.0073877141872244 0.0074594943611793 0.00750710758043 0.0075348522792171 0.0075413429305361 0.0075331810936681
