0.010323641352852 -0.00053992871416349 0.00040575082800361 -0.0003115929762449 0.0002698977544828 -0.00013698227925823 8.1919580414285e-05 -4.4221958841949e-05 2.0324666390603e-05 -3.8693206556779e-06
-0.00053992871416349 0.0067459872535962 -0.0016311859077654 0.00097556329733288 -0.00071296786813728 0.00058201228835891 -0.0005296410008796 0.0004574767924063 -0.00040365994086194 0.00035814481657716
0.00040575082800361 -0.0016311859077654 0.0041828242310178 -0.0019081936578242 0.0012910432843709 -0.00099756590905706 0.00080212757969425 -0.00067392188501671 0.00057859431021751 -0.0005073463777856
-0.0003115929762449 0.00097556329733288 -0.0019081936578242 0.0028140940215895 -0.001885021898332 0.0014500305359216 -0.0011820863502521 0.00098670415988319 -0.00083771237792818 0.00072574833359508
0.0002698977544828 -0.00071296786813728 0.0012910432843709 -0.001885021898332 0.0020484543103957 -0.0016452055672084 0.001386801856257 -0.0011931424709426 0.0010355877676741 -0.00091186599728848
-0.00013698227925823 0.00058201228835891 -0.00099756590905706 0.0014500305359216 -0.0016452055672084 0.0016141973680501 -0.0014481620268631 0.0012929279305863 -0.0011563714769148 0.0010407406907754
8.1919580414285e-05 -0.0005296410008796 0.00080212757969425 -0.0011820863502521 0.001386801856257 -0.0014481620268631 0.0014169463181712 -0.001318620396324 0.0012131872448872 -0.0011159984845837
-4.4221958841949e-05 0.0004574767924063 -0.00067392188501671 0.00098670415988319 -0.0011931424709426 0.0012929279305863 -0.001318620396324 0.0012837401531862 -0.0012141270574399 0.0011398654680637
2.0324666390603e-05 -0.00040365994086194 0.00057859431021751 -0.00083771237792818 0.0010355877676741 -0.0011563714769148 0.0012131872448872 -0.0012141270574399 0.0011783616848983 -0.0011267734177735
-3.8693206556779e-06 0.00035814481657716 -0.0005073463777856 0.00072574833359508 -0.00091186599728848 0.0010407406907754 -0.0011159984845837 0.0011398654680637 -0.0011267734177735 0.0010949306491644
