3.1415926535898 2.8207563633178 -0.26654825412509 -2.0166248318096 0.74379831346196 -3.0773756591941 0.075103876783219 -3.0927096012824 0.014264439666546 -3.1034352223507
-2.8207563633178 3.1415926535898 -0.45704007206219 -2.6743186145967 0.17631127866452 2.6082285014473 -1.2163522451347 2.2797771298175 -1.2788060009214 1.7260231220195
0.26654825412509 0.45704007206219 3.1415926535898 0.0095019754420019 3.0069888706089 0.00099438948375419 -3.1102950388136 0.0070440516283394 3.1120155835584 -0.10401362793453
2.0166248318096 2.6743186145967 -0.0095019754420019 3.1415926535898 -0.012294003902647 3.0624449702462 -0.08717445496437 3.0610307455493 -0.067285782711683 3.089314667652
-0.74379831346196 -0.17631127866452 -3.0069888706089 0.012294003902647 3.1415926535898 0.0011349224169589 -3.1363599115348 0.0093165019329821 -3.127677874424 0.012131040634826
3.0773756591941 -2.6082285014473 -0.00099438948375419 -3.0624449702462 -0.0011349224169589 3.1415926535898 0.011952129728345 -3.121343414853 0.025699222966897 -3.1187873866981
-0.075103876783219 1.2163522451347 3.1102950388136 0.08717445496437 3.1363599115348 -0.011952129728345 3.1415926535898 -0.002440859817293 3.1414248474671 -0.003429602360116
3.0927096012824 -2.2797771298175 -0.0070440516283394 -3.0610307455493 -0.0093165019329821 3.121343414853 0.002440859817293 3.1415926535898 0.00094696749376019 3.1411895849664
-0.014264439666546 1.2788060009214 -3.1120155835584 0.067285782711683 3.127677874424 -0.025699222966897 -3.1414248474671 -0.00094696749376019 3.1415926535898 -0.0024026843316486
3.1034352223507 -1.7260231220195 0.10401362793453 -3.089314667652 -0.012131040634826 3.1187873866981 0.003429602360116 -3.1411895849664 0.0024026843316486 3.1415926535898
