0.10138378762969 0.00033876437747917 -0.00030304746808722 0.00024064239691092 -0.00019144900030339 0.00015664650046501 -0.00014723645524095 0.00013259705492221 -0.00011971641079763 0.00010859948337325
0.00033876437747917 0.0060682508228204 -0.0013313113218901 0.00076560356772275 -0.00057032816747687 0.00039398089793745 -0.00041617186047933 0.00038448301378982 -0.00035889572005539 0.0003354498297661
-0.00030304746808722 -0.0013313113218901 0.0081007807609027 -0.0018845389765471 0.0011789160542471 -0.00073908199252849 0.00060595772941325 -0.00049978637021994 0.00041103949890419 -0.00035053579369339
0.00024064239691092 0.00076560356772275 -0.0018845389765471 0.0062120058357609 -0.0023139628945099 0.0015383637834435 -0.0010996875951401 0.00092064173530384 -0.00078550113955749 0.00067250611837339
-0.00019144900030339 -0.00057032816747687 0.0011789160542471 -0.0023139628945099 0.0041246478765377 -0.0023996365248024 0.0017555879795196 -0.0013855593482577 0.0011458320551036 -0.00096601727692391
0.00015664650046501 0.00039398089793745 -0.00073908199252849 0.0015383637834435 -0.0023996365248024 0.0029337701195317 -0.0021944399111271 0.0017759472838096 -0.0014701138450405 0.0012526449280683
-0.00014723645524095 -0.00041617186047933 0.00060595772941325 -0.0010996875951401 0.0017555879795196 -0.0021944399111271 0.0022159213808741 -0.0018852031020358 0.0016179039703061 -0.0014023805592105
0.00013259705492221 0.00038448301378982 -0.00049978637021994 0.00092064173530384 -0.0013855593482577 0.0017759472838096 -0.0018852031020358 0.0018394356085041 -0.0016553678408093 0.0014788902579587
-0.00011971641079763 -0.00035889572005539 0.00041103949890419 -0.00078550113955749 0.0011458320551036 -0.0014701138450405 0.0016179039703061 -0.0016553678408093 0.0015855196609929 -0.0014648081226231
0.00010859948337325 0.0003354498297661 -0.00035053579369339 0.00067250611837339 -0.00096601727692391 0.0012526449280683 -0.0014023805592105 0.0014788902579587 -0.0014648081226231 0.0014026521812528
