0.0417227772097 -0.015510048342671 0.010558283691555 -0.0080274781703995 0.0065569827097494 -0.0054087167139515 0.004574153957458 -0.0039449385679491 0.0034232532491318 -0.0029927465281187
-0.015510048342671 0.018608108417589 -0.0085026588603411 0.0061146196380895 -0.0048380752657583 0.0038985769532883 -0.0032115797583809 0.0027226246494376 -0.0023446268362112 0.0020391026482921
0.010558283691555 -0.0085026588603411 0.011745354128292 -0.0076131127375117 0.0058473909963198 -0.0046339054548461 0.0037742090348143 -0.0031417703723322 0.0026471629601977 -0.0022597380009558
-0.0080274781703995 0.0061146196380895 -0.0076131127375117 0.0081848247542493 -0.0064906734153973 0.005269106103794 -0.0043806771299809 0.003713361460795 -0.0031869455202241 0.0027662936982728
0.0065569827097494 -0.0048380752657583 0.0058473909963198 -0.0064906734153973 0.0061790124544594 -0.0053433397512244 0.0046145012054341 -0.0040136893501972 0.0035152882442082 -0.0031040258355456
-0.0054087167139515 0.0038985769532883 -0.0046339054548461 0.005269106103794 -0.0053433397512244 0.0050247504564862 -0.00454382015516 0.0040762530543418 -0.0036538398155102 0.0032860773830207
0.004574153957458 -0.0032115797583809 0.0037742090348143 -0.0043806771299809 0.0046145012054341 -0.00454382015516 0.0042925205037244 -0.0039698680591829 0.00364398508537 -0.0033404082885048
-0.0039449385679491 0.0027226246494376 -0.0031417703723322 0.003713361460795 -0.0040136893501972 0.0040762530543418 -0.0039698680591829 0.0037711528713927 -0.0035376108555885 0.0033014827511237
0.0034232532491318 -0.0023446268362112 0.0026471629601977 -0.0031869455202241 0.0035152882442082 -0.0036538398155102 0.00364398508537 -0.0035376108555885 0.0033835082571459 -0.0032102141889882
-0.0029927465281187 0.0020391026482921 -0.0022597380009558 0.0027662936982728 -0.0031040258355456 0.0032860773830207 -0.0033404082885048 0.0033014827511237 -0.0032102141889882 0.0030914364750757
