0.00027574133648628 0.00024997330569859 0.00022159837960819 0.00017964633188803 0.00014966928768744 0.00012932847518995 0.00011696611309192 0.00010873332433923 0.00010283745199609 9.8120787968826e-05
0.00024997330569859 0.00021457801728828 0.00019460729547772 0.00015467329057295 0.00012756451599959 0.00011341251538681 0.00010482108344691 9.9446278585442e-05 9.5122632199852e-05 9.1468989884406e-05
0.00022159837960819 0.00019460729547772 0.00017821256444043 0.00013815747338525 0.00011411071282255 9.9601926906758e-05 9.0064562605588e-05 8.4076546041578e-05 7.9467515669481e-05 7.5856078902862e-05
0.00017964633188803 0.00015467329057295 0.00013815747338525 0.00011156030563046 9.3765003883124e-05 8.3066760824168e-05 7.5665432245887e-05 7.0619220879231e-05 6.6772644760435e-05 6.3773741119332e-05
0.00014966928768744 0.00012756451599959 0.00011411071282255 9.3765003883124e-05 7.4735854324346e-05 6.7389306191185e-05 6.1249599029979e-05 5.6939641254073e-05 5.3743196852631e-05 5.1355163902684e-05
0.00012932847518995 0.00011341251538681 9.9601926906758e-05 8.3066760824168e-05 6.7389306191185e-05 5.9982977366382e-05 5.4049914309842e-05 5.024796918878e-05 4.7314785990174e-05 4.513707366209e-05
0.00011696611309192 0.00010482108344691 9.0064562605588e-05 7.5665432245887e-05 6.1249599029979e-05 5.4049914309842e-05 4.8967367109245e-05 4.5874718253876e-05 4.3535818802786e-05 4.180413018728e-05
0.00010873332433923 9.9446278585442e-05 8.4076546041578e-05 7.0619220879231e-05 5.6939641254073e-05 5.024796918878e-05 4.5874718253876e-05 4.3379001240713e-05 4.151320120499e-05 4.01186619921e-05
0.00010283745199609 9.5122632199852e-05 7.9467515669481e-05 6.6772644760435e-05 5.3743196852631e-05 4.7314785990174e-05 4.3535818802786e-05 4.151320120499e-05 3.9965648229739e-05 3.8793138074122e-05
9.8120787968826e-05 9.1468989884406e-05 7.5856078902862e-05 6.3773741119332e-05 5.1355163902684e-05 4.513707366209e-05 4.180413018728e-05 4.01186619921e-05 3.8793138074122e-05 3.7781185643804e-05
