0.10138380265496 0.00034452707898858 -0.00029695546284419 0.00022820075662472 -0.00019608339602819 0.00016782388351664 -0.00014994780788361 0.00013217691515031 -0.00011499257350056 0.00010227769636957
0.00034452707898858 0.0061679197303123 -0.001226117962575 0.00073411826986686 -0.00061470174503761 0.00039252555904762 -0.00039098898402507 0.000379240312602 -0.00032558118511407 0.00028072331016027
-0.00029695546284419 -0.001226117962575 0.0080335362547692 -0.001765872495128 0.0011851534065584 -0.00085330927432942 0.00067052520880426 -0.00056096011077611 0.00045604157785912 -0.00036866460362626
0.00022820075662472 0.00073411826986686 -0.001765872495128 0.006084240440582 -0.0022490003764533 0.0014723897660429 -0.0010027768687712 0.00082242926501763 -0.00066349778648987 0.00055430287919427
-0.00019608339602819 -0.00061470174503761 0.0011851534065584 -0.0022490003764533 0.0039060593983378 -0.0022756143164957 0.0016432383294201 -0.0012837667385544 0.0010478209996485 -0.00089197222173497
0.00016782388351664 0.00039252555904762 -0.00085330927432942 0.0014723897660429 -0.0022756143164957 0.0028950974269547 -0.0021664742415104 0.0017317035149653 -0.0014186879533048 0.0012067293139659
-0.00014994780788361 -0.00039098898402507 0.00067052520880426 -0.0010027768687712 0.0016432383294201 -0.0021664742415104 0.0022326170277747 -0.0019020201195998 0.0016225048856502 -0.0014090608275622
0.00013217691515031 0.000379240312602 -0.00056096011077611 0.00082242926501763 -0.0012837667385544 0.0017317035149653 -0.0019020201195998 0.0018577721881119 -0.0016651748137852 0.0014953487483938
-0.00011499257350056 -0.00032558118511407 0.00045604157785912 -0.00066349778648987 0.0010478209996485 -0.0014186879533048 0.0016225048856502 -0.0016651748137852 0.0015868314017143 -0.0014749053445756
0.00010227769636957 0.00028072331016027 -0.00036866460362626 0.00055430287919427 -0.00089197222173497 0.0012067293139659 -0.0014090608275622 0.0014953487483938 -0.0014749053445756 0.0014198204999272
