2.1422631315044e-05 9.649397088189e-05 8.2406251254663e-05 6.7193888710657e-05 5.8478162750964e-05 5.4941042563659e-05 5.2427100844226e-05 5.0758329018917e-05 4.948101885477e-05 4.8345728717307e-05
9.649397088189e-05 0.00041405756522351 0.00035133931412841 0.0002797242119034 0.00024808798457855 0.00023328487444448 0.00022046496428529 0.00021000867977125 0.00020171512078193 0.00019490726354614
8.2406251254663e-05 0.00035133931412841 0.00031073117158921 0.00026975927772569 0.00023767405003158 0.00022084643226309 0.00020806788160892 0.00019805087208642 0.0001899320532252 0.00018283976389742
6.7193888710657e-05 0.0002797242119034 0.00026975927772569 0.00022890471687435 0.00020387359051982 0.00018923182524592 0.00017682671569282 0.00016722729949226 0.00015995665424701 0.00015396157242744
5.8478162750964e-05 0.00024808798457855 0.00023767405003158 0.00020387359051982 0.00018578123729965 0.00017491968517967 0.00016335087865209 0.0001534798149345 0.00014618420798701 0.0001402688306022
5.4941042563659e-05 0.00023328487444448 0.00022084643226309 0.00018923182524592 0.00017491968517967 0.0001643725582103 0.00015371640238525 0.00014486172019559 0.00013837175991004 0.00013308955021955
5.2427100844226e-05 0.00022046496428529 0.00020806788160892 0.00017682671569282 0.00016335087865209 0.00015371640238525 0.00014484261564969 0.00013781542369648 0.00013264439366322 0.00012826289781177
5.0758329018917e-05 0.00021000867977125 0.00019805087208642 0.00016722729949226 0.0001534798149345 0.00014486172019559 0.00013781542369648 0.0001325795031399 0.00012866577408818 0.00012513522872783
4.948101885477e-05 0.00020171512078193 0.0001899320532252 0.00015995665424701 0.00014618420798701 0.00013837175991004 0.00013264439366322 0.00012866577408818 0.00012568414644239 0.00012285011466717
4.8345728717307e-05 0.00019490726354614 0.00018283976389742 0.00015396157242744 0.0001402688306022 0.00013308955021955 0.00012826289781177 0.00012513522872783 0.00012285011466717 0.00012060240040546
