0 3.0748441463194 0.0033427322691231 -3.1331349956045 0.011937480325729 -3.1128569955395 0.027246746378568 -3.114419478309 0.026591717968412 -3.1127834809018
-3.0748441463194 0 -3.0951376312831 0.033865741559932 -3.1391134883843 0.011020874124 -3.1195149195231 0.031917887632505 -3.0990950283446 0.058860668705195
-0.0033427322691231 3.0951376312831 0 -3.1415212820421 -0.0088290254454525 3.1201705976884 -0.024176660670954 3.1192749055225 -0.016397722345488 3.1340843055331
3.1331349956045 -0.033865741559932 3.1415212820421 0 3.1378628425924 -0.024235128046938 3.1101154758565 -0.037793537204234 3.1005001949779 -0.041561479111075
-0.011937480325729 3.1391134883843 0.0088290254454525 -3.1378628425924 0 3.1264907400719 -0.01759820920574 3.1219844362471 -0.020145763761028 3.1216520189152
3.1128569955395 -0.011020874124 -3.1201705976884 0.024235128046938 -3.1264907400719 0 3.1385385025965 -0.0062426751628151 3.1338219042356 -0.0082957160743703
-0.027246746378568 3.1195149195231 0.024176660670954 -3.1101154758565 0.01759820920574 -3.1385385025965 0 3.137186946975 -0.0064064356048219 3.1343575991678
3.114419478309 -0.031917887632505 -3.1192749055225 0.037793537204234 -3.1219844362471 0.0062426751628151 -3.137186946975 0 3.1398715882022 -0.0023208877128718
-0.026591717968412 3.0990950283446 0.016397722345488 -3.1005001949779 0.020145763761028 -3.1338219042356 0.0064064356048219 -3.1398715882022 0 3.1411403367022
3.1127834809018 -0.058860668705195 -3.1340843055331 0.041561479111075 -3.1216520189152 0.0082957160743703 -3.1343575991678 0.0023208877128718 -3.1411403367022 0
