-0.00048453374968067 -0.0013401681695068 0.00079804880294616 -0.00055245740775416 0.00050659815928993 -0.0004284314453488 0.00039088617990224 -0.0003559253929938 0.00032983366760792 -0.00030744445449065
-0.0013401681695068 -0.01001128930277 0.001986192681623 -0.0010896945392714 0.00085435039728676 -0.00053647341654497 0.0004145343458792 -0.00035002612701421 0.00030603192979745 -0.00027562112067308
0.00079804880294616 0.001986192681623 -0.0083640682684086 0.0030479814431096 -0.0020347433336861 0.0014703351024432 -0.0012047092658818 0.0010100549413144 -0.00089333174169951 0.00081170422011655
-0.00055245740775416 -0.0010896945392714 0.0030479814431096 -0.0056748657760283 0.0036188318158823 -0.0027289299930674 0.0021964532869024 -0.0018522060793587 0.0016032107477797 -0.0014108623046883
0.00050659815928993 0.00085435039728676 -0.0020347433336861 0.0036188318158823 -0.0043761342485806 0.00348529226131 -0.0029271625225875 0.002503723447877 -0.0021916956813201 0.0019443951332913
-0.0004284314453488 -0.00053647341654497 0.0014703351024432 -0.0027289299930674 0.00348529226131 -0.0035583695704091 0.0031761066851557 -0.0028093197434837 0.0025013635671269 -0.002245112143699
0.00039088617990224 0.0004145343458792 -0.0012047092658818 0.0021964532869024 -0.0029271625225875 0.0031761066851557 -0.003103351138535 0.0028668345652031 -0.0026248009136067 0.0024021324519649
-0.0003559253929938 -0.00035002612701421 0.0010100549413144 -0.0018522060793587 0.002503723447877 -0.0028093197434837 0.0028668345652031 -0.0027672262763658 0.0026043033764753 -0.0024310840698887
0.00032983366760792 0.00030603192979745 -0.00089333174169951 0.0016032107477797 -0.0021916956813201 0.0025013635671269 -0.0026248009136067 0.0026043033764753 -0.0025140613638117 0.002391753365175
-0.00030744445449065 -0.00027562112067308 0.00081170422011655 -0.0014108623046883 0.0019443951332913 -0.002245112143699 0.0024021324519649 -0.0024310840698887 0.002391753365175 -0.0023142810480417
