-0.0061950299477354 9.8159226017486e-05 -0.00016108580977475 0.00018268422530294 -0.00010869311749492 6.5507328668991e-05 -1.3993061885681e-05 6.2300542544398e-06 4.4327262863667e-06 -1.2814764221477e-05
9.8159226017486e-05 -0.0086349494009662 0.0018259882834434 -0.00099705131700316 0.00060189920156781 -0.00035828210424241 0.00031761703700724 -0.00025055580536711 0.00020930887341279 -0.00017626944697601
-0.00016108580977475 0.0018259882834434 -0.0076904899964087 0.0029700565761423 -0.0018546575452611 0.001290027852769 -0.00098501634863912 0.00078342478604482 -0.00062537646640231 0.00051897943762008
0.00018268422530294 -0.00099705131700316 0.0029700565761423 -0.0057640424730945 0.0033985565556513 -0.0024271162162116 0.0018717304756233 -0.0015475343352292 0.0013174042198428 -0.0011407094030099
-0.00010869311749492 0.00060189920156781 -0.0018546575452611 0.0033985565556513 -0.0040694043376045 0.0031215046407086 -0.0025348304298501 0.0021354221728103 -0.0018416436555835 0.0016140491319792
6.5507328668991e-05 -0.00035828210424241 0.001290027852769 -0.0024271162162116 0.0031215046407086 -0.0031668033043706 0.0027715055003241 -0.002433743107263 0.0021568886624578 -0.0019314132443427
-1.3993061885681e-05 0.00031761703700724 -0.00098501634863912 0.0018717304756233 -0.0025348304298501 0.0027715055003241 -0.0027224928843923 0.0025167954846157 -0.002304094882744 0.0021115979995848
6.2300542544398e-06 -0.00025055580536711 0.00078342478604482 -0.0015475343352292 0.0021354221728103 -0.002433743107263 0.0025167954846157 -0.002451349779078 0.0023162797827698 -0.0021719165665364
4.4327262863667e-06 0.00020930887341279 -0.00062537646640231 0.0013174042198428 -0.0018416436555835 0.0021568886624578 -0.002304094882744 0.0023162797827698 -0.0022536890570652 0.0021589883167873
-1.2814764221477e-05 -0.00017626944697601 0.00051897943762008 -0.0011407094030099 0.0016140491319792 -0.0019314132443427 0.0021115979995848 -0.0021719165665364 0.0021589883167873 -0.0021070456706631
