0.020868051832811 -0.0045016754076782 0.0031773895123342 -0.0025063504143551 0.0019987614955467 -0.0016798702021682 0.001424746912429 -0.0012159002644487 0.001039012689928 -0.00088861244053936
-0.0045016754076782 0.0096940058014828 -0.0047364899598438 0.0032040332001258 -0.0023888029803986 0.0019022525226259 -0.0015562678030254 0.0013002951804327 -0.001103990931817 0.00094838178882791
0.0031773895123342 -0.0047364899598438 0.0060171574670035 -0.004418780163343 0.0034632433529946 -0.0028516048141153 0.0023962664646606 -0.0020471303823083 0.0017720181932245 -0.0015482108656678
-0.0025063504143551 0.0032040332001258 -0.004418780163343 0.0045013888078517 -0.0038301439139318 0.0033050065984673 -0.0028641183563701 0.0025039751300108 -0.0022072566957016 0.0019597703215216
0.0019987614955467 -0.0023888029803986 0.0034632433529946 -0.0038301439139318 0.0036744253610057 -0.0033643199533698 0.0030344136372431 -0.0027351568626939 0.002470404819658 -0.0022391863163469
-0.0016798702021682 0.0019022525226259 -0.0028516048141153 0.0033050065984673 -0.0033643199533698 0.0032544288461419 -0.0030440222449277 0.0028202620327332 -0.0026029662518625 0.0024017175801546
0.001424746912429 -0.0015562678030254 0.0023962664646606 -0.0028641183563701 0.0030344136372431 -0.0030440222449277 0.0029418268272596 -0.0027951756379419 0.0026323343855646 -0.0024694209298903
-0.0012159002644487 0.0013002951804327 -0.0020471303823083 0.0025039751300108 -0.0027351568626939 0.0028202620327332 -0.0027951756379419 0.0027139291704188 -0.0026017606894817 0.0024772724713647
0.001039012689928 -0.001103990931817 0.0017720181932245 -0.0022072566957016 0.002470404819658 -0.0026029662518625 0.0026323343855646 -0.0026017606894817 0.0025328914211046 -0.0024435198571847
-0.00088861244053936 0.00094838178882791 -0.0015482108656678 0.0019597703215216 -0.0022391863163469 0.0024017175801546 -0.0024694209298903 0.0024772724713647 -0.0024435198571847 0.002385507543549
