3.1415926535898 0.14922643716503 2.9264710651313 0.11157528387606 -2.9743350441966 0.33568578423118 -2.7605641442329 0.44761646639531 -2.6489822065333 0.54568848056543
-0.14922643716503 3.1415926535898 0.012604671137034 -3.1241519365914 -0.083793191472373 3.0648233003816 -0.081733845348682 3.0277277748513 -0.1295670995109 2.9815381166911
-2.9264710651313 -0.012604671137034 3.1415926535898 0.0038942213981678 3.0945332946359 -0.04165028312321 3.0833132510621 -0.083091836633849 3.0289384422518 -0.13773437233579
-0.11157528387606 3.1241519365914 -0.0038942213981678 3.1415926535898 0.002146687297455 -3.1389414402697 -0.015522488900942 3.1150530360513 -0.039804097992971 3.092315583477
2.9743350441966 0.083793191472373 -3.0945332946359 -0.002146687297455 3.1415926535898 0.0050761504279441 3.1330895719388 -0.018810686254834 3.1105332653925 -0.040561884873341
-0.33568578423118 -3.0648233003816 0.04165028312321 3.1389414402697 -0.0050761504279441 3.1415926535898 -0.013816015774372 3.1176104728894 -0.035223763457438 3.0975737766944
2.7605641442329 0.081733845348682 -3.0833132510621 0.015522488900942 -3.1330895719388 0.013816015774372 3.1415926535898 -0.0092532898197348 3.1223090898809 -0.027780621410525
-0.44761646639531 -3.0277277748513 0.083091836633849 -3.1150530360513 0.018810686254834 -3.1176104728894 0.0092532898197348 3.1415926535898 -0.0092913437514996 3.1244463646122
2.6489822065333 0.1295670995109 -3.0289384422518 0.039804097992971 -3.1105332653925 0.035223763457438 -3.1223090898809 0.0092913437514996 3.1415926535898 -0.0075883168749081
-0.54568848056543 -2.9815381166911 0.13773437233579 -3.092315583477 0.040561884873341 -3.0975737766944 0.027780621410525 -3.1244463646122 0.0075883168749081 3.1415926535898
