0 3.0905664017088 -0.094974703177895 3.0816595988528 -0.094324852041035 3.0207272132241 -0.14305776693629 2.9876970762318 -0.16337891090873 2.9700214839748
-3.0905664017088 0 3.0779826578211 -0.083995122033234 3.019680473247 -0.10750742754572 3.0318030446106 -0.10766279750042 3.037831501977 -0.10023693578439
0.094974703177895 -3.0779826578211 0 3.1198492116267 -0.020088684629678 3.1179612226297 -0.018783538612913 3.131725765243 -0.00092894549208875 -3.1375541384026
-3.0816595988528 0.083995122033234 -3.1198492116267 0 3.1379073977529 -0.0050068344688332 3.1365399181358 -0.0047786486705677 3.1395393669259 0.00077813071359298
0.094324852041035 -3.019680473247 0.020088684629678 -3.1379073977529 0 3.136577819495 -0.0061054766282184 3.1373684302487 -0.001556090971138 -3.1406031836919
-3.0207272132241 0.10750742754572 -3.1179612226297 0.0050068344688332 -3.136577819495 0 -3.1412192533991 0.0028041384324 -3.1362873138059 0.0072796510151363
0.14305776693629 -3.0318030446106 0.018783538612913 -3.1365399181358 0.0061054766282184 3.1412192533991 0 -3.1394199635885 0.0041700670020181 -3.1358232075828
-2.9876970762318 0.10766279750042 -3.131725765243 0.0047786486705677 -3.1373684302487 -0.0028041384324 3.1394199635885 0 -3.1397355479411 0.0033325654734392
0.16337891090873 -3.037831501977 0.00092894549208875 -3.1395393669259 0.001556090971138 3.1362873138059 -0.0041700670020181 3.1397355479411 0 -3.1402115795995
-2.9700214839748 0.10023693578439 3.1375541384026 -0.00077813071359298 3.1406031836919 -0.0072796510151363 3.1358232075828 -0.0033325654734392 3.1402115795995 0
