0 3.0935105615179 0.047400528578793 3.1178890601324 -0.069525356717358 3.0284282738455 -0.2157252412189 2.8341376375687 -0.40409702744692 2.6508572331651
-3.0935105615179 0 -3.1169793852552 -0.061461320531537 3.07243361899 -0.051076183490154 3.1273402215434 0.0055809360509639 -3.1242336108452 0.032873620575207
-0.047400528578793 3.1169793852552 0 3.1153991791086 -0.019123095952428 3.1404964791106 0.0036732722448818 -3.1301036695108 0.018375890216653 -3.1116974072173
-3.1178890601324 0.061461320531537 -3.1153991791086 0 -3.126462605868 0.03094061780344 -3.1066680409796 0.036155860641773 -3.1045217211461 0.041057447414436
0.069525356717358 -3.07243361899 0.019123095952428 3.126462605868 0 -3.127393481327 0.017155187854634 -3.1237568430787 0.018228256662222 -3.1211996832587
-3.0284282738455 0.051076183490154 -3.1404964791106 -0.03094061780344 3.127393481327 0 -3.1390548700465 0.0030152712006164 -3.1385711550628 0.0043261493325863
0.2157252412189 -3.1273402215434 -0.0036732722448818 3.1066680409796 -0.017155187854634 3.1390548700465 0 -3.1412928583517 0.00022925721393064 -3.1403578995054
-2.8341376375687 -0.0055809360509639 3.1301036695108 -0.036155860641773 3.1237568430787 -0.0030152712006164 3.1412928583517 0 3.1414044824654 0.00058209539954955
0.40409702744692 3.1242336108452 -0.018375890216653 3.1045217211461 -0.018228256662222 3.1385711550628 -0.00022925721393064 -3.1414044824654 0 -3.1409514875817
-2.6508572331651 -0.032873620575207 3.1116974072173 -0.041057447414436 3.1211996832587 -0.0043261493325863 3.1403578995054 -0.00058209539954955 3.1409514875817 0
