0.00033877453036233 0.0003077581050373 0.00028009815267473 0.00023266627007145 0.0001903998857616 0.00016591453982817 0.00015017601046607 0.00014026990189856 0.00013302477952627 0.00012714137829539
0.0003077581050373 0.00027177680850505 0.00025854939155817 0.0002060808368531 0.00017310969282458 0.00014943039843805 0.00013582328806276 0.00012628476332157 0.0001190918873384 0.00011325356325785
0.00028009815267473 0.00025854939155817 0.0002151684875363 0.00018240506851599 0.00015256405087406 0.00013139107006339 0.00012115753188717 0.00011330918114899 0.00010665952670132 0.00010126583525435
0.00023266627007145 0.0002060808368531 0.00018240506851599 0.00014893549588717 0.00012324135429602 0.00010811393330917 9.8561237468459e-05 9.2278025264977e-05 8.7403060777956e-05 8.3609971931009e-05
0.0001903998857616 0.00017310969282458 0.00015256405087406 0.00012324135429602 0.00010484073766215 9.0464246410528e-05 8.1982203202933e-05 7.7121873603234e-05 7.3227600185204e-05 7.0257038210181e-05
0.00016591453982817 0.00014943039843805 0.00013139107006339 0.00010811393330917 9.0464246410528e-05 7.7796103678838e-05 7.0534249429615e-05 6.6332900551781e-05 6.3138670733678e-05 6.0728639316796e-05
0.00015017601046607 0.00013582328806276 0.00012115753188717 9.8561237468459e-05 8.1982203202933e-05 7.0534249429615e-05 6.4843232676446e-05 6.1398565936301e-05 5.8811760876165e-05 5.6587871511579e-05
0.00014026990189856 0.00012628476332157 0.00011330918114899 9.2278025264977e-05 7.7121873603234e-05 6.6332900551781e-05 6.1398565936301e-05 5.8289410881254e-05 5.5993829016558e-05 5.3946973900636e-05
0.00013302477952627 0.0001190918873384 0.00010665952670132 8.7403060777956e-05 7.3227600185204e-05 6.3138670733678e-05 5.8811760876165e-05 5.5993829016558e-05 5.3926333114585e-05 5.2049334430233e-05
0.00012714137829539 0.00011325356325785 0.00010126583525435 8.3609971931009e-05 7.0257038210181e-05 6.0728639316796e-05 5.6587871511579e-05 5.3946973900636e-05 5.2049334430233e-05 5.0317616751907e-05
