0 3.0914568814674 -0.1195521866996 3.08818229704 0.040636695588362 -2.9569797127078 0.2020497078733 -2.9361503504919 0.1488938014003 -3.0584067131435
-3.0914568814674 0 3.0784364295034 -0.13604078385511 3.0337424047659 -0.11306326855429 2.9778868811602 -0.18694801378652 2.9211227266335 -0.23469294927767
0.1195521866996 -3.0784364295034 0 3.1079640756817 -0.0066547008587207 -3.1249981783324 0.0237085442562 -3.1197991234882 0.017767592998405 -3.1261931916517
-3.08818229704 0.13604078385511 -3.1079640756817 0 -3.1255661966358 0.021359294506579 -3.1178372611391 0.021941085497325 -3.1213253624275 0.018877869659406
-0.040636695588362 -3.0337424047659 0.0066547008587207 3.1255661966358 0 3.1414508707137 0.0011924076694534 -3.1402184138596 0.0017676673016496 -3.1388783415627
2.9569797127078 0.11306326855429 3.1249981783324 -0.021359294506579 -3.1414508707137 0 -3.1399156743372 0.0027051244508674 -3.1367250073123 0.0079922529281948
-0.2020497078733 -2.9778868811602 -0.0237085442562 3.1178372611391 -0.0011924076694534 3.1399156743372 0 -3.1408143209106 0.0027568216715828 -3.13600891698
2.9361503504919 0.18694801378652 3.1197991234882 -0.021941085497325 3.1402184138596 -0.0027051244508674 3.1408143209106 0 -3.1398940433701 0.0039755973602875
-0.1488938014003 -2.9211227266335 -0.017767592998405 3.1213253624275 -0.0017676673016496 3.1367250073123 -0.0027568216715828 3.1398940433701 0 -3.1394757539297
3.0584067131435 0.23469294927767 3.1261931916517 -0.018877869659406 3.1388783415627 -0.0079922529281948 3.13600891698 -0.0039755973602875 3.1394757539297 0
