0.019305529727048 -0.0040684694341033 0.0027653085203439 -0.0020716347191005 0.0015991466816082 -0.0013192553090484 0.0011327708326677 -0.00099477468823591 0.00088313157829745 -0.00078871771706915
-0.0040684694341033 0.0097959750285537 -0.0047482522763565 0.0033766064318572 -0.0026414490001406 0.0021362166685312 -0.0017878277775659 0.0015296833616456 -0.001326970476243 0.0011581060805226
0.0027653085203439 -0.0047482522763565 0.0061168749813561 -0.0044826789331233 0.0035406510567999 -0.0029097158235954 0.0024634824172294 -0.002126607838853 0.0018608721605619 -0.0016398148970394
-0.0020716347191005 0.0033766064318572 -0.0044826789331233 0.004552779046092 -0.003872921422557 0.0033081781061725 -0.0028739527095533 0.0025201534619288 -0.0022278237309119 0.0019821610667442
0.0015991466816082 -0.0026414490001406 0.0035406510567999 -0.003872921422557 0.0037164396702691 -0.0033504506813339 0.0030144561192025 -0.0027141408020595 0.002449294519123 -0.0022169650257489
-0.0013192553090484 0.0021362166685312 -0.0029097158235954 0.0033081781061725 -0.0033504506813339 0.0031959193697191 -0.0029833093074875 0.0027594106614191 -0.0025440093609055 0.0023435249255046
0.0011327708326677 -0.0017878277775659 0.0024634824172294 -0.0028739527095533 0.0030144561192025 -0.0029833093074875 0.0028799003579553 -0.0027322014231479 0.0025701395663299 -0.0024076195255456
-0.00099477468823591 0.0015296833616456 -0.002126607838853 0.0025201534619288 -0.0027141408020595 0.0027594106614191 -0.0027322014231479 0.002650031017548 -0.0025383197532051 0.0024141074118532
0.00088313157829745 -0.001326970476243 0.0018608721605619 -0.0022278237309119 0.002449294519123 -0.0025440093609055 0.0025701395663299 -0.0025383197532051 0.0024696212332348 -0.0023804605415141
-0.00078871771706915 0.0011581060805226 -0.0016398148970394 0.0019821610667442 -0.0022169650257489 0.0023435249255046 -0.0024076195255456 0.0024141074118532 -0.0023804605415141 0.0023236658318738
