0.00071718195491927 0.00045925988723379 0.00036636350233261 0.0003126744060724 0.00028978436772879 0.0002740461955541 0.00026284945363471 0.00025441444825317 0.00024770625282914 0.00024212277294263
0.00045925988723379 0.0002919437571123 0.00023113232569704 0.00019665529693394 0.0001813223947152 0.00017200752195281 0.00016412816535043 0.00015769406380752 0.00015248128909289 0.00014822496696142
0.00036636350233261 0.00023113232569704 0.0001822037866835 0.00016027678204024 0.0001512363753132 0.00014492910995592 0.00013928493541995 0.00013450803997757 0.00013060814718195 0.00012740424721037
0.0003126744060724 0.00019665529693394 0.00016027678204024 0.00014291444721111 0.00013432473111937 0.00012841656301123 0.00012330615323591 0.00011904848988421 0.00011563957175236 0.00011285151942888
0.00028978436772879 0.0001813223947152 0.0001512363753132 0.00013432473111937 0.00012556279868072 0.00012008133414366 0.00011557251517068 0.00011180789481058 0.00010876651852686 0.00010624322198347
0.0002740461955541 0.00017200752195281 0.00014492910995592 0.00012841656301123 0.00012008133414366 0.00011478404093964 0.00011056683942464 0.00010705709032141 0.00010422837439677 0.00010187039430921
0.00026284945363471 0.00016412816535043 0.00013928493541995 0.00012330615323591 0.00011557251517068 0.00011056683942464 0.00010660925644793 0.00010334094158967 0.00010071628614991 9.8526935549693e-05
0.00025441444825317 0.00015769406380752 0.00013450803997757 0.00011904848988421 0.00011180789481058 0.00010705709032141 0.00010334094158967 0.0001003080173412 9.7895289836353e-05 9.5887054350147e-05
0.00024770625282914 0.00015248128909289 0.00013060814718195 0.00011563957175236 0.00010876651852686 0.00010422837439677 0.00010071628614991 9.7895289836353e-05 9.5689175131207e-05 9.3867775565656e-05
0.00024212277294263 0.00014822496696142 0.00012740424721037 0.00011285151942888 0.00010624322198347 0.00010187039430921 9.8526935549693e-05 9.5887054350147e-05 9.3867775565656e-05 9.2220319788485e-05
