3.1415926535898 -2.4684022413878 0.38334489919026 -2.2135810930556 0.31531053373088 2.9907955861693 -0.60948113094413 2.1494691157956 -1.0388018389065 2.1537572043608
2.4684022413878 3.1415926535898 0.16558846733206 -3.0141913061464 0.52993458408142 -2.8262200888755 0.076381271953661 -2.9653858683354 0.12729800158806 3.1118909324553
-0.38334489919026 -0.16558846733206 3.1415926535898 -0.0027099866197226 3.0679751959384 -0.080071148235366 3.0886351443452 -0.029775938657826 3.0956100300275 -0.066387355978572
2.2135810930556 3.0141913061464 0.0027099866197226 3.1415926535898 0.0072859888915103 -3.129123940041 -0.045659842748928 3.104981080543 -0.038567942884696 3.0924263441938
-0.31531053373088 -0.52993458408142 -3.0679751959384 -0.0072859888915103 3.1415926535898 0.0011648528477431 3.1313820238878 0.00022863799718149 -3.1347152352357 0.01358955570359
-2.9907955861693 2.8262200888755 0.080071148235366 3.129123940041 -0.0011648528477431 3.1415926535898 -0.0023939787200192 -3.1319824338463 0.01954152561661 -3.1120217949707
0.60948113094413 -0.076381271953661 -3.0886351443452 0.045659842748928 -3.1313820238878 0.0023939787200192 3.1415926535898 0.0026860891293572 -3.1346826549019 0.008892854244114
-2.1494691157956 2.9653858683354 0.029775938657826 -3.104981080543 -0.00022863799718149 3.1319824338463 -0.0026860891293572 3.1415926535898 0.0012775198354331 -3.1405431366976
1.0388018389065 -0.12729800158806 -3.0956100300275 0.038567942884696 3.1347152352357 -0.01954152561661 3.1346826549019 -0.0012775198354331 3.1415926535898 -0.00036767872665561
-2.1537572043608 -3.1118909324553 0.066387355978572 -3.0924263441938 -0.01358955570359 3.1120217949707 -0.008892854244114 3.1405431366976 0.00036767872665561 3.1415926535898
