0.10140934165514 0.00055136637464496 -0.00044034075269532 0.00032142332819144 -0.00026500218454726 0.00022795074982872 -0.00019869926197803 0.00018097929710394 -0.00016690870727826 0.00015688834308122
0.00055136637464496 0.0097846022776779 -0.0015830082190776 0.00084554580634691 -0.00072523127047879 0.00043874013773498 -0.0003542933363104 0.00032598321052819 -0.00029092854608678 0.00027271294792815
-0.00044034075269532 -0.0015830082190776 0.010645525746186 -0.0037830555637536 0.0020749573063367 -0.0016129927720134 0.0012369452543966 -0.00096480571303571 0.00079307132523565 -0.00068659809097497
0.00032142332819144 0.00084554580634691 -0.0037830555637536 0.0072884596556327 -0.004174162181207 0.0032098900813705 -0.0026007116681615 0.0021521437304945 -0.0018088511424774 0.0015562319586054
-0.00026500218454726 -0.00072523127047879 0.0020749573063367 -0.004174162181207 0.0051194141035577 -0.0041104145256659 0.0033542733008067 -0.0028000180975666 0.002364701419755 -0.002026887736242
0.00022795074982872 0.00043874013773498 -0.0016129927720134 0.0032098900813705 -0.0041104145256659 0.0043332141675253 -0.0038324660561863 0.003334395426457 -0.0029096802652814 0.0025562954615948
-0.00019869926197803 -0.0003542933363104 0.0012369452543966 -0.0026007116681615 0.0033542733008067 -0.0038324660561863 0.0037569296716137 -0.0034439457794462 0.0031072768707306 -0.0028003884795485
0.00018097929710394 0.00032598321052819 -0.00096480571303571 0.0021521437304945 -0.0028000180975666 0.003334395426457 -0.0034439457794462 0.0033293313916265 -0.0031133431493933 0.0028827709178029
-0.00016690870727826 -0.00029092854608678 0.00079307132523565 -0.0018088511424774 0.002364701419755 -0.0029096802652814 0.0031072768707306 -0.0031133431493933 0.0030051337990046 -0.0028516308313687
0.00015688834308122 0.00027271294792815 -0.00068659809097497 0.0015562319586054 -0.002026887736242 0.0025562954615948 -0.0028003884795485 0.0028827709178029 -0.0028516308313687 0.0027640796701492
