0.00051052579903245 0.0025392656561096 0.0030128096227248 0.0023706431982463 0.002221971300006 0.0015915419245662 0.0014415635203931 0.0012642457378783 0.001204542101537 0.001123634872943
0.0025392656561096 0.0010297337651175 0.00079493971902317 0.00048873698441781 0.00051038783535065 0.00039613892163598 0.00039589286926683 0.00034867622478264 0.0003686672539167 0.00035001009206526
0.0030128096227248 0.00079493971902317 0.0015385411123798 0.00079139219691874 0.00052606184958258 0.00043239872602941 0.00040075633040988 0.00032034713507577 0.00031226168493322 0.00030050664764053
0.0023706431982463 0.00048873698441781 0.00079139219691874 0.0006631983139327 0.00047996486082522 0.00038459559002349 0.00036579139825421 0.0003040014597996 0.00028902976002828 0.0002776829429076
0.002221971300006 0.00051038783535065 0.00052606184958258 0.00047996486082522 0.00055403983405992 0.0003512009502989 0.00031881496893824 0.00028848159693702 0.00027584459833543 0.00025311397119723
0.0015915419245662 0.00039613892163598 0.00043239872602941 0.00038459559002349 0.0003512009502989 0.00029480696369238 0.0002475026385785 0.00021481247067389 0.00019682481372441 0.00017675094836614
0.0014415635203931 0.00039589286926683 0.00040075633040988 0.00036579139825421 0.00031881496893824 0.0002475026385785 0.0002599682127988 0.00022278075887738 0.00019801064112678 0.00017946388689499
0.0012642457378783 0.00034867622478264 0.00032034713507577 0.0003040014597996 0.00028848159693702 0.00021481247067389 0.00022278075887738 0.00021345259978946 0.00019436081613389 0.00017718703556285
0.001204542101537 0.0003686672539167 0.00031226168493322 0.00028902976002828 0.00027584459833543 0.00019682481372441 0.00019801064112678 0.00019436081613389 0.00018696863449344 0.00017283272163242
0.001123634872943 0.00035001009206526 0.00030050664764053 0.0002776829429076 0.00025311397119723 0.00017675094836614 0.00017946388689499 0.00017718703556285 0.00017283272163242 0.00016194250752889
