0 -3.1411297616219 0.0038688500236928 -3.1340150557228 0.011635324892908 -3.1250200384701 0.023137776326636 -3.1092656858851 0.045427717680677 -3.0771235754483
3.1411297616219 0 -3.1398969930623 0.0039590764973819 -3.134605161907 0.011152871577011 -3.1246846797908 0.024816172436857 -3.1059853916468 0.050321335888368
-0.0038688500236928 3.1398969930623 0 -3.1394862482129 0.0049649731746389 -3.1327169765952 0.014137535503511 -3.1204544307588 0.03032170487248 -3.099250094051
3.1340150557228 -0.0039590764973819 3.1394862482129 0 -3.1387998343993 0.0065149575119137 -3.1302276775103 0.017617837547347 -3.1160428990116 0.035594291323346
-0.011635324892908 3.134605161907 -0.0049649731746389 3.1387998343993 0 -3.1379909846999 0.0081382457386211 -3.1277879305107 0.020773876886635 -3.1122522527535
3.1250200384701 -0.011152871577011 3.1327169765952 -0.0065149575119137 3.1379909846999 0 -3.1372296926425 0.0096246938845481 -3.12569810162 0.023377209256068
-0.023137776326636 3.1246846797908 -0.014137535503511 3.1302276775103 -0.0081382457386211 3.1372296926425 0 -3.1365421171176 0.010863033526267 -3.1240075506644
3.1092656858851 -0.024816172436857 3.1204544307588 -0.017617837547347 3.1277879305107 -0.0096246938845481 3.1365421171176 0 -3.1360037919597 0.011831111238011
-0.045427717680677 3.1059853916468 -0.03032170487248 3.1160428990116 -0.020773876886635 3.12569810162 -0.010863033526267 3.1360037919597 0 -3.135584690234
3.0771235754483 -0.050321335888368 3.099250094051 -0.035594291323346 3.1122522527535 -0.023377209256068 3.1240075506644 -0.011831111238011 3.135584690234 0
