0.033110566690421 0.022564347583417 0.022885833830498 0.023835821914855 0.0248446281481 0.025786513397716 0.026624511109432 0.027348308782562 0.027956902147723 0.028449599932714
0.022564347583417 0.015379482378152 0.015600579241803 0.01625018702071 0.016940082131132 0.017584550263355 0.018158376522242 0.018654508091026 0.019072237346525 0.019411230661218
0.022885833830498 0.015600579241803 0.015826674942709 0.016487588908028 0.017189569328322 0.01784565686046 0.018430254949227 0.018936186208016 0.019362710349831 0.01970958885622
0.023835821914855 0.01625018702071 0.016487588908028 0.017178088498521 0.017911581696773 0.018597478345566 0.019209095091535 0.019738931804533 0.020186192588547 0.02055071601954
0.0248446281481 0.016940082131132 0.017189569328322 0.017911581696773 0.018678657335461 0.019396346151733 0.020036809409793 0.020592203163167 0.021061671236965 0.021445124057641
0.025786513397716 0.017584550263355 0.01784565686046 0.018597478345566 0.019396346151733 0.020144202832121 0.020812125690082 0.02139194579423 0.021882745778696 0.022284504838089
0.026624511109432 0.018158376522242 0.018430254949227 0.019209095091535 0.020036809409793 0.020812125690082 0.021505152095756 0.022107423744416 0.0226179628753 0.023036813962429
0.027348308782562 0.018654508091026 0.018936186208016 0.019738931804533 0.020592203163167 0.02139194579423 0.022107423744416 0.022729911972792 0.02325837245694 0.02369291135756
0.027956902147723 0.019072237346525 0.019362710349831 0.020186192588547 0.021061671236965 0.021882745778696 0.0226179628753 0.02325837245694 0.023802880866133 0.024251647820697
0.028449599932714 0.019411230661218 0.01970958885622 0.02055071601954 0.021445124057641 0.022284504838089 0.023036813962429 0.02369291135756 0.024251647820697 0.02471331217791
