-0.0064465115979335 0.00032588945588164 -0.0005122091938107 -0.00038675721101021 0.00058630848144456 -0.00068043969447245 0.00071293729681703 -0.00069146310054801 0.00065043772673576 -0.00060326341940796
0.00032588945588164 -0.0088427645853311 0.0028318404225829 -0.0013405440911186 0.0014248911067604 -0.0011220073041268 0.00090534658145337 -0.00072443192348774 0.00057976538303678 -0.00044424774941374
-0.0005122091938107 0.0028318404225829 -0.0080233795653219 0.0021616555381368 -0.0015088235176898 0.0011828605290526 -0.00092066260198735 0.0007107871254249 -0.00058305247607855 0.00048730869097243
-0.00038675721101021 -0.0013405440911186 0.0021616555381368 -0.0050292033981102 0.0035501141401124 -0.0027735534602473 0.0023338049099942 -0.0019366174628924 0.0016434544525954 -0.001421339208139
0.00058630848144456 0.0014248911067604 -0.0015088235176898 0.0035501141401124 -0.0047724130547775 0.0040566862907649 -0.0035700867441935 0.0030623982927113 -0.0026675427615736 0.0023621104209048
-0.00068043969447245 -0.0011220073041268 0.0011828605290526 -0.0027735534602473 0.0040566862907649 -0.00417232598604 0.0038679203495869 -0.0034233477871085 0.0030223846749428 -0.0026905694432322
0.00071293729681703 0.00090534658145337 -0.00092066260198735 0.0023338049099942 -0.0035700867441935 0.0038679203495869 -0.0038802307338261 0.0035866088826139 -0.0032602049446273 0.0029587303571349
-0.00069146310054801 -0.00072443192348774 0.0007107871254249 -0.0019366174628924 0.0030623982927113 -0.0034233477871085 0.0035866088826139 -0.0034571876897971 0.0032337113844635 -0.0029949254757799
0.00065043772673576 0.00057976538303678 -0.00058305247607855 0.0016434544525954 -0.0026675427615736 0.0030223846749428 -0.0032602049446273 0.0032337113844635 -0.0031040112880936 0.0029316020867456
-0.00060326341940796 -0.00044424774941374 0.00048730869097243 -0.001421339208139 0.0023621104209048 -0.0026905694432322 0.0029587303571349 -0.0029949254757799 0.0029316020867456 -0.0028171468989161
