0.00197275359736 0.0018325428928979 0.0014333709143542 0.001301366459243 0.0011126179990716 0.0010331447922107 0.00095770882073437 0.00090107983574869 0.00085324927647273 0.00081104562620366
0.0018325428928979 0.0013775832621736 0.0011978114085497 0.0010220968571056 0.00088807549363306 0.00084114305704997 0.00079662435319946 0.00075805461328704 0.00072379749737831 0.00068780123202622
0.0014333709143542 0.0011978114085497 0.00087135188270779 0.00077164389502132 0.00064276299754945 0.00059845353896522 0.00055717037206919 0.00052363335501038 0.00049450210516409 0.00046942342818817
0.001301366459243 0.0010220968571056 0.00077164389502132 0.00067477823002366 0.00053800283818659 0.00048212113999705 0.00043497644642322 0.0004044830451364 0.00037920096119888 0.00036219904399689
0.0011126179990716 0.00088807549363306 0.00064276299754945 0.00053800283818659 0.00044128375367899 0.00042028446899214 0.00040175414638883 0.00038591224103549 0.00037027674913011 0.00035617322101186
0.0010331447922107 0.00084114305704997 0.00059845353896522 0.00048212113999705 0.00042028446899214 0.00040808105892147 0.0004003365360905 0.00039171269023252 0.00038006711960649 0.00036781775656183
0.00095770882073437 0.00079662435319946 0.00055717037206919 0.00043497644642322 0.00040175414638883 0.0004003365360905 0.00039496473715201 0.00038815399605639 0.00037731524085496 0.00036507369700747
0.00090107983574869 0.00075805461328704 0.00052363335501038 0.0004044830451364 0.00038591224103549 0.00039171269023252 0.00038815399605639 0.00038188488384202 0.00037133179769004 0.00035922103273557
0.00085324927647273 0.00072379749737831 0.00049450210516409 0.00037920096119888 0.00037027674913011 0.00038006711960649 0.00037731524085496 0.00037133179769004 0.00036095727666263 0.00034886165899243
0.00081104562620366 0.00068780123202622 0.00046942342818817 0.00036219904399689 0.00035617322101186 0.00036781775656183 0.00036507369700747 0.00035922103273557 0.00034886165899243 0.00033695840434029
