-0.00031466390943978 -0.00088784610152864 0.0005040323595909 -0.00035942273859622 0.00028717730475402 -0.00025871600702974 0.00023328280163955 -0.00020747872685897 0.00018698213537186 -0.00016783617368478
-0.00088784610152864 -0.0072394336089986 0.001352327525543 -0.00086151857453287 0.00094471243495652 -0.00085350181579609 0.00074031235071724 -0.00066248662769419 0.00059144745007064 -0.0005390359503791
0.0005040323595909 0.001352327525543 -0.0068976839090426 0.00210850303016 -0.0013623677185849 0.001042074392228 -0.00089332052084785 0.000781475397101 -0.0006937843101211 0.00063783867060074
-0.00035942273859622 -0.00086151857453287 0.00210850303016 -0.0053443638263696 0.0024920676186555 -0.0017223591474057 0.001374175500768 -0.00114705614738 0.00097508238739095 -0.0008488792387686
0.00028717730475402 0.00094471243495652 -0.0013623677185849 0.0024920676186555 -0.0037676513768354 0.0024126055102675 -0.0018433854780937 0.0015208456006768 -0.0012901991652748 0.0011209072117928
-0.00025871600702974 -0.00085350181579609 0.001042074392228 -0.0017223591474057 0.0024126055102675 -0.0026917339086074 0.0020796538771837 -0.001711220080521 0.0014501129157865 -0.0012659040277281
0.00023328280163955 0.00074031235071724 -0.00089332052084785 0.001374175500768 -0.0018433854780937 0.0020796538771837 -0.0020903852615632 0.0018070533464564 -0.0015761001012156 0.0013996620106641
-0.00020747872685897 -0.00066248662769419 0.000781475397101 -0.00114705614738 0.0015208456006768 -0.001711220080521 0.0018070533464564 -0.0017301119750456 0.0015715153072232 -0.001427785807208
0.00018698213537186 0.00059144745007064 -0.0006937843101211 0.00097508238739095 -0.0012901991652748 0.0014501129157865 -0.0015761001012156 0.0015715153072232 -0.0015090009944673 0.0014103071495504
-0.00016783617368478 -0.0005390359503791 0.00063783867060074 -0.0008488792387686 0.0011209072117928 -0.0012659040277281 0.0013996620106641 -0.001427785807208 0.0014103071495504 -0.0013573444437431
