0.00016728387477371 0.00083989291761828 0.000938522881975 0.00081402145372389 0.00068535965377888 0.00057296040148211 0.00052389207417166 0.00049220999043361 0.00046600492823129 0.00044635590724219
0.00083989291761828 0.00029577650619562 0.00023925749076724 0.00021780358132405 0.00018282345297634 0.00014850305178578 0.00013628230508716 0.00012916106217432 0.00012274149227357 0.00011795424785471
0.000938522881975 0.00023925749076724 0.00039992156733129 0.00025702569033686 0.00020888914540152 0.00017389580959266 0.00015651325838977 0.00014362374845132 0.0001366170984736 0.00013128450102371
0.00081402145372389 0.00021780358132405 0.00025702569033686 0.00028638811771576 0.00019350631528587 0.00016542943580342 0.00014921844010777 0.00014057859010532 0.00013144598305031 0.00012476944655158
0.00068535965377888 0.00018282345297634 0.00020888914540152 0.00019350631528587 0.00019586974609092 0.00014900506134097 0.00013238284869225 0.00012187235286516 0.0001145729630507 0.00010967425834438
0.00057296040148211 0.00014850305178578 0.00017389580959266 0.00016542943580342 0.00014900506134097 0.00014899318955733 0.00013167807403878 0.00012282471621893 0.00011524834937637 0.00010971435526175
0.00052389207417166 0.00013628230508716 0.00015651325838977 0.00014921844010777 0.00013238284869225 0.00013167807403878 0.00012544992913709 0.00011807827336941 0.00011061454711669 0.00010470190102673
0.00049220999043361 0.00012916106217432 0.00014362374845132 0.00014057859010532 0.00012187235286516 0.00012282471621893 0.00011807827336941 0.00011518594252736 0.00010920372920962 0.00010418382496548
0.00046600492823129 0.00012274149227357 0.0001366170984736 0.00013144598305031 0.0001145729630507 0.00011524834937637 0.00011061454711669 0.00010920372920962 0.00010495144031756 0.00010094524935014
0.00044635590724219 0.00011795424785471 0.00013128450102371 0.00012476944655158 0.00010967425834438 0.00010971435526175 0.00010470190102673 0.00010418382496548 0.00010094524935014 9.804983457749e-05
