0.00048770338523807 0.00040637739250973 0.00033254315634923 0.00028289888500283 0.00025835728247838 0.00024120620308428 0.0002309214642688 0.00022219287070209 0.00021425376581547 0.00020731232715007
0.00040637739250973 0.00032614776259941 0.0002736631642899 0.00023398404725453 0.00021334375999325 0.00020010615352545 0.00019194157958778 0.00018518010473862 0.00017933396008056 0.00017407381479176
0.00033254315634923 0.0002736631642899 0.00022123167807263 0.00019408784217836 0.00017791970275656 0.00016722825924523 0.00016008634987487 0.00015417485784381 0.00014903974832398 0.00014472132517395
0.00028289888500283 0.00023398404725453 0.00019408784217836 0.00016564531290268 0.00015083685474571 0.00014266334216001 0.00013757864662363 0.00013362743818158 0.0001301928181383 0.00012719709482579
0.00025835728247838 0.00021334375999325 0.00017791970275656 0.00015083685474571 0.00013802872428908 0.00013174695101316 0.00012752443958443 0.00012448261177397 0.00012178171996177 0.00011935969090558
0.00024120620308428 0.00020010615352545 0.00016722825924523 0.00014266334216001 0.00013174695101316 0.00012635302876294 0.00012258574621555 0.00011986070532614 0.00011741178130751 0.00011517753004615
0.0002309214642688 0.00019194157958778 0.00016008634987487 0.00013757864662363 0.00012752443958443 0.00012258574621555 0.00011900591758438 0.00011640163191717 0.00011405912137755 0.00011192093765646
0.00022219287070209 0.00018518010473862 0.00015417485784381 0.00013362743818158 0.00012448261177397 0.00011986070532614 0.00011640163191717 0.00011388786658274 0.00011165043796663 0.00010961915338829
0.00021425376581547 0.00017933396008056 0.00014903974832398 0.0001301928181383 0.00012178171996177 0.00011741178130751 0.00011405912137755 0.00011165043796663 0.00010952981687845 0.00010762006593721
0.00020731232715007 0.00017407381479176 0.00014472132517395 0.00012719709482579 0.00011935969090558 0.00011517753004615 0.00011192093765646 0.00010961915338829 0.00010762006593721 0.00010583170350702
