0.00084490914913081 0.0011459755752932 0.0010174664469256 0.00076477155953321 0.00068625982987704 0.00061427027958707 0.0005795036006734 0.00055808397791066 0.00054413984543686 0.00053377141184595
0.0011459755752932 0.0017308415160373 0.0011281682312086 0.00082502391226402 0.00069968918672869 0.00065225091457446 0.00062830884845543 0.00060793052658455 0.00059723572586555 0.0005886567975109
0.0010174664469256 0.0011281682312086 0.0010479051537416 0.0007780772540116 0.00063653557562555 0.00055206217426036 0.0005271327728742 0.00050871024690949 0.0005017033244836 0.0004964903403922
0.00076477155953321 0.00082502391226402 0.0007780772540116 0.00068091682193544 0.00059257967320309 0.00048666710361502 0.00044823786543676 0.00041992481226729 0.00040691591120905 0.00040290671566115
0.00068625982987704 0.00069968918672869 0.00063653557562555 0.00059257967320309 0.00050449794351179 0.00041609025049056 0.00038347965263623 0.00036418277601015 0.0003563800426351 0.00035549412739368
0.00061427027958707 0.00065225091457446 0.00055206217426036 0.00048666710361502 0.00041609025049056 0.00036188418057636 0.00034123113718007 0.00032374227281218 0.00031542033244353 0.00031347397220474
0.0005795036006734 0.00062830884845543 0.0005271327728742 0.00044823786543676 0.00038347965263623 0.00034123113718007 0.00032136280315326 0.00030408023993168 0.00029561876731094 0.00029408776626214
0.00055808397791066 0.00060793052658455 0.00050871024690949 0.00041992481226729 0.00036418277601015 0.00032374227281218 0.00030408023993168 0.0002912713278463 0.0002865719287892 0.00028833675232963
0.00054413984543686 0.00059723572586555 0.0005017033244836 0.00040691591120905 0.0003563800426351 0.00031542033244353 0.00029561876731094 0.0002865719287892 0.00028468991096896 0.0002886657838838
0.00053377141184595 0.0005886567975109 0.0004964903403922 0.00040290671566115 0.00035549412739368 0.00031347397220474 0.00029408776626214 0.00028833675232963 0.0002886657838838 0.0002943348060003
