0.10141956126051 0.00064980104708289 -0.00044576458916982 0.00031739294261616 -0.00027042421639924 0.00022611087879872 -0.00019111623150632 0.00016754387961282 -0.00015045690157411 0.00013911746455157
0.00064980104708289 0.010597175852073 -0.0016469824979078 0.0010948827371838 -0.00071448622545716 0.00031076340950365 -0.00014610797905268 4.5596336961999e-05 1.393151432337e-05 -2.8492368892979e-05
-0.00044576458916982 -0.0016469824979078 0.010660704118387 -0.0035575163633187 0.0022055097352035 -0.0016508814938032 0.0012503855731319 -0.00099621161839342 0.00082602598405608 -0.00070437907290178
0.00031739294261616 0.0010948827371838 -0.0035575163633187 0.0076025473233383 -0.0046380385339159 0.0033293199142254 -0.0024947390553747 0.0019080142645703 -0.0014997720136983 0.0012124320756793
-0.00027042421639924 -0.00071448622545716 0.0022055097352035 -0.0046380385339159 0.0053128674969847 -0.0041356136459729 0.0032794572060334 -0.0026585748496447 0.0021994537261338 -0.0018543655888543
0.00022611087879872 0.00031076340950365 -0.0016508814938032 0.0033293199142254 -0.0041356136459729 0.0042375139519044 -0.003700964304743 0.0031873982249306 -0.0027586250830102 0.0024089207431745
-0.00019111623150632 -0.00014610797905268 0.0012503855731319 -0.0024947390553747 0.0032794572060334 -0.003700964304743 0.0036160918207006 -0.003323483985388 0.0030141891917187 -0.0027280646978201
0.00016754387961282 4.5596336961999e-05 -0.00099621161839342 0.0019080142645703 -0.0026585748496447 0.0031873982249306 -0.003323483985388 0.0032485028353974 -0.0030772087990994 0.002877671293362
-0.00015045690157411 1.393151432337e-05 0.00082602598405608 -0.0014997720136983 0.0021994537261338 -0.0027586250830102 0.0030141891917187 -0.0030772087990994 0.0030229029728334 -0.0029065264703622
0.00013911746455157 -2.8492368892979e-05 -0.00070437907290178 0.0012124320756793 -0.0018543655888543 0.0024089207431745 -0.0027280646978201 0.002877671293362 -0.0029065264703622 0.0028593204476103
