0.10139263465425 0.00039649169532215 -0.00027523830356599 0.00024805033952565 -0.00020156762079796 0.00016536285691337 -0.00014608057424023 0.00012882626907847 -0.00011379338229552 0.00010127938123976
0.00039649169532215 0.0068398260434486 -0.0012063934833024 0.00075917055767043 -0.0007790319497797 0.00049252902987804 -0.00034365452235423 0.00024723381048004 -0.00018268944315071 0.0001255546404642
-0.00027523830356599 -0.0012063934833024 0.0073329920683895 -0.0018096665908039 0.001029996401678 -0.00077136634896703 0.00049645343776737 -0.00039929816032002 0.00031741681531962 -0.00026660457520583
0.00024805033952565 0.00075917055767043 -0.0018096665908039 0.0063202639977103 -0.0026467451949996 0.001648783105696 -0.0012301462985298 0.00096240063073258 -0.00079396066994759 0.00064243934724467
-0.00020156762079796 -0.0007790319497797 0.001029996401678 -0.0026467451949996 0.0044584260216866 -0.0026736775177183 0.0018564493712462 -0.001445082925455 0.001157561037175 -0.00095627676576632
0.00016536285691337 0.00049252902987804 -0.00077136634896703 0.001648783105696 -0.0026736775177183 0.0031518263479081 -0.0023135835605263 0.0018577611349811 -0.0015491177413092 0.0013248422894579
-0.00014608057424023 -0.00034365452235423 0.00049645343776737 -0.0012301462985298 0.0018564493712462 -0.0023135835605263 0.0022873198746408 -0.0019637389846051 0.0017086801659412 -0.001504009098226
0.00012882626907847 0.00024723381048004 -0.00039929816032002 0.00096240063073258 -0.001445082925455 0.0018577611349811 -0.0019637389846051 0.0018982964609209 -0.001740287408489 0.0015818365201981
-0.00011379338229552 -0.00018268944315071 0.00031741681531962 -0.00079396066994759 0.001157561037175 -0.0015491177413092 0.0017086801659412 -0.001740287408489 0.0016979344864824 -0.0015972985638244
0.00010127938123976 0.0001255546404642 -0.00026660457520583 0.00064243934724467 -0.00095627676576632 0.0013248422894579 -0.001504009098226 0.0015818365201981 -0.0015972985638244 0.0015530056920946
