0.10131225423671 8.4671529956368e-06 1.2725152296529e-05 1.6146366228362e-05 1.9051958873203e-05 1.7710605695548e-05 2.398964407246e-05 2.6251782156985e-05 2.8270289689278e-05 3.0521448064829e-05 0.00056367758787021 3.4162783115789e-05 3.5796166572234e-05 3.731874250361e-05 3.8637337602558e-05 3.9582622213971e-05 0.00054252658195511 4.1134709672756e-05 4.2553269352411e-05 4.4093810420575e-05
8.4671529956368e-06 0.13991647169027 0.11992961147339 0.097161809075074 0.076304981677428 0.05809043462336 0.043261790287791 0.031334390686688 0.021928904450653 0.014841599620519 0.0097360808512578 0.0056600786054602 0.002899613199931 0.0010445140696931 0.0002058546976993 0.00093754369882587 0.00078898826202637 0.0015002378287452 0.0015298876535784 0.0014467623232292
1.2725152296529e-05 0.11992961147339 0.11628547778217 0.10380385696854 0.088969975270707 0.074040318339251 0.06040875968207 0.048407068644365 0.038142536354922 0.029660737716568 0.023030227394893 0.017178629864219 0.012780851370281 0.0093754512764693 0.0067387442155236 0.0047571887039707 0.0036748144072084 0.00217027100622 0.001354377625687 0.00076782547154118
1.6146366228362e-05 0.097161809075074 0.10380385696854 0.099792940702462 0.091218350314468 0.080730266203235 0.069909782755924 0.059518695524102 0.049972354092395 0.04151145825308 0.034455702849973 0.027877128468973 0.022587954581199 0.018196659764751 0.014568784473955 0.011609202945592 0.0094964923928504 0.0072490317175313 0.0056667119185803 0.0043893635641159
1.9051958873203e-05 0.076304981677428 0.088969975270707 0.091218350314468 0.088000798552213 0.081815966781244 0.074176420014389 0.066019003602264 0.057922171731854 0.050251014503652 0.04345932335224 0.036856915763347 0.031251185820295 0.026363407467682 0.022141048372662 0.018524817992699 0.015655897815075 0.0128290468112 0.01061466678068 0.0087409754139748
1.7710605695548e-05 0.05809043462336 0.074040318339251 0.080730266203235 0.081815966781244 0.079414202063107 0.074843245099189 0.069063800510634 0.062718066468983 0.056236457552112 0.050127503749352 0.043955956407516 0.038448252479861 0.033445556008268 0.028964191295404 0.024984247000652 0.021623306413291 0.018406166370657 0.015725772199705 0.013389395555078
2.398964407246e-05 0.043261790287791 0.06040875968207 0.069909782755924 0.074176420014389 0.074843245099189 0.072974834567366 0.069453884299515 0.0649134676924 0.059801172970476 0.054620810982434 0.049175327796584 0.044066946569599 0.039247819594813 0.034786941739305 0.0307013374998 0.027095418422876 0.023673021119944 0.020699215569805 0.018047248544301
2.6251782156985e-05 0.031334390686688 0.048407068644365 0.059518695524102 0.066019003602264 0.069063800510634 0.069453884299515 0.067944733546211 0.06511651182273 0.061400460679101 0.05725970515001 0.052699899078514 0.04818407246394 0.043757605069088 0.039527061340697 0.035540213624251 0.031893042081193 0.028428968770639 0.025319025205519 0.022491039164086
2.8270289689278e-05 0.021928904450653 0.038142536354922 0.049972354092395 0.057922171731854 0.062718066468983 0.0649134676924 0.06511651182273 0.063830011291941 0.061446723918287 0.058368417887714 0.054761895978021 0.050952081804854 0.047057093213421 0.043207691504906 0.039475028266406 0.035948949587708 0.032579030027923 0.029468121399426 0.026587962601783
3.0521448064829e-05 0.014841599620519 0.029660737716568 0.04151145825308 0.050251014503652 0.056236457552112 0.059801172970476 0.061400460679101 0.061446723918287 0.060280282349858 0.058229771641891 0.055582672482771 0.052534422076898 0.049256050050593 0.045890832249228 0.042526149806444 0.039247583499106 0.03607938244618 0.033079447284951 0.030252734529561
0.00056367758787021 0.0097360808512578 0.023030227394893 0.034455702849973 0.04345932335224 0.050127503749352 0.054620810982434 0.05725970515001 0.058368417887714 0.058229771641891 0.058058884217805 0.055341621946666 0.05304251349275 0.050404678743305 0.047573951613828 0.044646007888176 0.041701249970896 0.038815484138117 0.036015377165437 0.033330212991888
3.4162783115789e-05 0.0056600786054602 0.017178629864219 0.027877128468973 0.036856915763347 0.043955956407516 0.049175327796584 0.052699899078514 0.054761895978021 0.055582672482771 0.055341621946666 0.054462154499503 0.052926902730275 0.050961249153003 0.048708286278246 0.046268682224684 0.04371951702738 0.041169142453828 0.038627231787464 0.036140639443407
3.5796166572234e-05 0.002899613199931 0.012780851370281 0.022587954581199 0.031251185820295 0.038448252479861 0.044066946569599 0.04818407246394 0.050952081804854 0.052534422076898 0.05304251349275 0.052926902730275 0.052088626892328 0.050760366465267 0.049076543021193 0.047136931732036 0.045013690244398 0.042833568507074 0.040595612699493 0.038357960103088
3.731874250361e-05 0.0010445140696931 0.0093754512764693 0.018196659764751 0.026363407467682 0.033445556008268 0.039247819594813 0.043757605069088 0.047057093213421 0.049256050050593 0.050404678743305 0.050961249153003 0.050760366465267 0.050032640698657 0.048900238705131 0.047458484367855 0.045774261248923 0.043981135015183 0.042073690643995 0.040116303040272
3.8637337602558e-05 0.0002058546976993 0.0067387442155236 0.014568784473955 0.022141048372662 0.028964191295404 0.034786941739305 0.039527061340697 0.043207691504906 0.045890832249228 0.047573951613828 0.048708286278246 0.049076543021193 0.048900238705131 0.048287231495681 0.047325700839527 0.046076475435176 0.044672999408738 0.043107970286173 0.041448506029121
3.9582622213971e-05 0.00093754369882587 0.0047571887039707 0.011609202945592 0.018524817992699 0.024984247000652 0.0307013374998 0.035540213624251 0.039475028266406 0.042526149806444 0.044646007888176 0.046268682224684 0.047136931732036 0.047458484367855 0.047325700839527 0.046817892312855 0.045989645066747 0.044968081241879 0.043746838856903 0.042392721381031
0.00054252658195511 0.00078898826202637 0.0036748144072084 0.0094964923928504 0.015655897815075 0.021623306413291 0.027095418422876 0.031893042081193 0.035948949587708 0.039247583499106 0.041701249970896 0.04371951702738 0.045013690244398 0.045774261248923 0.046076475435176 0.045989645066747 0.048053505332564 0.044907686185907 0.044024751596006 0.042976745258593
4.1134709672756e-05 0.0015002378287452 0.00217027100622 0.0072490317175313 0.0128290468112 0.018406166370657 0.023673021119944 0.028428968770639 0.032579030027923 0.03607938244618 0.038815484138117 0.041169142453828 0.042833568507074 0.043981135015183 0.044672999408738 0.044968081241879 0.044907686185907 0.044597552600854 0.044035234805695 0.043281460957386
4.2553269352411e-05 0.0015298876535784 0.001354377625687 0.0056667119185803 0.01061466678068 0.015725772199705 0.020699215569805 0.025319025205519 0.029468121399426 0.033079447284951 0.036015377165437 0.038627231787464 0.040595612699493 0.042073690643995 0.043107970286173 0.043746838856903 0.044024751596006 0.044035234805695 0.043777373500274 0.043307357258314
4.4093810420575e-05 0.0014467623232292 0.00076782547154118 0.0043893635641159 0.0087409754139748 0.013389395555078 0.018047248544301 0.022491039164086 0.026587962601783 0.030252734529561 0.033330212991888 0.036140639443407 0.038357960103088 0.040116303040272 0.041448506029121 0.042392721381031 0.042976745258593 0.043281460957386 0.043307357258314 0.04310548283899
