0.025904975623818 0.0068947613496712 0.0036332997109487 0.002634419290777 0.0020598726633058 0.0016353504727765 0.0013832245064757 0.0012022057194842 0.0010582247566939 0.00093036975701249
0.0068947613496712 0.0066173458742649 0.0040326178179801 0.0030714095344616 0.0024615682653213 0.0020792926558944 0.0018085340547297 0.0016019448835407 0.0014434669198963 0.0013167252015975
0.0036332997109487 0.0040326178179801 0.0038877219841173 0.0032824673668475 0.0027645500126946 0.002410153583752 0.0021146861945944 0.0018683051453863 0.0016682598436348 0.0015061952808151
0.002634419290777 0.0030714095344616 0.0032824673668475 0.0031953080965981 0.0028279740814422 0.0025236689699199 0.0022487750491913 0.0020079707209795 0.0018075787475729 0.0016412872286004
0.0020598726633058 0.0024615682653213 0.0027645500126946 0.0028279740814422 0.002681478287856 0.0024883148213682 0.0022795169757243 0.0020823176072498 0.0019110917871894 0.0017639178064157
0.0016353504727765 0.0020792926558944 0.002410153583752 0.0025236689699199 0.0024883148213682 0.0024043976343542 0.0022676047898873 0.0021186308706237 0.0019806342608753 0.0018564717354325
0.0013832245064757 0.0018085340547297 0.0021146861945944 0.0022487750491913 0.0022795169757243 0.0022676047898873 0.0021983528057873 0.0021007771002522 0.0020005178559598 0.0019039223459717
0.0012022057194842 0.0016019448835407 0.0018683051453863 0.0020079707209795 0.0020823176072498 0.0021186308706237 0.0021007771002522 0.0020494955449906 0.0019858526017778 0.0019172327862521
0.0010582247566939 0.0014434669198963 0.0016682598436348 0.0018075787475729 0.0019110917871894 0.0019806342608753 0.0020005178559598 0.0019858526017778 0.0019537733843608 0.0019106613042822
0.00093036975701249 0.0013167252015975 0.0015061952808151 0.0016412872286004 0.0017639178064157 0.0018564717354325 0.0019039223459717 0.0019172327862521 0.0019106613042822 0.0018895069410639
