3.1415926535898 2.6850494978665 -1.7821855192994 1.3622460590196 -0.99911556632441 1.7025925541472 -1.1963162931621 1.8834588969348 -1.2244792214591 2.0622892917178
-2.6850494978665 3.1415926535898 -0.062244822450283 3.0061752002117 0.033863894269112 3.117767954436 0.038490155591623 -2.9623272327097 0.2016529833274 -2.9896755602293
1.7821855192994 0.062244822450283 3.1415926535898 0.031067039417376 -3.0396001448363 0.11683452143295 -2.9616436038422 0.19800487785525 -2.9218600498121 0.23395627916365
-1.3622460590196 -3.0061752002117 -0.031067039417376 3.1415926535898 -0.0018320286451014 -3.1356178136856 0.040865057074068 -3.0702689094753 0.087629348906194 -3.0478371107468
0.99911556632441 -0.033863894269112 3.0396001448363 0.0018320286451014 3.1415926535898 0.017287549897986 -3.1050327940179 0.040727844549805 -3.1026393173592 0.038510273737546
-1.7025925541472 -3.117767954436 -0.11683452143295 3.1356178136856 -0.017287549897986 3.1415926535898 0.015800395205604 -3.1173997028337 0.024053538956563 -3.1162100875591
1.1963162931621 -0.038490155591623 2.9616436038422 -0.040865057074068 3.1050327940179 -0.015800395205604 3.1415926535898 0.0076358771623746 -3.1334445575961 0.010427134972827
-1.8834588969348 2.9623272327097 -0.19800487785525 3.0702689094753 -0.040727844549805 3.1173997028337 -0.0076358771623746 3.1415926535898 0.0015272356219715 -3.1373606410873
1.2244792214591 -0.2016529833274 2.9218600498121 -0.087629348906194 3.1026393173592 -0.024053538956563 3.1334445575961 -0.0015272356219715 3.1415926535898 0.0026569976960088
-2.0622892917178 2.9896755602293 -0.23395627916365 3.0478371107468 -0.038510273737546 3.1162100875591 -0.010427134972827 3.1373606410873 -0.0026569976960088 3.1415926535898
