3.1415926535898 -0.086064341821165 2.9059358488539 -0.047148270610819 3.1307150674542 -0.061552022387088 2.8752743899649 -0.43110467453294 2.5930298458767 -0.67298810561507
0.086064341821165 3.1415926535898 0.0058844728938733 3.1337356017007 0.091079066218245 -3.034659408487 0.11101075429307 -2.9936507153788 0.19163524367792 -2.9051905094982
-2.9059358488539 -0.0058844728938733 3.1415926535898 -0.029402574492941 3.1283026334967 -0.038245569388075 3.0796280524603 -0.088193720069125 3.0249105163898 -0.14466440248588
0.047148270610819 -3.1337356017007 0.029402574492941 3.1415926535898 -0.00034465626227652 -3.1359305356952 0.002533330928142 -3.1411506833531 -0.0040332540106973 3.1330230286519
-3.1307150674542 -0.091079066218245 -3.1283026334967 0.00034465626227652 3.1415926535898 0.010446014721319 -3.1296888580097 0.013225105043203 -3.1280653594014 0.014018322901883
0.061552022387088 3.034659408487 0.038245569388075 3.1359305356952 -0.010446014721319 3.1415926535898 -0.0023148957231702 3.139588899104 -0.002193977759862 3.1400129187772
-2.8752743899649 -0.11101075429307 -3.0796280524603 -0.002533330928142 3.1296888580097 0.0023148957231702 3.1415926535898 0.0014153716209568 -3.1394608249622 0.0035975283907018
0.43110467453294 2.9936507153788 0.088193720069125 3.1411506833531 -0.013225105043203 -3.139588899104 -0.0014153716209568 3.1415926535898 0.00085770892381261 -3.1392022467442
-2.5930298458767 -0.19163524367792 -3.0249105163898 0.0040332540106973 3.1280653594014 0.002193977759862 3.1394608249622 -0.00085770892381261 3.1415926535898 0.0013529370934569
0.67298810561507 2.9051905094982 0.14466440248588 -3.1330230286519 -0.014018322901883 -3.1400129187772 -0.0035975283907018 3.1392022467442 -0.0013529370934569 3.1415926535898
