2.3989778586579e-05 9.6787723706875e-05 9.8767069212643e-05 9.0040097675883e-05 8.2709218060966e-05 7.8344267459189e-05 7.5060478574964e-05 7.3547326550301e-05 7.2352784499033e-05 7.1493641499178e-05
9.6787723706875e-05 0.00041568683272479 0.00041575671929287 0.00035986205482927 0.00033400826901114 0.00030711041620693 0.00029124438906928 0.00028119624976135 0.00027183195479714 0.00026420747359762
9.8767069212643e-05 0.00041575671929287 0.00042225928600994 0.00037451173407376 0.00032983832543432 0.00030211274785099 0.00028627473476596 0.00027755701875704 0.0002713371390225 0.00026653676017805
9.0040097675883e-05 0.00035986205482927 0.00037451173407376 0.0003370949396184 0.00030437523684832 0.00028663252177965 0.0002733401106318 0.00026606729119389 0.00025939603197546 0.0002539387799951
8.2709218060966e-05 0.00033400826901114 0.00032983832543432 0.00030437523684832 0.00028980416127011 0.0002789312027838 0.00026685345008309 0.00026024651834961 0.00025450716007083 0.00024963796343789
7.8344267459189e-05 0.00030711041620693 0.00030211274785099 0.00028663252177965 0.0002789312027838 0.00027083161782496 0.00025911298554418 0.00025370715149366 0.00024904912302139 0.00024515666396516
7.5060478574964e-05 0.00029124438906928 0.00028627473476596 0.0002733401106318 0.00026685345008309 0.00025911298554418 0.00025190559100311 0.00025036912763937 0.00024855589213689 0.00024650790036116
7.3547326550301e-05 0.00028119624976135 0.00027755701875704 0.00026606729119389 0.00026024651834961 0.00025370715149366 0.00025036912763937 0.00025184919631422 0.00025229328226892 0.0002518155984134
7.2352784499033e-05 0.00027183195479714 0.0002713371390225 0.00025939603197546 0.00025450716007083 0.00024904912302139 0.00024855589213689 0.00025229328226892 0.00025454971214944 0.00025551420639676
7.1493641499178e-05 0.00026420747359762 0.00026653676017805 0.0002539387799951 0.00024963796343789 0.00024515666396516 0.00024650790036116 0.0002518155984134 0.00025551420639676 0.00025779113253697
