3.1415926535898 -0.25789443403997 -3.0997293335701 -0.37837693902387 2.7822063525741 -0.22630790420798 2.8840231978456 -0.21745944355072 2.9984316115477 -0.071453804083529
0.25789443403997 3.1415926535898 -0.023743106809959 2.987967881064 -0.20960121504906 2.9097067681635 -0.24274838066065 2.9301567702976 -0.17646043813509 3.0021171438529
3.0997293335701 0.023743106809959 3.1415926535898 -0.029107044179578 -3.1412710697557 0.0073836350171722 3.1343112291444 -0.015878847722675 3.1194800951031 -0.03111249505962
0.37837693902387 -2.987967881064 0.029107044179578 3.1415926535898 0.021153040346695 -3.1175558340824 0.022999772415279 -3.1119431585666 0.033073991565939 -3.107010521027
-2.7822063525741 0.20960121504906 3.1412710697557 -0.021153040346695 3.1415926535898 0.0077808094737848 -3.1316861076929 0.013652407590225 -3.1256022525925 0.017650718623221
0.22630790420798 -2.9097067681635 -0.0073836350171722 3.1175558340824 -0.0077808094737848 3.1415926535898 0.0026670483526909 -3.1347597706423 0.010754137969422 -3.1272490879074
-2.8840231978456 0.24274838066065 -3.1343112291444 -0.022999772415279 3.1316861076929 -0.0026670483526909 3.1415926535898 0.0038659227119713 -3.1341760307158 0.010779754704403
0.21745944355072 -2.9301567702976 0.015878847722675 3.1119431585666 -0.013652407590225 3.1347597706423 -0.0038659227119713 3.1415926535898 0.0032039544042844 -3.1353540141702
-2.9984316115477 0.17646043813509 -3.1194800951031 -0.033073991565939 3.1256022525925 -0.010754137969422 3.1341760307158 -0.0032039544042844 3.1415926535898 0.0029643745388226
0.071453804083529 -3.0021171438529 0.03111249505962 3.107010521027 -0.017650718623221 3.1272490879074 -0.010779754704403 3.1353540141702 -0.0029643745388226 3.1415926535898
