3.1415926535898 -0.41031140823307 2.7031178861112 -0.50954116542915 2.4651500228491 -0.71357055975083 2.4253572782223 -0.7539643473424 2.3563395299678 -0.80803088613187
0.41031140823307 3.1415926535898 0.052470282256988 3.1232373967169 0.069160834352958 -3.053746255971 0.070955495472688 -3.0568924080443 0.12300874238686 -2.9578954646584
-2.7031178861112 -0.052470282256988 3.1415926535898 0.0048334249275902 -3.1144889591644 0.034154621609841 -3.1174658906685 0.0092080474870258 3.122861824429 -0.04408209621487
0.50954116542915 -3.1232373967169 -0.0048334249275902 3.1415926535898 0.014839332840025 -3.1286456555757 0.0080344387378184 -3.1386358557473 -0.0051798346416165 3.130256401205
-2.4651500228491 -0.069160834352958 3.1144889591644 -0.014839332840025 3.1415926535898 -0.0013347439235329 3.1378540295507 -0.0072645473642843 3.1279550613124 -0.019185423283324
0.71357055975083 3.053746255971 -0.034154621609841 3.1286456555757 0.0013347439235329 3.1415926535898 -0.0039514226601989 3.1335890220986 -0.013946090858358 3.122436034476
-2.4253572782223 -0.070955495472688 3.1174658906685 -0.0080344387378184 -3.1378540295507 0.0039514226601989 3.1415926535898 -0.0032861137237547 3.1337315173786 -0.011634268237201
0.7539643473424 3.0568924080443 -0.0092080474870258 3.1386358557473 0.0072645473642843 -3.1335890220986 0.0032861137237547 3.1415926535898 -0.0040023427590768 3.1344510208455
-2.3563395299678 -0.12300874238686 -3.122861824429 0.0051798346416165 -3.1279550613124 0.013946090858358 -3.1337315173786 0.0040023427590768 3.1415926535898 -0.0029012305610604
0.80803088613187 2.9578954646584 0.04408209621487 -3.130256401205 0.019185423283324 -3.122436034476 0.011634268237201 -3.1344510208455 0.0029012305610604 3.1415926535898
