3.1415926535898 1.2781330875985 -1.983696358622 -2.6239313013762 -0.16147643020242 2.7686978834516 -0.74327395519595 2.2667942567007 -0.90800197924408 2.2079160684747
-1.2781330875985 3.1415926535898 -0.083267492146866 -3.05983194501 0.16473229946635 -3.0986619936914 -0.091704828493425 2.9307407671725 -0.31807188920884 2.7399275734741
1.983696358622 0.083267492146866 3.1415926535898 0.050065864794341 -3.0841321271587 -0.041616819205867 2.9721525090135 -0.28432563792235 2.7638314641338 -0.45831424193085
2.6239313013762 3.05983194501 -0.050065864794341 3.1415926535898 -0.042328542232928 3.0569858466895 -0.15055098089143 2.9380021516077 -0.24906495244993 2.8557542397506
0.16147643020242 -0.16473229946635 3.0841321271587 0.042328542232928 3.1415926535898 -0.033211593475834 3.05165934406 -0.13670227441722 2.9674076616405 -0.20412121025199
-2.7686978834516 3.0986619936914 0.041616819205867 -3.0569858466895 0.033211593475834 3.1415926535898 -0.046717885239027 3.0601399358568 -0.10705993596354 3.0143089238606
0.74327395519595 0.091704828493425 -2.9721525090135 0.15055098089143 -3.05165934406 0.046717885239027 3.1415926535898 -0.03033225279508 3.0902351944803 -0.067892152346287
-2.2667942567007 -2.9307407671725 0.28432563792235 -2.9380021516077 0.13670227441722 -3.0601399358568 0.03033225279508 3.1415926535898 -0.02051396932311 3.1050681109307
0.90800197924408 0.31807188920884 -2.7638314641338 0.24906495244993 -2.9674076616405 0.10705993596354 -3.0902351944803 0.02051396932311 3.1415926535898 -0.015877204309474
-2.2079160684747 -2.7399275734741 0.45831424193085 -2.8557542397506 0.20412121025199 -3.0143089238606 0.067892152346287 -3.1050681109307 0.015877204309474 3.1415926535898
