8.6239340899401e-06 4.4682097118988e-05 4.9158357808191e-05 5.0625669981063e-05 4.5612890952703e-05 3.927534106462e-05 3.4589256094455e-05 3.181364722383e-05 2.9571987017227e-05 2.7635478538535e-05
4.4682097118988e-05 0.00022958380655918 0.00023286393896077 0.0002369176865771 0.00020039153193323 0.00018855912540667 0.00016476886856929 0.00015027551817832 0.00013507317036764 0.00012426767488941
4.9158357808191e-05 0.00023286393896077 0.00026979763994623 0.00025113096557875 0.00022877475887492 0.00020554499675981 0.0001850979010553 0.00016266098199923 0.00014960526895696 0.00013829049374708
5.0625669981063e-05 0.0002369176865771 0.00025113096557875 0.00025747696085056 0.00023310733181567 0.0002053634950148 0.00018552560295406 0.00017287460087967 0.00015953509244665 0.00014610728141469
4.5612890952703e-05 0.00020039153193323 0.00022877475887492 0.00023310733181567 0.00020651444685532 0.00018584130082017 0.00016125756879683 0.00014601664762558 0.00013546699231207 0.00012930327438437
3.927534106462e-05 0.00018855912540667 0.00020554499675981 0.0002053634950148 0.00018584130082017 0.00016020210623289 0.00014799041483851 0.00013500138969531 0.00012415259061774 0.00011621261118939
3.4589256094455e-05 0.00016476886856929 0.0001850979010553 0.00018552560295406 0.00016125756879683 0.00014799041483851 0.00013082204349373 0.00012345046658332 0.00011357706664527 0.00010660558343418
3.181364722383e-05 0.00015027551817832 0.00016266098199923 0.00017287460087967 0.00014601664762558 0.00013500138969531 0.00012345046658332 0.00011486563185955 0.00010785471507136 0.00010109792928462
2.9571987017227e-05 0.00013507317036764 0.00014960526895696 0.00015953509244665 0.00013546699231207 0.00012415259061774 0.00011357706664527 0.00010785471507136 0.00010143567101471 9.5209295507805e-05
2.7635478538535e-05 0.00012426767488941 0.00013829049374708 0.00014610728141469 0.00012930327438437 0.00011621261118939 0.00010660558343418 0.00010109792928462 9.5209295507805e-05 8.935700241198e-05
