0.00019039173050106 0.00097581085980741 0.00099406766130062 0.00082329252157308 0.00071006943087399 0.00062720935913786 0.00057520544057323 0.00054192315966613 0.00052091686432832 0.00050482748403185
0.00097581085980741 0.00042047007735889 0.00029985401725431 0.00025823233053932 0.00021405708424999 0.00018818261783285 0.00017217640656093 0.00016115742851783 0.00015273082875448 0.00014592389025646
0.00099406766130062 0.00029985401725431 0.00042966806902923 0.00027646004497045 0.00023562471344122 0.00020906357673225 0.00019014138083709 0.00017867395888114 0.00017217880754118 0.00016731967441899
0.00082329252157308 0.00025823233053932 0.00027646004497045 0.000290525592027 0.00020676566063185 0.00017325324459225 0.00015569927930644 0.00014424444301225 0.00013773989994348 0.00013358769252438
0.00071006943087399 0.00021405708424999 0.00023562471344122 0.00020676566063185 0.00021956160478718 0.00018118382890733 0.00015695509604424 0.00014176440977929 0.0001324958693335 0.0001260440059207
0.00062720935913786 0.00018818261783285 0.00020906357673225 0.00017325324459225 0.00018118382890733 0.00017580446047628 0.00015764836138018 0.00014421889331629 0.00013399720118665 0.00012607658346953
0.00057520544057323 0.00017217640656093 0.00019014138083709 0.00015569927930644 0.00015695509604424 0.00015764836138018 0.00015006434406706 0.00014121515602533 0.00013366345030516 0.00012699746144558
0.00054192315966613 0.00016115742851783 0.00017867395888114 0.00014424444301225 0.00014176440977929 0.00014421889331629 0.00014121515602533 0.00013672646361231 0.00013192010282864 0.0001268561387565
0.00052091686432832 0.00015273082875448 0.00017217880754118 0.00013773989994348 0.0001324958693335 0.00013399720118665 0.00013366345030516 0.00013192010282864 0.00012961669834095 0.00012627115071952
0.00050482748403185 0.00014592389025646 0.00016731967441899 0.00013358769252438 0.0001260440059207 0.00012607658346953 0.00012699746144558 0.0001268561387565 0.00012627115071952 0.00012442635096926
