0 -2.3275419379081 0.65554026865472 -2.149836780687 -0.032077902977041 -3.1015256922361 0.42498377488554 -2.5847855628412 0.48813779940789 -2.656178071756
2.3275419379081 0 -2.9312530260056 -0.070623319231272 3.0109539560019 -0.1631124667903 3.0338471320139 0.071889179868226 -3.0030339347195 0.11081581934846
-0.65554026865472 2.9312530260056 0 -3.0509759655962 -0.2341526865072 2.8719630377921 -0.23958859822049 3.0090815825487 -0.040607678377884 3.1032344631717
2.149836780687 0.070623319231272 3.0509759655962 0 3.0599613298836 -0.12899409628989 3.0225410783486 -0.098405313035026 3.0784948002108 -0.060394843920655
0.032077902977041 -3.0109539560019 0.2341526865072 -3.0599613298836 0 3.1111876771391 0.0017535383979274 -3.1047548136136 0.088981359100464 -3.0251685153391
3.1015256922361 0.1631124667903 -2.8719630377921 0.12899409628989 -3.1111876771391 0 -3.1070393716437 0.05931456368128 -3.0660306254164 0.081521382912025
-0.42498377488554 -3.0338471320139 0.23958859822049 -3.0225410783486 -0.0017535383979274 3.1070393716437 0 -3.1352295201245 0.014110573998199 -3.1264282700157
2.5847855628412 -0.071889179868226 -3.0090815825487 0.098405313035026 3.1047548136136 -0.05931456368128 3.1352295201245 0 -3.1340594966875 0.0094248782157335
-0.48813779940789 3.0030339347195 0.040607678377884 -3.0784948002108 -0.088981359100464 3.0660306254164 -0.014110573998199 3.1340594966875 0 -3.1385077021501
2.656178071756 -0.11081581934846 -3.1032344631717 0.060394843920655 3.0251685153391 -0.081521382912025 3.1264282700157 -0.0094248782157335 3.1385077021501 0
