0.0001647671697298 0.00021829355279265 0.00020636068475852 0.00017708867832608 0.00014498987588584 0.00012683329359239 0.00011606513297211 0.00010687806538643 0.00010183970476794 9.8239582805571e-05
0.00021829355279265 0.00029006434317348 0.00026656857636578 0.00021689532189416 0.0001854664662466 0.00016609152250723 0.0001537135556618 0.00014373610495722 0.00013662527677187 0.00013189448777796
0.00020636068475852 0.00026656857636578 0.00024157562273564 0.00020468100067755 0.00017659576816541 0.00015541675914547 0.00014331270968878 0.00013399971499089 0.00012754939291154 0.00012281957710645
0.00017708867832608 0.00021689532189416 0.00020468100067755 0.00017064052532869 0.00014728711850762 0.00013188639920186 0.0001216368969839 0.00011400686290888 0.0001089787169405 0.00010530678416641
0.00014498987588584 0.0001854664662466 0.00017659576816541 0.00014728711850762 0.0001237256481595 0.00011223995127969 0.00010502682771257 9.9594367259735e-05 9.60252920999e-05 9.3253709527705e-05
0.00012683329359239 0.00016609152250723 0.00015541675914547 0.00013188639920186 0.00011223995127969 0.00010166904114483 9.5347814226179e-05 9.0098474326804e-05 8.6895851227176e-05 8.4454652083325e-05
0.00011606513297211 0.0001537135556618 0.00014331270968878 0.0001216368969839 0.00010502682771257 9.5347814226179e-05 8.9543423850135e-05 8.4662752721975e-05 8.1751160259981e-05 7.9560600899681e-05
0.00010687806538643 0.00014373610495722 0.00013399971499089 0.00011400686290888 9.9594367259735e-05 9.0098474326804e-05 8.4662752721975e-05 8.0212386558711e-05 7.7491926855446e-05 7.5476180857707e-05
0.00010183970476794 0.00013662527677187 0.00012754939291154 0.0001089787169405 9.60252920999e-05 8.6895851227176e-05 8.1751160259981e-05 7.7491926855446e-05 7.4810677034193e-05 7.2860634598563e-05
9.8239582805571e-05 0.00013189448777796 0.00012281957710645 0.00010530678416641 9.3253709527705e-05 8.4454652083325e-05 7.9560600899681e-05 7.5476180857707e-05 7.2860634598563e-05 7.0950944149435e-05
