1.4183911856603e-05 6.448833576532e-05 6.0059677671904e-05 4.981105842855e-05 4.3969069092967e-05 3.9388425869225e-05 3.6993598533698e-05 3.5372509962536e-05 3.4111812889015e-05 3.3075402145854e-05
6.448833576532e-05 0.00027867078160903 0.00026832783779015 0.00021892924949776 0.00019198120896542 0.00016723666161878 0.00015446219224812 0.00014811122727968 0.00014291970600907 0.00013887716440136
6.0059677671904e-05 0.00026832783779015 0.00025787603393494 0.00021152843462368 0.00018756952911848 0.00016555231198659 0.00015199091689572 0.00014486233305268 0.0001402499033828 0.00013613816699273
4.981105842855e-05 0.00021892924949776 0.00021152843462368 0.00017412289615723 0.00015575934011483 0.00014029243370293 0.00013016217804964 0.00012334133535352 0.00011826657846691 0.00011432390643094
4.3969069092967e-05 0.00019198120896542 0.00018756952911848 0.00015575934011483 0.00013429380073506 0.0001248489611668 0.00011684668928176 0.00011049321172629 0.00010602342099017 0.00010234355294119
3.9388425869225e-05 0.00016723666161878 0.00016555231198659 0.00014029243370293 0.0001248489611668 0.00011374359225086 0.00010748520070915 0.00010172664996888 9.7689592595721e-05 9.4184091402263e-05
3.6993598533698e-05 0.00015446219224812 0.00015199091689572 0.00013016217804964 0.00011684668928176 0.00010748520070915 0.00010250345443448 9.7808134575286e-05 9.409604646798e-05 9.074618703167e-05
3.5372509962536e-05 0.00014811122727968 0.00014486233305268 0.00012334133535352 0.00011049321172629 0.00010172664996888 9.7808134575286e-05 9.4110853333659e-05 9.1018841436823e-05 8.8064197839209e-05
3.4111812889015e-05 0.00014291970600907 0.0001402499033828 0.00011826657846691 0.00010602342099017 9.7689592595721e-05 9.409604646798e-05 9.1018841436823e-05 8.8387201340227e-05 8.581178779723e-05
3.3075402145854e-05 0.00013887716440136 0.00013613816699273 0.00011432390643094 0.00010234355294119 9.4184091402263e-05 9.074618703167e-05 8.8064197839209e-05 8.581178779723e-05 8.3589371656083e-05
