0.00064549816374408 0.003635459562988 0.0034268648433284 0.0030528571339337 0.0023894669971112 0.0020444370629444 0.0018133050392425 0.0017063574107856 0.0016359951325895 0.0015671350503469
0.003635459562988 0.0023767064582067 0.0011437637220506 0.0010259094601626 0.00084803694391428 0.00065784837890384 0.00058481013507428 0.00054726630291178 0.00052552936931117 0.00050266224345363
0.0034268648433284 0.0011437637220506 0.0013536368152795 0.00086977537757922 0.00075469645629498 0.00064933937432891 0.00056906000711245 0.00055794400865286 0.0005488640516368 0.00053033443664453
0.0030528571339337 0.0010259094601626 0.00086977537757922 0.0010852195188251 0.00081254309959698 0.00065130774430809 0.00056002968441642 0.00050115037089512 0.00047186655107989 0.00045038009231444
0.0023894669971112 0.00084803694391428 0.00075469645629498 0.00081254309959698 0.00070369236510866 0.00054005422272958 0.00044202543297996 0.00037573420647615 0.00034230901071081 0.00032345259049919
0.0020444370629444 0.00065784837890384 0.00064933937432891 0.00065130774430809 0.00054005422272958 0.00045376274561163 0.00040369544297784 0.00037078879299802 0.00034770583579256 0.00032842189985638
0.0018133050392425 0.00058481013507428 0.00056906000711245 0.00056002968441642 0.00044202543297996 0.00040369544297784 0.00038215079408416 0.00036330511824197 0.00034481673079668 0.00032528410901841
0.0017063574107856 0.00054726630291178 0.00055794400865286 0.00050115037089512 0.00037573420647615 0.00037078879299802 0.00036330511824197 0.00036125257948248 0.0003513037184284 0.00033502344169268
0.0016359951325895 0.00052552936931117 0.0005488640516368 0.00047186655107989 0.00034230901071081 0.00034770583579256 0.00034481673079668 0.0003513037184284 0.00034773975545507 0.0003350235227808
0.0015671350503469 0.00050266224345363 0.00053033443664453 0.00045038009231444 0.00032345259049919 0.00032842189985638 0.00032528410901841 0.00033502344169268 0.0003350235227808 0.00032532020159848
