0.019305514560967 -0.0040684672190702 0.0027653005279978 -0.0020716331523256 0.0015990995246948 -0.0013192907725414 0.0011326119570999 -0.00099477423298125 0.00088313144497844 -0.00079025115265684
-0.0040684672190702 0.0097959736716563 -0.0047482512818087 0.0033766135112872 -0.0026414452150043 0.0021362242236834 -0.0017876955617535 0.001529683554986 -0.0013269690989521 0.0011618237351566
0.0027653005279978 -0.0047482512818087 0.0061168585875151 -0.0044826781334368 0.0035406421580467 -0.002909708834928 0.0024635863242271 -0.002126608685791 0.0018608726207245 -0.0016450845948548
-0.0020716331523256 0.0033766135112872 -0.0044826781334368 0.0045527798069699 -0.0038729238386288 0.0033081680926927 -0.0028738762743326 0.0025201516049781 -0.0022278224111246 0.001983893752152
0.0015990995246948 -0.0026414452150043 0.0035406421580467 -0.0038729238386288 0.0037164590118504 -0.0033504597649388 0.0030144008337755 -0.0027141453234872 0.0024492987642521 -0.0022180047689201
-0.0013192907725414 0.0021362242236834 -0.002909708834928 0.0033081680926927 -0.0033504597649388 0.0031959221284246 -0.0029832397513745 0.0027594071865452 -0.0025440025981394 0.0023442105641763
0.0011326119570999 -0.0017876955617535 0.0024635863242271 -0.0028738762743326 0.0030144008337755 -0.0029832397513745 0.0028797649952538 -0.0027321281559881 0.0025700623803527 -0.0024075984228262
-0.00099477423298125 0.001529683554986 -0.002126608685791 0.0025201516049781 -0.0027141453234872 0.0027594071865452 -0.0027321281559881 0.0026500308378876 -0.0025383196758957 0.0024137562879245
0.00088313144497844 -0.0013269690989521 0.0018608726207245 -0.0022278224111246 0.0024492987642521 -0.0025440025981394 0.0025700623803527 -0.0025383196758957 0.0024696212504815 -0.0023797904261746
-0.00079025115265684 0.0011618237351566 -0.0016450845948548 0.001983893752152 -0.0022180047689201 0.0023442105641763 -0.0024075984228262 0.0024137562879245 -0.0023797904261746 0.0023199568101464
