0.011067343724311 0.013180864785721 0.018267545237374 0.018900609708707 0.018146068293132 0.01708231285836 0.016012052772132 0.015037545366593 0.014140333023656 0.013341962051048
0.013180864785721 0.037242610231192 0.032240076078591 0.023210979356404 0.01528200815388 0.0091868827256408 0.0047137369363246 0.0016241580213028 0.00080094757755508 0.0021496575709185
0.018267545237374 0.032240076078591 0.044218444098959 0.041423179586724 0.034569979781051 0.027640123941784 0.021710647132126 0.016962810428095 0.01320853574213 0.010314037282953
0.018900609708707 0.023210979356404 0.041423179586724 0.045187591332037 0.042631082384611 0.038024185843342 0.033108665018053 0.028544808299052 0.024514955736998 0.021040729082768
0.018146068293132 0.01528200815388 0.034569979781051 0.042631082384611 0.044224698990599 0.042717438779496 0.039853834424059 0.036499172140968 0.033082014988133 0.029780114097193
0.01708231285836 0.0091868827256408 0.027640123941784 0.038024185843342 0.042717438779496 0.044019493823326 0.043352891810795 0.041565816540181 0.039188962695122 0.036501698360782
0.016012052772132 0.0047137369363246 0.021710647132126 0.033108665018053 0.039853834424059 0.043352891810795 0.04462317855977 0.044380821246731 0.043157024211589 0.04127730801515
0.015037545366593 0.0016241580213028 0.016962810428095 0.028544808299052 0.036499172140968 0.041565816540181 0.044380821246731 0.045493836147799 0.045358082034471 0.044324387688575
0.014140333023656 0.00080094757755508 0.01320853574213 0.024514955736998 0.033082014988133 0.039188962695122 0.043157024211589 0.045358082034471 0.046183923548897 0.045945356577094
0.013341962051048 0.0021496575709185 0.010314037282953 0.021040729082768 0.029780114097193 0.036501698360782 0.04127730801515 0.044324387688575 0.045945356577094 0.04641682024205
