0 3.1340731587922 -0.17033241442268 3.0074825648384 -0.035144058292493 3.1349382314033 -0.0061337977375355 3.1291096360684 -0.021253909865479 3.1157133664113
-3.1340731587922 0 -2.9489505138801 0.097111932878542 -3.0948475543735 0.048426072008395 -3.0588855704369 0.078680135119084 -3.076915834059 0.049312006874575
0.17033241442268 2.9489505138801 0 -3.1172393172023 0.052078898482967 -3.0993767724893 0.033148623579635 -3.139512070248 -0.038835345717751 3.0659178300914
-3.0074825648384 -0.097111932878542 3.1172393172023 0 -3.101150812583 0.050247038637237 -3.075050175934 0.065621092460723 -3.0883228874237 0.04190029880013
0.035144058292493 3.0948475543735 -0.052078898482967 3.101150812583 0 -3.1376076148222 0.017536797781886 -3.1243573679814 0.010604402297405 -3.1369719712872
-3.1349382314033 -0.048426072008395 3.0993767724893 -0.050247038637237 3.1376076148222 0 -3.1296224646188 0.010359122295517 -3.1376566072688 -0.0024087672883406
0.0061337977375355 3.0588855704369 -0.033148623579635 3.075050175934 -0.017536797781886 3.1296224646188 0 3.1388174272284 -0.0089385997307046 3.1264913716103
-3.1291096360684 -0.078680135119084 3.139512070248 -0.065621092460723 3.1243573679814 -0.010359122295517 -3.1388174272284 0 3.1363128855361 -0.010862170516612
0.021253909865479 3.076915834059 0.038835345717751 3.0883228874237 -0.010604402297405 3.1376566072688 0.0089385997307046 -3.1363128855361 0 3.135849962299
-3.1157133664113 -0.049312006874575 -3.0659178300914 -0.04190029880013 3.1369719712872 0.0024087672883406 -3.1264913716103 0.010862170516612 -3.135849962299 0
