0.00033437565292814 0.00030436316017919 0.00028083164491308 0.00022868144411195 0.0001918356554731 0.00016727613928424 0.00015346511332836 0.00014359915233134 0.00013553239791306 0.00012899442822288
0.00030436316017919 0.00027345219432143 0.00025557814016509 0.00020957469898012 0.00017482579726287 0.00015313641714326 0.00013948220750539 0.00012932646393847 0.00012184091916117 0.00011589609191967
0.00028083164491308 0.00025557814016509 0.00021223558576602 0.00018299115160049 0.00015331020986092 0.00013259836203499 0.00012258887106846 0.00011451012733192 0.00010880937555817 0.00010380157134525
0.00022868144411195 0.00020957469898012 0.00018299115160049 0.00015189988393399 0.00012668503469414 0.00011138855449839 0.0001015714066901 9.4574689421192e-05 8.9639300103708e-05 8.5814795125391e-05
0.0001918356554731 0.00017482579726287 0.00015331020986092 0.00012668503469414 0.00010455805268226 9.2765017344765e-05 8.5932088591457e-05 8.0775115657699e-05 7.6938528558937e-05 7.3843928162905e-05
0.00016727613928424 0.00015313641714326 0.00013259836203499 0.00011138855449839 9.2765017344765e-05 8.2299210551355e-05 7.6309446681613e-05 7.2292214602408e-05 6.9214634956696e-05 6.6654688718715e-05
0.00015346511332836 0.00013948220750539 0.00012258887106846 0.0001015714066901 8.5932088591457e-05 7.6309446681613e-05 7.082177078182e-05 6.7551291659338e-05 6.4951848856946e-05 6.2666336999433e-05
0.00014359915233134 0.00012932646393847 0.00011451012733192 9.4574689421192e-05 8.0775115657699e-05 7.2292214602408e-05 6.7551291659338e-05 6.4703578037082e-05 6.2294499092023e-05 6.0103973249599e-05
0.00013553239791306 0.00012184091916117 0.00010880937555817 8.9639300103708e-05 7.6938528558937e-05 6.9214634956696e-05 6.4951848856946e-05 6.2294499092023e-05 5.9885989401076e-05 5.7706921011325e-05
0.00012899442822288 0.00011589609191967 0.00010380157134525 8.5814795125391e-05 7.3843928162905e-05 6.6654688718715e-05 6.2666336999433e-05 6.0103973249599e-05 5.7706921011325e-05 5.5572182298216e-05
