0.10142421807003 0.00059051588461095 -0.00039368051230647 0.00033320387534282 -0.00028751002834439 0.00025166900724424 -0.00022652240863365 0.00020110848802241 -0.00018020118771191 0.00016417282422171
0.00059051588461095 0.010992630177345 -0.00097951556141552 0.00058962354367115 -0.00045850601724758 0.00026284383763742 -0.00023191027095511 0.00020121983070156 -0.00018112642127105 0.00017968739928146
-0.00039368051230647 -0.00097951556141552 0.010762515707766 -0.004097692783004 0.0027431180771004 -0.0017350019967028 0.0012244956899671 -0.00086509741859997 0.00059632364747537 -0.00041264895677538
0.00033320387534282 0.00058962354367115 -0.004097692783004 0.0078513693949107 -0.004834336467545 0.0034541493045815 -0.0025791372910214 0.0019513285680606 -0.001513861664837 0.0011983047416844
-0.00028751002834439 -0.00045850601724758 0.0027431180771004 -0.004834336467545 0.0058721759254212 -0.0046120904069228 0.003702703043362 -0.003002726675108 0.0024656706288023 -0.0020600892754987
0.00025166900724424 0.00026284383763742 -0.0017350019967028 0.0034541493045815 -0.0046120904069228 0.0046772316989629 -0.0041116330403724 0.0035388874304788 -0.0030473592130773 0.0026415123953492
-0.00022652240863365 -0.00023191027095511 0.0012244956899671 -0.0025791372910214 0.003702703043362 -0.0041116330403724 0.0040064404235329 -0.0036638924034775 0.0032968957746895 -0.0029580735878532
0.00020110848802241 0.00020121983070156 -0.00086509741859997 0.0019513285680606 -0.003002726675108 0.0035388874304788 -0.0036638924034775 0.0035459329404837 -0.003323170347532 0.0030760089982796
-0.00018020118771191 -0.00018112642127105 0.00059632364747537 -0.001513861664837 0.0024656706288023 -0.0030473592130773 0.0032968957746895 -0.003323170347532 0.0032258007781892 -0.0030691213464668
0.00016417282422171 0.00017968739928146 -0.00041264895677538 0.0011983047416844 -0.0020600892754987 0.0026415123953492 -0.0029580735878532 0.0030760089982796 -0.0030691213464668 0.0029889970504204
