0.16206264255832 0.10976464604144 0.099473287934579 0.089650137520926 0.079578685813766 0.069520484561442 0.059872600831589 0.050610995994661 0.042159898915091 0.034389725139736
0.10976464604144 0.087478795879375 0.08624431706115 0.082742663703854 0.077345913330088 0.070724120559978 0.063445795152341 0.055869457971013 0.048375297822033 0.04114518288432
0.099473287934579 0.08624431706115 0.089221865169898 0.088849557698781 0.085732455017758 0.080670432079223 0.074324801747558 0.067208159809876 0.059745391716267 0.052250702031572
0.089650137520926 0.082742663703854 0.088849557698781 0.091129437063943 0.090209681520029 0.086892252454152 0.081849723759163 0.07565863209044 0.068759434095854 0.061538991084904
0.079578685813766 0.077345913330088 0.085732455017758 0.090209681520029 0.091324949869988 0.089807427425033 0.086285660785063 0.081339182293895 0.075395869619428 0.06887202749387
0.069520484561442 0.070724120559978 0.080670432079223 0.086892252454152 0.089807427425033 0.09003015124209 0.088109657299085 0.084586759184699 0.07985444922031 0.074325972988445
0.059872600831589 0.063445795152341 0.074324801747558 0.081849723759163 0.086285660785063 0.088109657299085 0.087770658043526 0.085742032572761 0.082366137171107 0.078028188773248
0.050610995994661 0.055869457971013 0.067208159809876 0.07565863209044 0.081339182293895 0.084586759184699 0.085742032572761 0.085196363676308 0.083230975762199 0.080187496493002
0.042159898915091 0.048375297822033 0.059745391716267 0.068759434095854 0.075395869619428 0.07985444922031 0.082366137171107 0.083230975762199 0.082664073549352 0.080951404400926
0.034389725139736 0.04114518288432 0.052250702031572 0.061538991084904 0.06887202749387 0.074325972988445 0.078028188773248 0.080187496493002 0.080951404400926 0.080545237300648
