0.00049558104623629 0.0004432224442194 0.0003792958613112 0.00031464572822186 0.00027932617482094 0.00024570932663915 0.00022203602013401 0.00020710683592892 0.0001952701451091 0.00018607893803164
0.0004432224442194 0.00034291547949036 0.00030651523647054 0.00025602417146242 0.00022129710995391 0.0001909441094957 0.00017195654948133 0.00016101073682876 0.00015212588327029 0.00014528973347382
0.0003792958613112 0.00030651523647054 0.00026832036874439 0.00021989504909945 0.00019268529023575 0.00016883756076883 0.00015283341419388 0.00014293002966412 0.00013551724434911 0.00012943789128692
0.00031464572822186 0.00025602417146242 0.00021989504909945 0.00019045088567759 0.00016497764699263 0.00014584465347183 0.00013154828001774 0.00012331120058628 0.0001165517030217 0.00011117529241164
0.00027932617482094 0.00022129710995391 0.00019268529023575 0.00016497764699263 0.00013895105662089 0.00012405873759257 0.00011255149406132 0.00010558584880786 0.00010020931736576 9.5896770995148e-05
0.00024570932663915 0.0001909441094957 0.00016883756076883 0.00014584465347183 0.00012405873759257 0.00011105379903007 0.00010076687647314 9.4601961402936e-05 8.972900759314e-05 8.5770671650605e-05
0.00022203602013401 0.00017195654948133 0.00015283341419388 0.00013154828001774 0.00011255149406132 0.00010076687647314 9.1349481002764e-05 8.5868972917491e-05 8.1519179411749e-05 7.8037621757302e-05
0.00020710683592892 0.00016101073682876 0.00014293002966412 0.00012331120058628 0.00010558584880786 9.4601961402936e-05 8.5868972917491e-05 8.0752353735396e-05 7.6755938336987e-05 7.3571814050381e-05
0.0001952701451091 0.00015212588327029 0.00013551724434911 0.0001165517030217 0.00010020931736576 8.972900759314e-05 8.1519179411749e-05 7.6755938336987e-05 7.306370763216e-05 7.0125836314746e-05
0.00018607893803164 0.00014528973347382 0.00012943789128692 0.00011117529241164 9.5896770995148e-05 8.5770671650605e-05 7.8037621757302e-05 7.3571814050381e-05 7.0125836314746e-05 6.7401124127083e-05
