0.003249807637516 0.0026112473261015 0.0021976691848155 0.0019591533299011 0.001590732837205 0.0013847835968528 0.0012909071303304 0.0012472356773441 0.0012149455562494 0.0011852621627771
0.0026112473261015 0.001667408576282 0.0013340478286135 0.0012162540517384 0.0010137033378178 0.00087094403197632 0.00077990857365196 0.00072481406321586 0.00068576825687348 0.00065341759044866
0.0021976691848155 0.0013340478286135 0.0010141245944614 0.0010222331757943 0.00085773871652789 0.00074142368296876 0.00067615649221745 0.00063282258189242 0.00060273609627207 0.00057978553632628
0.0019591533299011 0.0012162540517384 0.0010222331757943 0.0009315367995345 0.00081895378982156 0.00072611571056805 0.00065707394875853 0.00060093114035254 0.00055996539654878 0.00052826590711071
0.001590732837205 0.0010137033378178 0.00085773871652789 0.00081895378982156 0.00070648173408553 0.00063771294050984 0.00057476117687272 0.00052117048993342 0.00048027305268484 0.00044815152252582
0.0013847835968528 0.00087094403197632 0.00074142368296876 0.00072611571056805 0.00063771294050984 0.00057976775236476 0.00052415641723287 0.00047463616871783 0.00043617294200413 0.00040560122235691
0.0012909071303304 0.00077990857365196 0.00067615649221745 0.00065707394875853 0.00057476117687272 0.00052415641723287 0.00047692579424774 0.00043571942870415 0.00040450784693776 0.00037973855378122
0.0012472356773441 0.00072481406321586 0.00063282258189242 0.00060093114035254 0.00052117048993342 0.00047463616871783 0.00043571942870415 0.00040261024106243 0.00037857078388418 0.00035974211400336
0.0012149455562494 0.00068576825687348 0.00060273609627207 0.00055996539654878 0.00048027305268484 0.00043617294200413 0.00040450784693776 0.00037857078388418 0.0003608526252213 0.00034716244408086
0.0011852621627771 0.00065341759044866 0.00057978553632628 0.00052826590711071 0.00044815152252582 0.00040560122235691 0.00037973855378122 0.00035974211400336 0.00034716244408086 0.00033746731250823
