3.1415926535898 -2.9387426920363 0.1095328304249 -2.9659735298372 0.25487416683386 -3.0066738053973 -0.081143588776315 2.8826749460399 -0.39328524270825 2.6589376870713
2.9387426920363 3.1415926535898 0.21618837972419 -3.1174333692786 0.048610745065942 0.47563537446983 -2.7598432981741 0.38047190961423 -2.781237072299 0.36150807764476
-0.1095328304249 -0.21618837972419 3.1415926535898 0.13744226220191 -2.9011274762808 0.17445265384229 3.0774884317634 -0.2982953091948 2.6293655042152 -0.66179235156959
2.9659735298372 3.1174333692786 -0.13744226220191 3.1415926535898 0.063765686438466 -3.0931511192673 -0.038809245721263 3.0182129402558 -0.20302595334175 2.8665188197154
-0.25487416683386 -0.048610745065942 2.9011274762808 -0.063765686438466 3.1415926535898 -0.0057373416610819 3.0793721452381 -0.10808199280418 2.9908994232542 -0.18994210830853
3.0066738053973 -0.47563537446983 -0.17445265384229 3.0931511192673 0.0057373416610819 3.1415926535898 -0.038300003636475 3.0758286266381 -0.087942267325675 3.0357068620981
0.081143588776315 2.7598432981741 -3.0774884317634 0.038809245721263 -3.0793721452381 0.038300003636475 3.1415926535898 -0.023340715208133 3.1005387914222 -0.052948710945623
-2.8826749460399 -0.38047190961423 0.2982953091948 -3.0182129402558 0.10808199280418 -3.0758286266381 0.023340715208133 3.1415926535898 -0.016617527068033 3.1150036070542
0.39328524270825 2.781237072299 -2.6293655042152 0.20302595334175 -2.9908994232542 0.087942267325675 -3.1005387914222 0.016617527068033 3.1415926535898 -0.0092196451697767
-2.6589376870713 -0.36150807764476 0.66179235156959 -2.8665188197154 0.18994210830853 -3.0357068620981 0.052948710945623 -3.1150036070542 0.0092196451697767 3.1415926535898
