0 -3.0989193290284 -0.0014775004065317 -3.1183525957008 -0.0034998266431221 -3.0981134813777 0.068328321234768 -2.9997296635122 0.22048175239662 -2.8314376492338
3.0989193290284 0 -3.1347332780668 0.057395224745398 -3.0925606634417 0.07556325316236 -3.0685868332597 0.081782509246043 -3.0474547701168 0.10829686882936
0.0014775004065317 3.1347332780668 0 -3.125333399485 -0.010223294822737 3.1403461664988 0.0042470359091297 -3.1258617503497 0.025879458931679 -3.1068650707231
3.1183525957008 -0.057395224745398 3.125333399485 0 3.1199181301756 -0.014530624033448 3.131401930101 -0.0069703947390658 3.1383194022187 -0.00038544912526522
0.0034998266431221 3.0925606634417 0.010223294822737 -3.1199181301756 0 -3.1360451360007 0.012042203926453 -3.1256011039593 0.019833996438231 -3.1191406092458
3.0981134813777 -0.07556325316236 -3.1403461664988 0.014530624033448 3.1360451360007 0 -3.1346042187884 0.011352977983918 -3.1264828818882 0.017741488457103
-0.068328321234768 3.0685868332597 -0.0042470359091297 -3.131401930101 -0.012042203926453 3.1346042187884 0 -3.137293699991 0.0075378582395905 -3.1319503504096
2.9997296635122 -0.081782509246043 3.1258617503497 0.0069703947390658 3.1256011039593 -0.011352977983918 3.137293699991 0 -3.1386967667743 0.0046866863582886
-0.22048175239662 3.0474547701168 -0.025879458931679 -3.1383194022187 -0.019833996438231 3.1264828818882 -0.0075378582395905 3.1386967667743 0 -3.1398673712063
2.8314376492338 -0.10829686882936 3.1068650707231 0.00038544912526522 3.1191406092458 -0.017741488457103 3.1319503504096 -0.0046866863582886 3.1398673712063 0
