-0.0061950317808267 9.8158225238078e-05 -0.00016108475675316 0.00018272603612791 -0.00010869114528294 6.5524689666275e-05 -1.399255004574e-05 6.2283903368757e-06 4.294863035837e-06 -1.2816922320746e-05
9.8158225238078e-05 -0.0086349498647957 0.0018259942651528 -0.00099703339667436 0.00060190933689257 -0.00035823532663346 0.00031761607297638 -0.00025055517641686 0.00020963540563248 -0.00017627082455366
-0.00016108475675316 0.0018259942651528 -0.0076905093692771 0.0029700714446904 -0.0018546572256733 0.0012900460383625 -0.00098501205028973 0.00078341915293736 -0.00062536729137589 0.00051897286179143
0.00018272603612791 -0.00099703339667436 0.0029700714446904 -0.0057640392330254 0.0033985674960787 -0.0024270900212995 0.0018717353622105 -0.0015475378806371 0.0013174554764111 -0.0011407100482395
-0.00010869114528294 0.00060190933689257 -0.0018546572256733 0.0033985674960787 -0.0040694062078034 0.0031214970222293 -0.0025348297889794 0.0021354208819822 -0.0018417931507531 0.001614046150692
6.5524689666275e-05 -0.00035823532663346 0.0012900460383625 -0.0024270900212995 0.0031214970222293 -0.0031667911578475 0.0027714745995835 -0.0024337102615352 0.0021569680689478 -0.0019313852233464
-1.399255004574e-05 0.00031761607297638 -0.00098501205028973 0.0018717353622105 -0.0025348297889794 0.0027714745995835 -0.0027224900083866 0.0025167926526942 -0.0023041954039813 0.0021115931783513
6.2283903368757e-06 -0.00025055517641686 0.00078341915293736 -0.0015475378806371 0.0021354208819822 -0.0024337102615352 0.0025167926526942 -0.0024513472115534 0.00231632719033 -0.0021719125741421
4.294863035837e-06 0.00020963540563248 -0.00062536729137589 0.0013174554764111 -0.0018417931507531 0.0021569680689478 -0.0023041954039813 0.00231632719033 -0.0022537433801937 0.0021589834783163
-1.2816922320746e-05 -0.00017627082455366 0.00051897286179143 -0.0011407100482395 0.001614046150692 -0.0019313852233464 0.0021115931783513 -0.0021719125741421 0.0021589834783163 -0.0021070411681659
