0 3.045533385201 -0.41922572235872 2.6807535153733 -0.45429221398757 2.5354405265407 -0.59965405647706 2.4126256807128 -0.75873627824906 2.0505215637734
-3.045533385201 0 3.0970819477395 0.029518556895028 -3.0473779994191 0.077203772935627 -3.0644225172617 0.081845707391435 -3.0471508367117 0.1112978214319
0.41922572235872 -3.0970819477395 0 -3.1174883489412 0.034099096597164 -3.0771337087186 0.07345097383001 -3.0541215226075 0.10605154928154 -3.0313769641429
-2.6807535153733 -0.029518556895028 3.1174883489412 0 -3.1368613170847 0.026884829620652 -3.1013294263768 0.056447460697076 -3.0674668114948 0.087393566982009
0.45429221398757 3.0473779994191 -0.034099096597164 3.1368613170847 0 -3.1280019623795 0.019482190968663 -3.1131281104641 0.040102192456475 -3.0924471146246
-2.5354405265407 -0.077203772935627 3.0771337087186 -0.026884829620652 3.1280019623795 0 -3.1357716542724 0.015323711499307 -3.1160675495294 0.033488491153912
0.59965405647706 3.0644225172617 -0.07345097383001 3.1013294263768 -0.019482190968663 3.1357716542724 0 -3.1311063825458 0.019822636057354 -3.1148462055309
-2.4126256807128 -0.081845707391435 3.0541215226075 -0.056447460697076 3.1131281104641 -0.015323711499307 3.1311063825458 0 -3.1324942443641 0.015622919942147
0.75873627824906 3.0471508367117 -0.10605154928154 3.0674668114948 -0.040102192456475 3.1160675495294 -0.019822636057354 3.1324942443641 0 -3.1354026114755
-2.0505215637734 -0.1112978214319 3.0313769641429 -0.087393566982009 3.0924471146246 -0.033488491153912 3.1148462055309 -0.015622919942147 3.1354026114755 0
