0.019416111556315 -0.0060138053314436 0.0048886537689104 -0.0040526197167999 0.0033094431918784 -0.0028522008208252 0.0024673102284428 -0.0021816304275284 0.0019323016047469 -0.001719606879022
-0.0060138053314436 0.012315698387908 -0.0043627272826881 0.0033463832880093 -0.0025156729309654 0.0020497791455544 -0.0017372428282132 0.0015382146877432 -0.0013775402303753 0.0012426015596469
0.0048886537689104 -0.0043627272826881 0.0085991357319954 -0.0045688780881349 0.003240730188549 -0.0025748387158663 0.0021315521708406 -0.0018285442499108 0.0015823443861749 -0.0013814264846411
-0.0040526197167999 0.0033463832880093 -0.0045688780881349 0.0060378558876611 -0.0042013990906266 0.0033106867681168 -0.0027285549202783 0.0023133374348856 -0.001998736628334 0.0017476854796537
0.0033094431918784 -0.0025156729309654 0.003240730188549 -0.0042013990906266 0.0042989634635917 -0.0035783088134955 0.0030178530273028 -0.0025917416031619 0.0022541402764432 -0.0019873945516052
-0.0028522008208252 0.0020497791455544 -0.0025748387158663 0.0033106867681168 -0.0035783088134955 0.0034535951917627 -0.0030586260350843 0.0026969373974611 -0.0023902607832937 0.0021354692623551
0.0024673102284428 -0.0017372428282132 0.0021315521708406 -0.0027285549202783 0.0030178530273028 -0.0030586260350843 0.0028939160354067 -0.0026419721307321 0.0024005771911735 -0.002187906723017
-0.0021816304275284 0.0015382146877432 -0.0018285442499108 0.0023133374348856 -0.0025917416031619 0.0026969373974611 -0.0026419721307321 0.0025012777450615 -0.002331012079941 0.0021672809078965
0.0019323016047469 -0.0013775402303753 0.0015823443861749 -0.001998736628334 0.0022541402764432 -0.0023902607832937 0.0024005771911735 -0.002331012079941 0.0022245360944802 -0.0021075333938545
-0.001719606879022 0.0012426015596469 -0.0013814264846411 0.0017476854796537 -0.0019873945516052 0.0021354692623551 -0.002187906723017 0.0021672809078965 -0.0021075333938545 0.0020303966983571
