0 -3.0830372317389 -0.12024341370675 2.906578139652 -0.21988291844634 3.06992796199 0.0050935859738492 -3.0999464272248 0.053416319061239 -3.0907085940145
3.0830372317389 0 -3.1331444691053 -0.19577123218635 3.0716191699152 -0.027832633894914 3.0924781354961 -0.048168076922456 3.1187415712041 -0.020808248312372
0.12024341370675 3.1331444691053 0 3.0870581198373 -0.016093791880911 3.1155903280789 0.0092762480341214 -3.1204050622967 0.012029681701711 3.1252138049145
-2.906578139652 0.19577123218635 -3.0870581198373 0 -3.0967230459511 0.034890611442711 -3.0950586141689 0.039073732452594 -3.0970089353974 0.050473875474941
0.21988291844634 -3.0716191699152 0.016093791880911 3.0967230459511 0 3.1204395330927 -0.010899627972127 3.1289676010177 -0.006412731783281 3.1392720531646
-3.06992796199 0.027832633894914 -3.1155903280789 -0.034890611442711 -3.1204395330927 0 -3.1305465518925 0.01117011547842 -3.1261412609255 0.017421475780943
-0.0050935859738492 -3.0924781354961 -0.0092762480341214 3.0950586141689 0.010899627972127 3.1305465518925 0 3.1407175975726 0.0020355970514412 -3.1369149372494
3.0999464272248 0.048168076922456 3.1204050622967 -0.039073732452594 -3.1289676010177 -0.01117011547842 -3.1407175975726 0 -3.1392563106745 0.0049233291670909
-0.053416319061239 -3.1187415712041 -0.012029681701711 3.0970089353974 0.006412731783281 3.1261412609255 -0.0020355970514412 3.1392563106745 0 -3.1390449072416
3.0907085940145 0.020808248312372 -3.1252138049145 -0.050473875474941 -3.1392720531646 -0.017421475780943 3.1369149372494 -0.0049233291670909 3.1390449072416 0
