0.013243164197494 -0.0013807318499974 0.0010115119164101 -0.00050585075599137 0.00036974126813877 -0.00030887085686255 0.00024305148377142 -0.00020340590523306 0.00017482057736447 -0.00015645683448655
-0.0013807318499974 0.0078469525418588 -0.0024238414786198 0.0015219834576307 -0.0011061041452743 0.00088918153710262 -0.00072262378103329 0.00059500816018759 -0.00049982501323535 0.00042997860005022
0.0010115119164101 -0.0024238414786198 0.0048364991433575 -0.0026957421359535 0.0020412930478875 -0.0016102605378252 0.0013243047039337 -0.0011213389160758 0.00096172333726564 -0.00083671954269746
-0.00050585075599137 0.0015219834576307 -0.0026957421359535 0.0032608234120341 -0.0025171532645941 0.0020556041214301 -0.0017283947640611 0.0014921037249718 -0.0013074146955127 0.0011607809875188
0.00036974126813877 -0.0011061041452743 0.0020412930478875 -0.0025171532645941 0.0025970988683811 -0.00225239295472 0.0019673871714768 -0.0017377982205846 0.0015491273038727 -0.0013953956105995
-0.00030887085686255 0.00088918153710262 -0.0016102605378252 0.0020556041214301 -0.00225239295472 0.0021673474947464 -0.0019801077609668 0.0018006232589311 -0.001639787848031 0.0015017860322652
0.00024305148377142 -0.00072262378103329 0.0013243047039337 -0.0017283947640611 0.0019673871714768 -0.0019801077609668 0.0019077259754459 -0.0017885964802043 0.0016664171856837 -0.0015524404255679
-0.00020340590523306 0.00059500816018759 -0.0011213389160758 0.0014921037249718 -0.0017377982205846 0.0018006232589311 -0.0017885964802043 0.0017265166563299 -0.0016429395319394 0.0015557053991181
0.00017482057736447 -0.00049982501323535 0.00096172333726564 -0.0013074146955127 0.0015491273038727 -0.001639787848031 0.0016664171856837 -0.0016429395319394 0.0015935470186193 -0.001531573720878
-0.00015645683448655 0.00042997860005022 -0.00083671954269746 0.0011607809875188 -0.0013953956105995 0.0015017860322652 -0.0015524404255679 0.0015557053991181 -0.001531573720878 0.0014910242174893
