0.10140930092704 0.00054596263026233 -0.00042820565900335 0.00032162741069973 -0.000276952588041 0.0002243798805548 -0.00020244168754397 0.00018654541613113 -0.00017291845675537 0.00016429117315511
0.00054596263026233 0.0098092688124096 -0.001499138763549 0.001002665161837 -0.00077260044798343 0.00038394826600223 -0.00031682982963098 0.00027760169503098 -0.00026842278777341 0.00028331026257779
-0.00042820565900335 -0.001499138763549 0.011036647620539 -0.0036283464855306 0.0021019111769344 -0.001601860865172 0.001236573768249 -0.0009723617103047 0.00080146205236969 -0.00069256551206964
0.00032162741069973 0.001002665161837 -0.0036283464855306 0.0076314515244102 -0.004470396323757 0.0033033382684389 -0.0026845375475963 0.0022274883047349 -0.0018859730512239 0.0016417684082304
-0.000276952588041 -0.00077260044798343 0.0021019111769344 -0.004470396323757 0.0055367130214792 -0.0042443918413795 0.0034933267592447 -0.0029561446186493 0.0025146575471576 -0.0021825552655205
0.0002243798805548 0.00038394826600223 -0.001601860865172 0.0033033382684389 -0.0042443918413795 0.0043533026565996 -0.0038672917857335 0.0033919032846367 -0.0029778070491656 0.0026392193941285
-0.00020244168754397 -0.00031682982963098 0.001236573768249 -0.0026845375475963 0.0034933267592447 -0.0038672917857335 0.0038267133822895 -0.0035351721863358 0.0032171696923133 -0.00292457661163
0.00018654541613113 0.00027760169503098 -0.0009723617103047 0.0022274883047349 -0.0029561446186493 0.0033919032846367 -0.0035351721863358 0.0034489662985892 -0.0032532521028792 0.0030357095722531
-0.00017291845675537 -0.00026842278777341 0.00080146205236969 -0.0018859730512239 0.0025146575471576 -0.0029778070491656 0.0032171696923133 -0.0032532521028792 0.0031676566563179 -0.0030277634993625
0.00016429117315511 0.00028331026257779 -0.00069256551206964 0.0016417684082304 -0.0021825552655205 0.0026392193941285 -0.00292457661163 0.0030357095722531 -0.0030277634993625 0.0029556300906271
