0.00050713213583748 0.00046247571240592 0.00037512802372783 0.00031746827538666 0.00027070592030484 0.00024541957412343 0.0002257952036267 0.0002114807543509 0.00020036379869124 0.00019220559133844
0.00046247571240592 0.00036397187754842 0.00030990811918371 0.00026603094892605 0.00022352597675995 0.00020182027383787 0.00018530944185015 0.00017283242621396 0.00016400022155452 0.00015737001870254
0.00037512802372783 0.00030990811918371 0.00025845342986781 0.00021930748822876 0.00018325013488626 0.00016490521330822 0.00015183327458841 0.0001422846872043 0.00013518130671222 0.00013004652017618
0.00031746827538666 0.00026603094892605 0.00021930748822876 0.00018910502172355 0.00015562170026883 0.0001419802246823 0.00013057962013766 0.00012252733337949 0.00011603741139859 0.00011128874460106
0.00027070592030484 0.00022352597675995 0.00018325013488626 0.00015562170026883 0.00012972406774461 0.0001175698591235 0.00010852088906063 0.00010243418378013 9.7622544627356e-05 9.4045252669613e-05
0.00024541957412343 0.00020182027383787 0.00016490521330822 0.0001419802246823 0.0001175698591235 0.00010599983392275 9.7659661765669e-05 9.2070446192849e-05 8.7762332274035e-05 8.4573649851773e-05
0.0002257952036267 0.00018530944185015 0.00015183327458841 0.00013057962013766 0.00010852088906063 9.7659661765669e-05 9.0553743064355e-05 8.5494991792718e-05 8.1581284293418e-05 7.8708256265048e-05
0.0002114807543509 0.00017283242621396 0.0001422846872043 0.00012252733337949 0.00010243418378013 9.2070446192849e-05 8.5494991792718e-05 8.0697986877546e-05 7.7042298955306e-05 7.4384277078061e-05
0.00020036379869124 0.00016400022155452 0.00013518130671222 0.00011603741139859 9.7622544627356e-05 8.7762332274035e-05 8.1581284293418e-05 7.7042298955306e-05 7.3647535621798e-05 7.1214270232027e-05
0.00019220559133844 0.00015737001870254 0.00013004652017618 0.00011128874460106 9.4045252669613e-05 8.4573649851773e-05 7.8708256265048e-05 7.4384277078061e-05 7.1214270232027e-05 6.8946217439432e-05
