3.1415926535898 2.2923080924407 -2.2742078561505 -0.068188617759895 -0.84156911228087 2.9200495721997 0.38934187462745 -2.8248723375285 0.26054464524984 -2.8767316976982
-2.2923080924407 3.1415926535898 -0.5652920466024 2.7435790457202 -0.058567580973324 3.0424404924454 -0.027683510582359 3.1087334780184 -0.094799568311077 2.9851388090647
2.2742078561505 0.5652920466024 3.1415926535898 -0.012023369070924 -3.0616576696767 0.08116916521839 3.1159142122444 -0.044349908286626 -3.1176665189155 0.072398115376443
0.068188617759895 -2.7435790457202 0.012023369070924 3.1415926535898 0.13480748592194 -2.9882322096177 0.15723505104779 -2.9708296791098 0.20918845247712 -2.9062477504971
0.84156911228087 0.058567580973324 3.0616576696767 -0.13480748592194 3.1415926535898 0.0024513760146475 3.1361108732901 -0.0065108683810086 3.1335870386654 -0.00599195101827
-2.9200495721997 -3.0424404924454 -0.08116916521839 2.9882322096177 -0.0024513760146475 3.1415926535898 0.0034099466574968 3.1292037748056 -0.022205059720876 3.114707154789
-0.38934187462745 0.027683510582359 -3.1159142122444 -0.15723505104779 -3.1361108732901 -0.0034099466574968 3.1415926535898 -0.023469948502212 3.1053478265132 -0.043081887133015
2.8248723375285 -3.1087334780184 0.044349908286626 2.9708296791098 0.0065108683810086 -3.1292037748056 0.023469948502212 3.1415926535898 -0.010182378568199 3.1276285486559
-0.26054464524984 0.094799568311077 3.1176665189155 -0.20918845247712 -3.1335870386654 0.022205059720876 -3.1053478265132 0.010182378568199 3.1415926535898 -0.0032886697910723
2.8767316976982 -2.9851388090647 -0.072398115376443 2.9062477504971 0.00599195101827 -3.114707154789 0.043081887133015 -3.1276285486559 0.0032886697910723 3.1415926535898
