0 0.53762888257789 -0.81746134322977 0.4784200860014 2.9511185349059 -0.16400493640997 -2.8435875625809 0.69625287253092 -1.9856355356187 1.3237303746195
-0.53762888257789 0 -3.0893692541683 0.15435898377156 -2.508032243339 1.2211758635388 -1.721347349754 1.6335996394556 -1.6892347322618 1.4562516679943
0.81746134322977 3.0893692541683 0 -3.0461913722319 -0.006012392407594 -3.0287586329937 0.10705211730585 -3.098599761852 0.034952200277188 -3.1314864903284
-0.4784200860014 -0.15435898377156 3.0461913722319 0 -3.1180381234034 -0.016145018138902 -3.0856046019852 0.10371924219301 -3.022658327552 0.13765830300477
-2.9511185349059 2.508032243339 0.006012392407594 3.1180381234034 0 3.1126939076873 -0.022759258436312 3.1272653397516 -0.010737230204287 3.1282504791309
0.16400493640997 -1.2211758635388 3.0287586329937 0.016145018138902 -3.1126939076873 0 3.1316139811005 -0.016282478658398 3.1231653975627 -0.020197275054838
2.8435875625809 1.721347349754 -0.10705211730585 3.0856046019852 0.022759258436312 -3.1316139811005 0 3.1377196196036 -0.0086853254842713 3.1303304430485
-0.69625287253092 -1.6335996394556 3.098599761852 -0.10371924219301 -3.1272653397516 0.016282478658398 -3.1377196196036 0 3.1364229793573 -0.0072238531805241
1.9856355356187 1.6892347322618 -0.034952200277188 3.022658327552 0.010737230204287 -3.1231653975627 0.0086853254842713 -3.1364229793573 0 3.1400845893941
-1.3237303746195 -1.4562516679943 3.1314864903284 -0.13765830300477 -3.1282504791309 0.020197275054838 -3.1303304430485 0.0072238531805241 -3.1400845893941 0
