0 3.1276613427655 -0.02639690358935 3.1277142649794 0.0048763802816714 3.1334598879316 -0.0068722038279573 3.1276319838137 -0.020841602941724 3.109853069114
-3.1276613427655 0 3.1196130102033 0.059100888984129 -3.0933350609459 0.052307644358097 -3.0749085512265 0.07577269201634 -3.0575006449904 0.088013903516406
0.02639690358935 -3.1196130102033 0 -3.1014074895628 0.029977012297656 -3.1272772524172 0.003202399942937 3.1328210912795 -0.016875604864214 3.1159234093857
-3.1277142649794 -0.059100888984129 3.1014074895628 0 3.1138318549826 -0.042150654374326 3.0890324695708 -0.06340525614414 3.0700011706677 -0.079733246664502
-0.0048763802816714 3.0933350609459 -0.029977012297656 -3.1138318549826 0 3.1304171361285 -0.018544300417784 3.1162881856816 -0.03032839619486 3.1058457738057
-3.1334598879316 -0.052307644358097 3.1272772524172 0.042150654374326 -3.1304171361285 0 3.1338884636719 -0.014305959114708 3.1217987179246 -0.025917196965082
0.0068722038279573 3.0749085512265 -0.003202399942937 -3.0890324695708 0.018544300417784 -3.1338884636719 0 3.1357267033059 -0.010184698750453 3.1266006892678
-3.1276319838137 -0.07577269201634 -3.1328210912795 0.06340525614414 -3.1162881856816 0.014305959114708 -3.1357267033059 0 3.1376550099404 -0.0081384602047871
0.020841602941724 3.0575006449904 0.016875604864214 -3.0700011706677 0.03032839619486 -3.1217987179246 0.010184698750453 -3.1376550099404 0 3.1376322744711
-3.109853069114 -0.088013903516406 -3.1159234093857 0.079733246664502 -3.1058457738057 0.025917196965082 -3.1266006892678 0.0081384602047871 -3.1376322744711 0
