-0.0094179309860605 0.00078857291532331 -0.00039209730792337 0.0002651741508152 -0.00017489213506306 0.00014021380234741 -0.0001270090175644 7.3265756241578e-05 -2.3838222055753e-05 -1.8569079149723e-05
0.00078857291532331 -0.0078842187151594 0.0020305008774353 -0.0011554772299965 0.00090958672358805 -0.00075852271368392 0.00059929897016592 -0.00051717129173142 0.00044934641750659 -0.0003954734677175
-0.00039209730792337 0.0020305008774353 -0.0053489598497484 0.0023692596299984 -0.001619757639169 0.0011993938671541 -0.00094826062635366 0.00077208251711307 -0.000647022757866 0.0005520025010889
0.0002651741508152 -0.0011554772299965 0.0023692596299984 -0.0035725516457998 0.0023646015855455 -0.0018290357188382 0.0014671324342911 -0.00122761693964 0.0010516719549544 -0.00091920579284643
-0.00017489213506306 0.00090958672358805 -0.001619757639169 0.0023646015855455 -0.0026237160244611 0.0021632951827429 -0.0018140593568897 0.0015534293724646 -0.0013608632394394 0.001208587940874
0.00014021380234741 -0.00075852271368392 0.0011993938671541 -0.0018290357188382 0.0021632951827429 -0.0021556277093192 0.0019137326790122 -0.0016964618327962 0.0015188123094755 -0.0013710139050958
-0.0001270090175644 0.00059929897016592 -0.00094826062635366 0.0014671324342911 -0.0018140593568897 0.0019137326790122 -0.0018407318298368 0.0016968733717236 -0.0015602197542541 0.0014348883545006
7.3265756241578e-05 -0.00051717129173142 0.00077208251711307 -0.00122761693964 0.0015534293724646 -0.0016964618327962 0.0016968733717236 -0.0016299992693814 0.0015385926789921 -0.0014421219467474
-2.3838222055753e-05 0.00044934641750659 -0.000647022757866 0.0010516719549544 -0.0013608632394394 0.0015188123094755 -0.0015602197542541 0.0015385926789921 -0.0014885909859825 0.0014209150710237
-1.8569079149723e-05 -0.0003954734677175 0.0005520025010889 -0.00091920579284643 0.001208587940874 -0.0013710139050958 0.0014348883545006 -0.0014421219467474 0.0014209150710237 -0.0013785044993503
