0.036881048960215 -0.014414585589419 0.0099566914441611 -0.0074273732074395 0.0060685572708587 -0.0049124538363851 0.0040507115352658 -0.003422206696985 0.0029246642787206 -0.0025265452171776
-0.014414585589419 0.018832154286688 -0.0084561288360326 0.0059097355266836 -0.0045466665257945 0.0036616265547549 -0.0030269010019361 0.0025383314461668 -0.0021604178941069 0.0018656513911532
0.0099566914441611 -0.0084561288360326 0.011554256594678 -0.0072326056386585 0.0053594739006934 -0.0041879868469655 0.0034011833706784 -0.0028219678545516 0.0023793870312553 -0.0020376093244826
-0.0074273732074395 0.0059097355266836 -0.0072326056386585 0.0076662681897722 -0.0059055444501683 0.0047475501645925 -0.0039321862074155 0.003302990016392 -0.0028126495737537 0.0024270015554829
0.0060685572708587 -0.0045466665257945 0.0053594739006934 -0.0059055444501683 0.0056705895599065 -0.0048614930067779 0.0041827821562895 -0.0036120080452368 0.0031444577114517 -0.0027617158016733
-0.0049124538363851 0.0036616265547549 -0.0041879868469655 0.0047475501645925 -0.0048614930067779 0.0045599564764571 -0.0041178797179171 0.0036812141288491 -0.0032898072638241 0.0029504805768066
0.0040507115352658 -0.0030269010019361 0.0034011833706784 -0.0039321862074155 0.0041827821562895 -0.0041178797179171 0.0039070691818071 -0.0036161319898355 0.0033186452653313 -0.0030404950480302
-0.003422206696985 0.0025383314461668 -0.0028219678545516 0.003302990016392 -0.0036120080452368 0.0036812141288491 -0.0036161319898355 0.003452229510392 -0.0032458545442822 0.0030329039673987
0.0029246642787206 -0.0021604178941069 0.0023793870312553 -0.0028126495737537 0.0031444577114517 -0.0032898072638241 0.0033186452653313 -0.0032458545442822 0.0031159094199283 -0.002962394300252
-0.0025265452171776 0.0018656513911532 -0.0020376093244826 0.0024270015554829 -0.0027617158016733 0.0029504805768066 -0.0030404950480302 0.0030329039673987 -0.002962394300252 0.0028592143826709
