-0.0083642768016085 0.00010977049077236 -0.00014659774516107 7.2584605836291e-05 -0.00021552003898535 0.00017740373896573 -0.000123265575896 0.00011431724252471 -0.00012806722774808 0.00013387977419753
0.00010977049077236 -0.0068255710192541 0.0012614889313019 -0.00084356889205632 0.00054431486240807 -0.00038269637588066 0.00029028297986826 -0.00022995201679457 0.00019215780648757 -0.00017139950479091
-0.00014659774516107 0.0012614889313019 -0.0051249535712508 0.0020037406253014 -0.0012480242907303 0.00093683339381154 -0.00073324972936391 0.00057673460024648 -0.00047800565654858 0.00040611486618823
7.2584605836291e-05 -0.00084356889205632 0.0020037406253014 -0.0033721565004657 0.0018804684417496 -0.0013694989578338 0.0010896842768891 -0.00087866104309659 0.00073555846647022 -0.00062789979381341
-0.00021552003898535 0.00054431486240807 -0.0012480242907303 0.0018804684417496 -0.0022974445138991 0.0017262345906292 -0.0013874133854849 0.0011527909263538 -0.0009876425966265 0.00086033949557279
0.00017740373896573 -0.00038269637588066 0.00093683339381154 -0.0013694989578338 0.0017262345906292 -0.0017620103267672 0.0015000948245785 -0.001286040962152 0.0011290394116914 -0.0009996547882198
-0.000123265575896 0.00029028297986826 -0.00073324972936391 0.0010896842768891 -0.0013874133854849 0.0015000948245785 -0.0014536994440013 0.0013081822666261 -0.0011833723648113 0.0010723446648052
0.00011431724252471 -0.00022995201679457 0.00057673460024648 -0.00087866104309659 0.0011527909263538 -0.001286040962152 0.0013081822666261 -0.0012549021155395 0.0011739265112036 -0.0010887624150636
-0.00012806722774808 0.00019215780648757 -0.00047800565654858 0.00073555846647022 -0.0009876425966265 0.0011290394116914 -0.0011833723648113 0.0011739265112036 -0.0011372386307892 0.0010788378565732
0.00013387977419753 -0.00017139950479091 0.00040611486618823 -0.00062789979381341 0.00086033949557279 -0.0009996547882198 0.0010723446648052 -0.0010887624150636 0.0010788378565732 -0.0010452254723774
