0.012241681647409 -0.0052632594928258 0.0023564133981602 -0.0019959633284761 0.0014741550887358 -0.0017666064231784 0.0018409984665262 -0.0015108338374466 0.001244765765212 -0.0011171707267149
-0.0052632594928258 0.0091967283461713 -0.0027754961862791 0.0025899774508926 -0.0014456207947692 0.0016949035512763 -0.0013019637664512 0.0009758552829355 -0.0008828735318387 0.00085753135668267
0.0023564133981602 -0.0027754961862791 0.0074331736129736 -0.0032449350089093 0.0024188818649982 -0.0021950989161725 0.0020835210668017 -0.0019614962333053 0.0017830431308086 -0.0015840530130132
-0.0019959633284761 0.0025899774508926 -0.0032449350089093 0.0050135967500783 -0.0023175225557005 0.0018213876414582 -0.001706199293102 0.0015581540310634 -0.0013935532263341 0.0012545310949568
0.0014741550887358 -0.0014456207947692 0.0024188818649982 -0.0023175225557005 0.0036546466043571 -0.0028627922322877 0.002375359795297 -0.0020154248049965 0.0016962447265236 -0.0014812387833497
-0.0017666064231784 0.0016949035512763 -0.0021950989161725 0.0018213876414582 -0.0028627922322877 0.0033516232094032 -0.0028831621389349 0.0024593697817497 -0.0021308350850485 0.0018705809368062
0.0018409984665262 -0.0013019637664512 0.0020835210668017 -0.001706199293102 0.002375359795297 -0.0028831621389349 0.00313438246671 -0.00283434011191 0.002487754412517 -0.0022094340590656
-0.0015108338374466 0.0009758552829355 -0.0019614962333053 0.0015581540310634 -0.0020154248049965 0.0024593697817497 -0.00283434011191 0.0027601378539068 -0.0025077256889297 0.0022675969047413
0.001244765765212 -0.0008828735318387 0.0017830431308086 -0.0013935532263341 0.0016962447265236 -0.0021308350850485 0.002487754412517 -0.0025077256889297 0.0024000628501613 -0.0022209883037802
-0.0011171707267149 0.00085753135668267 -0.0015840530130132 0.0012545310949568 -0.0014812387833497 0.0018705809368062 -0.0022094340590656 0.0022675969047413 -0.0022209883037802 0.0021189811769766
