0 3.1180108591029 -0.24335119156465 2.6251980603633 -1.0177072745351 2.1476066092192 -1.0576448717506 1.9914850102584 -1.2101449276154 1.8811811507513
-3.1180108591029 0 -3.0753157828547 -0.070396077180999 3.0962142683475 -0.16953922963078 2.813669517396 -0.43282906840559 2.6397502324157 -0.54721156689955
0.24335119156465 3.0753157828547 0 -3.1403204108381 0.010141572278262 3.112631062313 -0.074885120693971 3.0263233448743 -0.16723595398879 2.9111272761055
-2.6251980603633 0.070396077180999 3.1403204108381 0 3.133706953469 -0.031440148922171 3.0958254523734 -0.051454419908301 3.0713106039956 -0.099332885377769
1.0177072745351 -3.0962142683475 -0.010141572278262 -3.133706953469 0 3.1388204418946 -0.0033033035980745 3.1382267795911 -0.014477722856264 3.1084850655694
-2.1476066092192 0.16953922963078 -3.112631062313 0.031440148922171 -3.1388204418946 0 3.1359303199245 -0.0078913089237316 3.1235709915604 -0.030602698889076
1.0576448717506 -2.813669517396 0.074885120693971 -3.0958254523734 0.0033033035980745 -3.1359303199245 0 3.1399693621017 -0.0090869472084649 3.1240816557015
-1.9914850102584 0.43282906840559 -3.0263233448743 0.051454419908301 -3.1382267795911 0.0078913089237316 -3.1399693621017 0 3.136131636055 -0.011092079066185
1.2101449276154 -2.6397502324157 0.16723595398879 -3.0713106039956 0.014477722856264 -3.1235709915604 0.0090869472084649 -3.136131636055 0 3.1368388490447
-1.8811811507513 0.54721156689955 -2.9111272761055 0.099332885377769 -3.1084850655694 0.030602698889076 -3.1240816557015 0.011092079066185 -3.1368388490447 0
