0.013648258189062 -0.0034399431834146 0.0031136650654184 -0.0023212241628199 0.0017906508806466 -0.001446831420037 0.0012766845361077 -0.0011438286507054 0.0010280361840991 -0.00092680705454149
-0.0034399431834146 0.010042092592205 -0.0029567479671858 0.0019351060052587 -0.0015550902888379 0.0012394821305163 -0.0010377141023622 0.00085133929650687 -0.00071409362415409 0.00061346276639697
0.0031136650654184 -0.0029567479671858 0.0073169081322866 -0.0030445082740747 0.0021273393751296 -0.0016631128007545 0.0014021153553826 -0.0011694743563421 0.00099365201739854 -0.00085932088757777
-0.0023212241628199 0.0019351060052587 -0.0030445082740747 0.0048562522511725 -0.0029858892653149 0.0022416736763984 -0.0018214663548485 0.0015228808291893 -0.001314353464881 0.0011544438951485
0.0017906508806466 -0.0015550902888379 0.0021273393751296 -0.0029858892653149 0.0034398736186037 -0.0027096485841846 0.002253663123148 -0.0019038576064174 0.0016551970546094 -0.0014617153311694
-0.001446831420037 0.0012394821305163 -0.0016631128007545 0.0022416736763984 -0.0027096485841846 0.0027177700890514 -0.0023815786021071 0.0020787394327502 -0.0018409750675946 0.0016482843293486
0.0012766845361077 -0.0010377141023622 0.0014021153553826 -0.0018214663548485 0.002253663123148 -0.0023815786021071 0.0023129638596358 -0.0021065860635594 0.0019181556514278 -0.0017493803227367
-0.0011438286507054 0.00085133929650687 -0.0011694743563421 0.0015228808291893 -0.0019038576064174 0.0020787394327502 -0.0021065860635594 0.002014358855843 -0.0018864335182665 0.0017546665436831
0.0010280361840991 -0.00071409362415409 0.00099365201739854 -0.001314353464881 0.0016551970546094 -0.0018409750675946 0.0019181556514278 -0.0018864335182665 0.0018150252972541 -0.0017208987315726
-0.00092680705454149 0.00061346276639697 -0.00085932088757777 0.0011544438951485 -0.0014617153311694 0.0016482843293486 -0.0017493803227367 0.0017546665436831 -0.0017208987315726 0.0016604302073334
