3.1415926535898 -0.53113303129228 -2.367193296227 1.6777839011124 -0.59730890723111 2.5479363891685 -0.24518829754102 -3.0701938553284 0.26382636086116 -2.7468078872369
0.53113303129228 3.1415926535898 0.080073085864187 -2.9943742435169 0.16253449679799 -2.8968185533731 0.27935202753714 -2.851024327901 0.29894850067271 -2.8658729012095
2.367193296227 -0.080073085864187 3.1415926535898 0.0027652274830705 -3.0788115226231 0.11524541853211 -2.9859428001949 0.18112759936324 -2.9424003164671 0.20850990825081
-1.6777839011124 2.9943742435169 -0.0027652274830705 3.1415926535898 0.0067080065929114 3.1410610682792 -0.011425732486772 3.1177999976172 -0.035943088725444 3.0924372967898
0.59730890723111 -0.16253449679799 3.0788115226231 -0.0067080065929114 3.1415926535898 -0.0039914114441656 3.1342541654764 -0.014400130403014 3.1208035826917 -0.026744791129345
-2.5479363891685 2.8968185533731 -0.11524541853211 -3.1410610682792 0.0039914114441656 3.1415926535898 0.00057437108277582 3.1372577747282 -0.009989500936441 3.1262797301955
0.24518829754102 -0.27935202753714 2.9859428001949 0.011425732486772 -3.1342541654764 -0.00057437108277582 3.1415926535898 -0.0043581680224682 3.1322983004938 -0.013605490765017
3.0701938553284 2.851024327901 -0.18112759936324 -3.1177999976172 0.014400130403014 -3.1372577747282 0.0043581680224682 3.1415926535898 -0.0047939281143826 3.1327484600901
-0.26382636086116 -0.29894850067271 2.9424003164671 0.035943088725444 -3.1208035826917 0.009989500936441 -3.1322983004938 0.0047939281143826 3.1415926535898 -0.0038662398831881
2.7468078872369 2.8658729012095 -0.20850990825081 -3.0924372967898 0.026744791129345 -3.1262797301955 0.013605490765017 -3.1327484600901 0.0038662398831881 3.1415926535898
