-0.0042728287589653 -0.00014922333803433 4.7908716483435e-05 -0.00015278084766187 6.0116399479753e-05 -4.5889961563065e-05 5.9241842002096e-05 -4.9570055767314e-05 2.6062601187436e-05 -1.4722090328591e-05
-0.00014922333803433 -0.0064542247558137 0.00055318764279935 -0.00025499978180329 0.00021379734639545 -0.00014810686128598 0.00019196335233206 -0.00019613314839205 0.00017367522260808 -0.00015865172688404
4.7908716483435e-05 0.00055318764279935 -0.0065887323569246 0.0014406659783241 -0.00063616146035468 0.0004174317843244 -0.00026290372412647 0.00018777435595983 -0.00013653662860109 0.00010068185319484
-0.00015278084766187 -0.00025499978180329 0.0014406659783241 -0.0047337163169126 0.0019293436617809 -0.0013113730714618 0.00099103539440518 -0.00078613623655346 0.00063031173993836 -0.00053383847618732
6.0116399479753e-05 0.00021379734639545 -0.00063616146035468 0.0019293436617809 -0.0031963438479756 0.0020317435486879 -0.0015053186242946 0.0012180942777698 -0.0010099150837774 0.0008641041603304
-4.5889961563065e-05 -0.00014810686128598 0.0004174317843244 -0.0013113730714618 0.0020317435486879 -0.0023769584211158 0.0018465798676724 -0.0015348896153754 0.0013076276999378 -0.0011358964219881
5.9241842002096e-05 0.00019196335233206 -0.00026290372412647 0.00099103539440518 -0.0015053186242946 0.0018465798676724 -0.0018283623126792 0.0016076658792955 -0.0014098315154367 0.0012535717119353
-4.9570055767314e-05 -0.00019613314839205 0.00018777435595983 -0.00078613623655346 0.0012180942777698 -0.0015348896153754 0.0016076658792955 -0.0015789854952258 0.0014488060435861 -0.0013247054403429
2.6062601187436e-05 0.00017367522260808 -0.00013653662860109 0.00063031173993836 -0.0010099150837774 0.0013076276999378 -0.0014098315154367 0.0014488060435861 -0.001403006181607 0.0013221966619786
-1.4722090328591e-05 -0.00015865172688404 0.00010068185319484 -0.00053383847618732 0.0008641041603304 -0.0011358964219881 0.0012535717119353 -0.0013247054403429 0.0013221966619786 -0.001283309055575
