0.00074782635480198 0.00056281065844114 0.00048054078466884 0.00039738573770242 0.00034172536166755 0.00031659348300327 0.00029834015291649 0.0002849205796458 0.0002742611368853 0.000265476005491
0.00056281065844114 0.00044460424602317 0.00035694943514139 0.00029956518742889 0.00025812841332412 0.00023740170459425 0.00022325945322711 0.00021225006230543 0.00020324671803136 0.00019543719250215
0.00048054078466884 0.00035694943514139 0.00029723579125536 0.00025307036842317 0.00022135135841751 0.00020430238974725 0.00019126509746779 0.00018083025070373 0.0001724046604747 0.00016541018929046
0.00039738573770242 0.00029956518742889 0.00025307036842317 0.0002164436371527 0.00018546312409895 0.00017178887957936 0.00016173099961797 0.00015394609610797 0.00014754830503961 0.00014237619955489
0.00034172536166755 0.00025812841332412 0.00022135135841751 0.00018546312409895 0.00016102290104857 0.0001498216736165 0.00014157503205567 0.00013529767273095 0.00013012917705169 0.00012582607877136
0.00031659348300327 0.00023740170459425 0.00020430238974725 0.00017178887957936 0.0001498216736165 0.00013918780929733 0.00013160717096949 0.00012568569317801 0.00012079792559504 0.00011668251838063
0.00029834015291649 0.00022325945322711 0.00019126509746779 0.00016173099961797 0.00014157503205567 0.00013160717096949 0.0001247321190787 0.00011922515778828 0.00011463335686073 0.00011067414307481
0.0002849205796458 0.00021225006230543 0.00018083025070373 0.00015394609610797 0.00013529767273095 0.00012568569317801 0.00011922515778828 0.00011402349383059 0.0001097261695035 0.00010599196248187
0.0002742611368853 0.00020324671803136 0.0001724046604747 0.00014754830503961 0.00013012917705169 0.00012079792559504 0.00011463335686073 0.0001097261695035 0.00010571325470957 0.00010220838652366
0.000265476005491 0.00019543719250215 0.00016541018929046 0.00014237619955489 0.00012582607877136 0.00011668251838063 0.00011067414307481 0.00010599196248187 0.00010220838652366 9.8898233633844e-05
