0 3.1270309626068 -0.021983637289462 3.1391562902013 -0.00075011310779674 3.1382952498489 0.00017745716308482 3.1368852707359 0.0044512680343957 -3.1320346434467
-3.1270309626068 0 3.1242255461994 0.053391782719211 -3.0926552483518 0.093461614719296 -3.0476326600434 0.10158752968984 -3.0320826048987 0.11053777983332
0.021983637289462 -3.1242255461994 0 -3.0774294431363 0.074276276627502 -3.0313782415292 0.11488460209116 -3.010650067187 0.14319983944446 -2.9902214870703
-3.1391562902013 -0.053391782719211 3.0774294431363 0 -3.1363356318945 0.021932493157604 -3.1091042684856 0.046599189833483 -3.0864503410574 0.062302947444605
0.00075011310779674 3.0926552483518 -0.074276276627502 3.1363356318945 0 -3.1309534876704 0.012266480100316 -3.1205209241861 0.024338889237592 -3.1154676019644
-3.1382952498489 -0.093461614719296 3.0313782415292 -0.021932493157604 3.1309534876704 0 -3.1365063563536 0.013919221502407 -3.1252888152287 0.017309307584306
-0.00017745716308482 3.0476326600434 -0.11488460209116 3.1091042684856 -0.012266480100316 3.1365063563536 0 -3.1340540539796 0.0087162359930686 -3.1327689698164
-3.1368852707359 -0.10158752968984 3.010650067187 -0.046599189833483 3.1205209241861 -0.013919221502407 3.1340540539796 0 -3.1407400392677 0.00086934625733701
-0.0044512680343957 3.0320826048987 -0.14319983944446 3.0864503410574 -0.024338889237592 3.1252888152287 -0.0087162359930686 3.1407400392677 0 -3.1414935017909
3.1320346434467 -0.11053777983332 2.9902214870703 -0.062302947444605 3.1154676019644 -0.017309307584306 3.1327689698164 -0.00086934625733701 3.1414935017909 0
