0.00038252642840378 0.00030740057650373 0.00032088826012289 0.00027686236617252 0.00023616568263341 0.00021260746798489 0.00018522983745825 0.00018190550364074 0.00017427412869591 0.00016540188002415
0.00030740057650373 0.00048483351220256 0.00035579452911513 0.00032188155562561 0.00026864796175541 0.00024067324815239 0.00022589642449619 0.00020906628662511 0.00019820618679838 0.00018939949330085
0.00032088826012289 0.00035579452911513 0.00044911738049102 0.00031147850752884 0.00025232954387995 0.00022994340449347 0.00021545529685552 0.0002099736936237 0.00020011184253757 0.00019078160417571
0.00027686236617252 0.00032188155562561 0.00031147850752884 0.00036238911674659 0.0002717626155757 0.00021346249842282 0.00019649779984325 0.0001853698374005 0.00017772404601685 0.00016970840985385
0.00023616568263341 0.00026864796175541 0.00025232954387995 0.0002717626155757 0.00026891589964399 0.0001947079499476 0.00017602560391039 0.00016166272694165 0.00015391002528641 0.00014551425254174
0.00021260746798489 0.00024067324815239 0.00022994340449347 0.00021346249842282 0.0001947079499476 0.00018965187134397 0.00016658454355425 0.00015689181089837 0.00014790141100133 0.00014055564149854
0.00018522983745825 0.00022589642449619 0.00021545529685552 0.00019649779984325 0.00017602560391039 0.00016658454355425 0.00016691614389503 0.00016096437930126 0.0001541291894044 0.00014819442318446
0.00018190550364074 0.00020906628662511 0.0002099736936237 0.0001853698374005 0.00016166272694165 0.00015689181089837 0.00016096437930126 0.00016646055226759 0.00016159449646185 0.00015643946252746
0.00017427412869591 0.00019820618679838 0.00020011184253757 0.00017772404601685 0.00015391002528641 0.00014790141100133 0.0001541291894044 0.00016159449646185 0.00016006996034766 0.00015591534187778
0.00016540188002415 0.00018939949330085 0.00019078160417571 0.00016970840985385 0.00014551425254174 0.00014055564149854 0.00014819442318446 0.00015643946252746 0.00015591534187778 0.0001533740889927
