0.0087821131583196 -0.00023235313451914 0.00010599955081928 -3.8224091035355e-05 -4.0539740039676e-05 -1.5598393086902e-05 1.5542074832017e-05 -1.3039012672411e-05 -4.1451448846467e-06 1.5531611535688e-05
-0.00023235313451914 0.0061594422197369 -0.0013353391181782 0.00072724163601351 -0.00047007115658587 0.00038141164114482 -0.00030000376562627 0.00024080685681519 -0.00020670267947164 0.00018018048299439
0.00010599955081928 -0.0013353391181782 0.0041228035297215 -0.0016427939306601 0.00098906919714905 -0.00072134115287551 0.00057772106624706 -0.00046410327068102 0.00038533822434604 -0.00032207419101696
-3.8224091035355e-05 0.00072724163601351 -0.0016427939306601 0.0027777500334202 -0.0016747525136824 0.0011922865696457 -0.00091906365003519 0.0007356675800696 -0.0006135878361505 0.00052066075800835
-4.0539740039676e-05 -0.00047007115658587 0.00098906919714905 -0.0016747525136824 0.0018286454821208 -0.0013963554656544 0.0011274115428808 -0.0009368718338443 0.00080125201632746 -0.00069507796929094
-1.5598393086902e-05 0.00038141164114482 -0.00072134115287551 0.0011922865696457 -0.0013963554656544 0.0013802087841257 -0.0011877131947131 0.0010306335341367 -0.00090801011806737 0.00080785157967128
1.5542074832017e-05 -0.00030000376562627 0.00057772106624706 -0.00091906365003519 0.0011274115428808 -0.0011877131947131 0.0011386360505844 -0.0010341125212348 0.00093771231395624 -0.00085183510174544
-1.3039012672411e-05 0.00024080685681519 -0.00046410327068102 0.0007356675800696 -0.0009368718338443 0.0010306335341367 -0.0010341125212348 0.00099143950088334 -0.00092567175166918 0.00085870166498142
-4.1451448846467e-06 -0.00020670267947164 0.00038533822434604 -0.0006135878361505 0.00080125201632746 -0.00090801011806737 0.00093771231395624 -0.00092567175166918 0.00089083571932213 -0.00084359687556723
1.5531611535688e-05 0.00018018048299439 -0.00032207419101696 0.00052066075800835 -0.00069507796929094 0.00080785157967128 -0.00085183510174544 0.00085870166498142 -0.00084359687556723 0.00081438371009065
