-0.0094363037643007 0.0020493137127243 -0.00088962912476512 0.00083799852289156 -0.00056766297510526 0.00033357591971002 -0.00010246753098082 -4.6571975616782e-05 0.00012845940532055 -0.00018692989695411
0.0020493137127243 -0.012355557573262 0.0035629932997634 -0.0019163390444195 0.0014764535920158 -0.0012449339880786 0.00098886658575401 -0.00077380637356689 0.00062294667287161 -0.00049517009620339
-0.00088962912476512 0.0035629932997634 -0.0078225522586444 0.0038984400322247 -0.0025240826404956 0.0015554281489107 -0.00093173898206836 0.00057207153417021 -0.00032691370290629 0.00016547898977414
0.00083799852289156 -0.0019163390444195 0.0038984400322247 -0.0063910382278918 0.0047681145192254 -0.0035756164306744 0.0026526356489625 -0.0019653760817447 0.0014776656214558 -0.0011260985136087
-0.00056766297510526 0.0014764535920158 -0.0025240826404956 0.0047681145192254 -0.0054891690980595 0.0047535971161863 -0.0039139076576114 0.0031820299575332 -0.0025780136568885 0.002103770345539
0.00033357591971002 -0.0012449339880786 0.0015554281489107 -0.0035756164306744 0.0047535971161863 -0.0048699380120298 0.00439374082602 -0.0038266343419089 0.0032835981581457 -0.0028075727827087
-0.00010246753098082 0.00098886658575401 -0.00093173898206836 0.0026526356489625 -0.0039139076576114 0.00439374082602 -0.0043260797969976 0.0039881889165335 -0.0035867954142644 0.0031906791895435
-4.6571975616782e-05 -0.00077380637356689 0.00057207153417021 -0.0019653760817447 0.0031820299575332 -0.0038266343419089 0.0039881889165335 -0.0038486092940755 0.0035875894067642 -0.0032855968528146
0.00012845940532055 0.00062294667287161 -0.00032691370290629 0.0014776656214558 -0.0025780136568885 0.0032835981581457 -0.0035867954142644 0.0035875894067642 -0.003447449913301 0.0032366722846062
-0.00018692989695411 -0.00049517009620339 0.00016547898977414 -0.0011260985136087 0.002103770345539 -0.0028075727827087 0.0031906791895435 -0.0032855968528146 0.0032366722846062 -0.0031040278051226
