-0.0047575741199916 0.00011400766192494 -5.9791616941686e-05 9.3316374355221e-06 -2.9635872807326e-05 4.0778138164954e-05 -2.733479115881e-05 4.0728813863814e-05 -4.0187694461098e-05 3.6100553554818e-05
0.00011400766192494 -0.007246944163485 0.00081174638018417 -0.00042838466028799 0.00028151388479852 -0.00025665667664237 0.00023123613840161 -0.00022055015545197 0.00018463598230258 -0.00015442323153318
-5.9791616941686e-05 0.00081174638018417 -0.0069585728651064 0.0018671120762717 -0.0012332817174717 0.00088486731837613 -0.00070175149466032 0.00058110940914789 -0.00047519438768329 0.00039595139046512
9.3316374355221e-06 -0.00042838466028799 0.0018671120762717 -0.0052007295628713 0.0026270889525829 -0.0018436607503974 0.001414316685696 -0.0011779685667019 0.00099473523788824 -0.00084438062043768
-2.9635872807326e-05 0.00028151388479852 -0.0012332817174717 0.0026270889525829 -0.0037771437572504 0.0025831956280196 -0.0019888327555826 0.0016360687023059 -0.0013923124337389 0.0012037486540394
4.0778138164954e-05 -0.00025665667664237 0.00088486731837613 -0.0018436607503974 0.0025831956280196 -0.0027822895082262 0.0022770181425647 -0.0019529824461364 0.0016927094183087 -0.0014899102616651
-2.733479115881e-05 0.00023123613840161 -0.00070175149466032 0.001414316685696 -0.0019888327555826 0.0022770181425647 -0.0022283222238507 0.0020191391399316 -0.001813070101923 0.0016324940301093
4.0728813863814e-05 -0.00022055015545197 0.00058110940914789 -0.0011779685667019 0.0016360687023059 -0.0019529824461364 0.0020191391399316 -0.001974216177985 0.0018365603460593 -0.0016948655891527
-4.0187694461098e-05 0.00018463598230258 -0.00047519438768329 0.00099473523788824 -0.0013923124337389 0.0016927094183087 -0.001813070101923 0.0018365603460593 -0.0017749872439335 0.0016775950304165
3.6100553554818e-05 -0.00015442323153318 0.00039595139046512 -0.00084438062043768 0.0012037486540394 -0.0014899102616651 0.0016324940301093 -0.0016948655891527 0.0016775950304165 -0.0016218327933768
