0.046808856562056 0.055652673247737 0.061229656749268 0.065093815376945 0.067721418695388 0.069454069708079 0.070501281860322 0.070945847108253 0.070910259319238 0.070436631872408
0.055652673247737 0.067604047393699 0.075348638273662 0.080832690825472 0.084710192665399 0.087407520626868 0.089186705862107 0.090171873237628 0.090508885957693 0.090263002482535
0.061229656749268 0.075348638273662 0.084653973439905 0.091332366138686 0.096154876283079 0.099602225380545 0.10197032912955 0.10341157312448 0.10408654395117 0.10407658114997
0.065093815376945 0.080832690825472 0.091332366138686 0.098941496950489 0.10451430500439 0.10856922644693 0.11142580411644 0.11325703518883 0.11423355875414 0.11444855605516
0.067721418695388 0.084710192665399 0.096154876283079 0.10451430500439 0.11070403420292 0.11526882568248 0.11854479634551 0.1207206759168 0.12197376366448 0.1224063679836
0.069454069708079 0.087407520626868 0.099602225380545 0.10856922644693 0.11526882568248 0.12026369761931 0.1239013052365 0.1263823075585 0.12788820050385 0.12852828573774
0.070501281860322 0.089186705862107 0.10197032912955 0.11142580411644 0.11854479634551 0.1239013052365 0.12785003471218 0.13060043576075 0.13233631129798 0.13317218406668
0.070945847108253 0.090171873237628 0.10341157312448 0.11325703518883 0.1207206759168 0.1263823075585 0.13060043576075 0.13359085018858 0.13553800431865 0.13656025575098
0.070910259319238 0.090508885957693 0.10408654395117 0.11423355875414 0.12197376366448 0.12788820050385 0.13233631129798 0.13553800431865 0.13767706479459 0.13887442273768
0.070436631872408 0.090263002482535 0.10407658114997 0.11444855605516 0.1224063679836 0.12852828573774 0.13317218406668 0.13656025575098 0.13887442273768 0.14023714548513
