0 -2.7963179494131 -0.016715739148901 3.0027485613308 0.085882716172633 3.1372844904679 -0.086893871226239 3.0365343215535 -0.091672879563826 3.0900748182465
2.7963179494131 0 2.869120734649 -0.19863939983572 2.8960463733163 -0.1431219018148 3.083348014581 -0.018801703793871 3.1400870572986 0.027464794172943
0.016715739148901 -2.869120734649 0 2.9822869787957 0.0054376274721127 -3.0941670401818 0.054422787489992 -3.083954752784 0.072933814187171 -3.0595297504961
-3.0027485613308 0.19863939983572 -2.9822869787957 0 -3.1236899276598 0.015679999854101 -3.1315115021348 0.021023725749983 -3.1062917632071 0.0471126044102
-0.085882716172633 -2.8960463733163 -0.0054376274721127 3.1236899276598 0 3.129351316264 -0.024578034834295 3.116001241691 -0.02369867399998 3.1232507874127
-3.1372844904679 0.1431219018148 3.0941670401818 -0.015679999854101 -3.129351316264 0 3.1259779598287 -0.023955963205189 3.1153344198993 -0.031711231465779
0.086893871226239 -3.083348014581 -0.054422787489992 3.1315115021348 0.024578034834295 -3.1259779598287 0 3.1334093254268 -0.011248662449077 3.1247208896084
-3.0365343215535 0.018801703793871 3.083954752784 -0.021023725749983 -3.116001241691 0.023955963205189 -3.1334093254268 0 3.1403940396688 -0.005131571531606
0.091672879563826 -3.1400870572986 -0.072933814187171 3.1062917632071 0.02369867399998 -3.1153344198993 0.011248662449077 -3.1403940396688 0 3.138201689644
-3.0900748182465 -0.027464794172943 3.0595297504961 -0.0471126044102 -3.1232507874127 0.031711231465779 -3.1247208896084 0.005131571531606 -3.138201689644 0
