0.00040887016294896 0.00034578021478365 0.00028285401544123 0.00024308611294728 0.00021074764263983 0.00019720407823255 0.00018728216589299 0.00017987383418084 0.00017401389831666 0.00016906539879155
0.00034578021478365 0.00028763585576752 0.00023150268643093 0.00020034847841828 0.00017828799961905 0.00016395933609896 0.00015384994416216 0.0001462637908771 0.00014048046654556 0.00013588702426049
0.00028285401544123 0.00023150268643093 0.00018553827595741 0.00015921184589392 0.00014482304065605 0.00013571620309081 0.00012917333898668 0.00012425692766527 0.0001201746363489 0.00011662072995602
0.00024308611294728 0.00020034847841828 0.00015921184589392 0.00013614278752746 0.00012480420877274 0.00011811665548868 0.00011309062211389 0.00010899612202366 0.00010535652782099 0.0001022099831533
0.00021074764263983 0.00017828799961905 0.00014482304065605 0.00012480420877274 0.00011402096842214 0.000108763848703 0.00010405374636477 9.9856154222586e-05 9.6097053943336e-05 9.2888542830246e-05
0.00019720407823255 0.00016395933609896 0.00013571620309081 0.00011811665548868 0.000108763848703 0.00010408513451519 9.9372727148491e-05 9.5196297177296e-05 9.1489194854007e-05 8.837083992177e-05
0.00018728216589299 0.00015384994416216 0.00012917333898668 0.00011309062211389 0.00010405374636477 9.9372727148491e-05 9.4792648013606e-05 9.086268020034e-05 8.7493594198951e-05 8.4703438313676e-05
0.00017987383418084 0.0001462637908771 0.00012425692766527 0.00010899612202366 9.9856154222586e-05 9.5196297177296e-05 9.086268020034e-05 8.7268045863569e-05 8.4284378854115e-05 8.1870171604557e-05
0.00017401389831666 0.00014048046654556 0.0001201746363489 0.00010535652782099 9.6097053943336e-05 9.1489194854007e-05 8.7493594198951e-05 8.4284378854115e-05 8.1693115466112e-05 7.9654052139316e-05
0.00016906539879155 0.00013588702426049 0.00011662072995602 0.0001022099831533 9.2888542830246e-05 8.837083992177e-05 8.4703438313676e-05 8.1870171604557e-05 7.9654052139316e-05 7.7948311345075e-05
