0.013508865545905 0.0023434771748944 0.0013851079230264 0.00087166097941721 0.00067317292280075 0.00047235079526607 0.00033097004286649 0.00023412402162191 0.00020022833125691 0.00017749672015008 0.00016636927879649 0.00015910637105925 0.00015652898130569 0.0001488311496448 0.00013688401886854 0.0001457491761635 0.00014125050699182 0.00013418024729602 0.00013623386814073 0.000141103140276
0.0023434771748944 0.010080166713338 0.0030791657453705 0.0018660493769466 0.0014632712231445 0.0010082690145272 0.00075352997774689 0.00060370023992912 0.00049092941992645 0.00040463902274288 0.00033902770888502 0.00029037487173512 0.00025457248510952 0.00022921597764286 0.00019572558706796 0.00019740475009724 0.00018863841752162 0.00018808580451805 0.00018018464524638 0.00017810932690385
0.0013851079230264 0.0030791657453705 0.0075289198944104 0.0038815925591604 0.002845969147087 0.0022685447899125 0.0018656933318379 0.0015828476060165 0.0013644582797318 0.0011835722024443 0.0010502083621997 0.00094247474341134 0.00085388119572987 0.00077674204294657 0.00071121243458686 0.00066111569593135 0.00061314442585406 0.00057849227570508 0.00054372812872244 0.00051981208515382
0.00087166097941721 0.0018660493769466 0.0038815925591604 0.005976894071036 0.004125937353007 0.0032833549908909 0.0027527677276421 0.0023376372540959 0.0020356689262904 0.0017872554936347 0.0015862485787489 0.0014209100101073 0.0012841363000378 0.0011673773807245 0.0010635089302355 0.00098726380478764 0.00091194178234839 0.00086438100858903 0.00079897102396626 0.00075432127837481
0.00067317292280075 0.0014632712231445 0.002845969147087 0.004125937353007 0.0046326485057645 0.0038292058775431 0.0032654058822452 0.0028184881833672 0.0024830866535772 0.0022095344091101 0.0019893052789999 0.0018042868955368 0.0016498769879169 0.0015161330971601 0.0013946261669796 0.0013057922130288 0.0012187799143598 0.0011478943730262 0.00107599849972 0.0010180731473501
0.00047235079526607 0.0010082690145272 0.0022685447899125 0.0032833549908909 0.0038292058775431 0.0038768525562785 0.0034931081958883 0.003118053890394 0.0028141635488716 0.0025497299902689 0.0023266486714123 0.0021346818962713 0.001969493691485 0.0018240596606509 0.0016882214122966 0.0015896703302016 0.0014920140174328 0.0014105988047854 0.0013268675097198 0.001259919321141
0.00033097004286649 0.00075352997774689 0.0018656933318379 0.0027527677276421 0.0032654058822452 0.0034931081958883 0.0034385369425803 0.003199167326655 0.0029649258967976 0.0027412163413739 0.0025407569331632 0.0023612056662652 0.0022015490000633 0.0020573794658942 0.0019217469643202 0.0018177582018663 0.0017143341901662 0.001627924623026 0.001539222995437 0.0014672833088978
0.00023412402162191 0.00060370023992912 0.0015828476060165 0.0023376372540959 0.0028184881833672 0.003118053890394 0.003199167326655 0.0031282648457349 0.0029830608537164 0.0028152541229325 0.0026506181056333 0.0024946360582324 0.0023497115320045 0.0022149052383253 0.0020854882512711 0.0019826492779182 0.0018791064909396 0.0017928789530072 0.0017014823603171 0.0016282136771723
0.00020022833125691 0.00049092941992645 0.0013644582797318 0.0020356689262904 0.0024830866535772 0.0028141635488716 0.0029649258967976 0.0029830608537164 0.0029263481722834 0.0028172812210429 0.0026936048881775 0.0025670752567704 0.0024427686276052 0.0023223438811803 0.0022033664287012 0.0021064598551155 0.0020064281485772 0.0019226554233491 0.0018322509871461 0.0017595201780484
0.00017749672015008 0.00040463902274288 0.0011835722024443 0.0017872554936347 0.0022095344091101 0.0025497299902689 0.0027412163413739 0.0028152541229325 0.0028172812210429 0.0027640346229371 0.0026817909796963 0.0025867760412305 0.0024861395847712 0.0023835507325862 0.0022774188710824 0.002190528619243 0.0020971820004877 0.0020184865474927 0.001931710359247 0.0018613437597653
0.00016636927879649 0.00033902770888502 0.0010502083621997 0.0015862485787489 0.0019893052789999 0.0023266486714123 0.0025407569331632 0.0026506181056333 0.0026936048881775 0.0026817909796963 0.0026367172973182 0.0025717128081691 0.0024947826690397 0.0024109732199583 0.0023191572643715 0.0022437706543215 0.0021589190320256 0.0020866972494801 0.0020053903747032 0.0019385577767964
0.00015910637105925 0.00029037487173512 0.00094247474341134 0.0014209100101073 0.0018042868955368 0.0021346818962713 0.0023612056662652 0.0024946360582324 0.0025670752567704 0.0025867760412305 0.0025717128081691 0.0025337770851346 0.0024794179998151 0.0024142383971711 0.0023372780214358 0.002274272678768 0.0021990574823178 0.0021343148321118 0.002059661925729 0.0019975035131998
0.00015652898130569 0.00025457248510952 0.00085388119572987 0.0012841363000378 0.0016498769879169 0.001969493691485 0.0022015490000633 0.0023497115320045 0.0024427686276052 0.0024861395847712 0.0024947826690397 0.0024794179998151 0.0024452266264566 0.0023974099075269 0.0023347755974773 0.002284127606342 0.0022189151637816 0.0021618154561332 0.002094616358484 0.0020378011688591
0.0001488311496448 0.00022921597764286 0.00077674204294657 0.0011673773807245 0.0015161330971601 0.0018240596606509 0.0020573794658942 0.0022149052383253 0.0023223438811803 0.0023835507325862 0.0024109732199583 0.0024142383971711 0.0023974099075269 0.0023664508618528 0.0023160080876701 0.0022771926065678 0.0022218587262489 0.0021725322513365 0.0021129446333145 0.0020618723821905
0.00013688401886854 0.00019572558706796 0.00071121243458686 0.0010635089302355 0.0013946261669796 0.0016882214122966 0.0019217469643202 0.0020854882512711 0.0022033664287012 0.0022774188710824 0.0023191572643715 0.0023372780214358 0.0023347755974773 0.0023160080876701 0.0022974639701974 0.0022507086887443 0.0022047312219525 0.0021629627263282 0.0021108996336921 0.002065727726707
0.0001457491761635 0.00019740475009724 0.00066111569593135 0.00098726380478764 0.0013057922130288 0.0015896703302016 0.0018177582018663 0.0019826492779182 0.0021064598551155 0.002190528619243 0.0022437706543215 0.002274272678768 0.002284127606342 0.0022771926065678 0.0022507086887443 0.0022329175855483 0.00219549208903 0.0021610161807858 0.0021161948085952 0.0020768744084891
0.00014125050699182 0.00018863841752162 0.00061314442585406 0.00091194178234839 0.0012187799143598 0.0014920140174328 0.0017143341901662 0.0018791064909396 0.0020064281485772 0.0020971820004877 0.0021589190320256 0.0021990574823178 0.0022189151637816 0.0022218587262489 0.0022047312219525 0.00219549208903 0.0021708485382685 0.0021385738425373 0.0021005161909502 0.002066825269305
0.00013418024729602 0.00018808580451805 0.00057849227570508 0.00086438100858903 0.0011478943730262 0.0014105988047854 0.001627924623026 0.0017928789530072 0.0019226554233491 0.0020184865474927 0.0020866972494801 0.0021343148321118 0.0021618154561332 0.0021725322513365 0.0021629627263282 0.0021610161807858 0.0021385738425373 0.0021284763487955 0.0020850002235047 0.0020565241234574
0.00013623386814073 0.00018018464524638 0.00054372812872244 0.00079897102396626 0.00107599849972 0.0013268675097198 0.001539222995437 0.0017014823603171 0.0018322509871461 0.001931710359247 0.0020053903747032 0.002059661925729 0.002094616358484 0.0021129446333145 0.0021108996336921 0.0021161948085952 0.0021005161909502 0.0020850002235047 0.00205902284755 0.002035753416091
0.000141103140276 0.00017810932690385 0.00051981208515382 0.00075432127837481 0.0010180731473501 0.001259919321141 0.0014672833088978 0.0016282136771723 0.0017595201780484 0.0018613437597653 0.0019385577767964 0.0019975035131998 0.0020378011688591 0.0020618723821905 0.002065727726707 0.0020768744084891 0.002066825269305 0.0020565241234574 0.002035753416091 0.0020237813576439
