3.1415926535898 -0.014279118840488 -2.9862793482844 0.17321336366427 -2.9584147067612 0.091273880790632 2.9103995459277 -0.79010901561646 1.8268157308861 -1.6440257145008
0.014279118840488 3.1415926535898 0.014948125037541 -3.1211947722712 0.0088557202047766 -3.1294437159066 0.043336795384707 -3.0844210145224 0.073203391936288 -3.050341698192
2.9862793482844 -0.014948125037541 3.1415926535898 0.025117538050161 -3.1218806696705 0.0098551031016357 -3.1331142829641 0.0099116477992465 -3.1278257435096 0.018845430387292
-0.17321336366427 3.1211947722712 -0.025117538050161 3.1415926535898 -0.0088288911630615 3.1308241832307 -0.012504908161487 3.1290563553688 -0.011352762468591 3.1319522602072
2.9584147067612 -0.0088557202047766 3.1218806696705 0.0088288911630615 3.1415926535898 -0.00041545705496967 3.1410746462904 0.0010973603126209 -3.1386289941781 0.0046991092244789
-0.091273880790632 3.1294437159066 -0.0098551031016357 -3.1308241832307 0.00041545705496967 3.1415926535898 -0.00047474111321082 -3.1408767023326 0.0019395083456924 -3.1385335204071
-2.9103995459277 -0.043336795384707 3.1331142829641 0.012504908161487 -3.1410746462904 0.00047474111321082 3.1415926535898 0.0007553371751018 -3.1401765091317 0.0019904748623673
0.79010901561646 3.0844210145224 -0.0099116477992465 -3.1290563553688 -0.0010973603126209 3.1408767023326 -0.0007553371751018 3.1415926535898 0.00050759406997578 -3.1406861449494
-1.8268157308861 -0.073203391936288 3.1278257435096 0.011352762468591 3.1386289941781 -0.0019395083456924 3.1401765091317 -0.00050759406997578 3.1415926535898 0.00034685904306783
1.6440257145008 3.050341698192 -0.018845430387292 -3.1319522602072 -0.0046991092244789 3.1385335204071 -0.0019904748623673 3.1406861449494 -0.00034685904306783 3.1415926535898
