1.6048847933272e-05 7.1932704857233e-05 6.7432218152909e-05 5.7940943644948e-05 4.8099423499623e-05 4.3900815108343e-05 4.1947200847065e-05 4.0389246054165e-05 3.9020249452877e-05 3.7893669485985e-05
7.1932704857233e-05 0.00032026405989395 0.00029873642980249 0.0002502368090255 0.00020275091907766 0.00018582749428871 0.0001760454294109 0.00016906018948215 0.00016259097248612 0.00015723183741657
6.7432218152909e-05 0.00029873642980249 0.00027583042870072 0.00023622743794426 0.00019169376788257 0.00017430175004022 0.00016673764476698 0.00016013135026374 0.00015381019910638 0.00014816310727457
5.7940943644948e-05 0.0002502368090255 0.00023622743794426 0.00020955837847162 0.00017181243607638 0.0001578748695393 0.00014988577577601 0.0001426971221448 0.00013638994153991 0.00013130890607508
4.8099423499623e-05 0.00020275091907766 0.00019169376788257 0.00017181243607638 0.0001446526261269 0.0001312258075308 0.0001250749352806 0.00011993581674974 0.00011549851145691 0.00011192835842214
4.3900815108343e-05 0.00018582749428871 0.00017430175004022 0.0001578748695393 0.0001312258075308 0.00011926094421532 0.0001141474760561 0.00010940549723974 0.0001053184083703 0.00010209520660956
4.1947200847065e-05 0.0001760454294109 0.00016673764476698 0.00014988577577601 0.0001250749352806 0.0001141474760561 0.00010997439470406 0.00010591467251073 0.00010230960274148 9.9424897804574e-05
4.0389246054165e-05 0.00016906018948215 0.00016013135026374 0.0001426971221448 0.00011993581674974 0.00010940549723974 0.00010591467251073 0.00010239467248816 9.9299036739749e-05 9.6753072217069e-05
3.9020249452877e-05 0.00016259097248612 0.00015381019910638 0.00013638994153991 0.00011549851145691 0.0001053184083703 0.00010230960274148 9.9299036739749e-05 9.6698156681278e-05 9.4492942470959e-05
3.7893669485985e-05 0.00015723183741657 0.00014816310727457 0.00013130890607508 0.00011192835842214 0.00010209520660956 9.9424897804574e-05 9.6753072217069e-05 9.4492942470959e-05 9.2536771728288e-05
