0.0069129066544117 0.0012860178554847 0.0014571114408149 0.00088482024611517 0.00069144599552454 0.00065528116820962 0.00055981510349618 0.00053791266855505 0.00048815961591402 0.00044206534087158 0.0004215653358269 0.00038916508156186 0.00035941809190096 0.00032985198133355 0.00031128271098034 0.00028606097393137 0.00026801934125481 0.00024803530196371 0.00023175237524013 0.00023127328729737
0.0012860178554847 0.0065709909147792 0.0012772281447932 0.00094586885672783 0.00051544912360791 0.00050630927065143 0.0005985447771023 0.00048839357498615 0.00045210264061354 0.00040428018395423 0.00037134044666818 0.00033797825132273 0.00030462929963985 0.00028368990982978 0.00027763051833168 0.00025454806011662 0.00024435742762537 0.00023210002881616 0.0002220084595314 0.00018386013954495
0.0014571114408149 0.0012772281447932 0.0065412886101229 0.0020342408362308 0.0012782040596289 0.00097520979707873 0.00081495656496695 0.00063699226813535 0.00054342265602923 0.00051407647021537 0.00046504260015638 0.00041456644966756 0.00037130264128974 0.0003388666725065 0.00031361155617633 0.00028670281644359 0.00026367723652233 0.00026381416949401 0.0002270391958507 0.00020971934839783
0.00088482024611517 0.00094586885672783 0.0020342408362308 0.0049909915227879 0.002123352370249 0.0014767886121893 0.0012857706148567 0.0010684102149854 0.00091022197613613 0.00077720634252864 0.00070652217612398 0.00063391890179006 0.00057496910891108 0.00052833256287262 0.00048921933333919 0.00045601522341859 0.00042638188248457 0.00040299266477249 0.00037378123022899 0.00035292400866252
0.00069144599552454 0.00051544912360791 0.0012782040596289 0.002123352370249 0.0036674512950654 0.0022051893294639 0.0016328380756262 0.001382786557326 0.0011807567658695 0.0010420084447903 0.00093920319044169 0.00085560096393331 0.00077898085057106 0.00071443768776243 0.00066370829896135 0.00060863379353492 0.00056609508628113 0.00054280981938158 0.00049271211085841 0.00045956149847969
0.00065528116820962 0.00050630927065143 0.00097520979707873 0.0014767886121893 0.0022051893294639 0.0026952673372486 0.0019556576299666 0.0016472905998271 0.0014254346663444 0.0012744256546035 0.0011555920868376 0.0010501958649295 0.00096324356252805 0.00088565009193262 0.00082535501396315 0.00075974538943765 0.00070816619149849 0.00066378089570779 0.00061918043583674 0.00058425098769964
0.00055981510349618 0.0005985447771023 0.00081495656496695 0.0012857706148567 0.0016328380756262 0.0019556576299666 0.0021873171743586 0.0018441116073155 0.001604449655972 0.0014487819428251 0.0013168115299589 0.0011968787544146 0.0010956284191125 0.001011351268038 0.00094046362719649 0.00087173643163276 0.00081246944285158 0.00076524299902232 0.00071571903717593 0.0006768502678778
0.00053791266855505 0.00048839357498615 0.00063699226813535 0.0010684102149854 0.001382786557326 0.0016472905998271 0.0018441116073155 0.0018941096567953 0.0017049757724709 0.0015612431885523 0.0014378315097274 0.0013205267684027 0.0012184388755188 0.0011289229060669 0.0010553199752163 0.00098314515806291 0.00092065797712724 0.00086744278339009 0.00081833742872766 0.00077348197555791
0.00048815961591402 0.00045210264061354 0.00054342265602923 0.00091022197613613 0.0011807567658695 0.0014254346663444 0.001604449655972 0.0017049757724709 0.0016779495824494 0.0015789752305248 0.0014823532204353 0.0013822487317297 0.0012903439244158 0.0012067243643588 0.001135709497474 0.0010653880244482 0.0010037939050709 0.00095032878454692 0.00090028458587958 0.00085228715245821
0.00044206534087158 0.00040428018395423 0.00051407647021537 0.00077720634252864 0.0010420084447903 0.0012744256546035 0.0014487819428251 0.0015612431885523 0.0015789752305248 0.0015562970673921 0.0014925481855553 0.0014134280721261 0.0013352428425492 0.0012604004924138 0.0011953560859881 0.0011276377761386 0.0010681951415718 0.0010164104481363 0.00096503833934943 0.00091522384756218
0.0004215653358269 0.00037134044666818 0.00046504260015638 0.00070652217612398 0.00093920319044169 0.0011555920868376 0.0013168115299589 0.0014378315097274 0.0014823532204353 0.0014925481855553 0.0014718597233765 0.0014170711541553 0.0013550518128303 0.0012916807997693 0.0012347719087542 0.00117249011929 0.0011168155169884 0.0010683881291533 0.0010175872283579 0.00096807563604357
0.00038916508156186 0.00033797825132273 0.00041456644966756 0.00063391890179006 0.00085560096393331 0.0010501958649295 0.0011968787544146 0.0013205267684027 0.0013822487317297 0.0014134280721261 0.0014170711541553 0.0013892040967759 0.0013447531820196 0.0012941093601966 0.0012466260822655 0.0011918233196356 0.0011416815673548 0.0010971039172615 0.0010497048396666 0.0010029910823232
0.00035941809190096 0.00030462929963985 0.00037130264128974 0.00057496910891108 0.00077898085057106 0.00096324356252805 0.0010956284191125 0.0012184388755188 0.0012903439244158 0.0013352428425492 0.0013550518128303 0.0013447531820196 0.0013175919677075 0.001279491669715 0.0012416094162609 0.00119443436078 0.0011502706634732 0.0011100613151915 0.001066895618439 0.0010235282403606
0.00032985198133355 0.00028368990982978 0.0003388666725065 0.00052833256287262 0.00071443768776243 0.00088565009193262 0.001011351268038 0.0011289229060669 0.0012067243643588 0.0012604004924138 0.0012916807997693 0.0012941093601966 0.001279491669715 0.0012530761058276 0.0012242476405225 0.0011846651554689 0.0011466292414819 0.001111161391817 0.0010722936605271 0.0010324725959771
0.00031128271098034 0.00027763051833168 0.00031361155617633 0.00048921933333919 0.00066370829896135 0.00082535501396315 0.00094046362719649 0.0010553199752163 0.001135709497474 0.0011953560859881 0.0012347719087542 0.0012466260822655 0.0012416094162609 0.0012242476405225 0.0012075224877953 0.0011706535587824 0.0011383111267833 0.0011073005944142 0.00107254715194 0.0010361734663932
0.00028606097393137 0.00025454806011662 0.00028670281644359 0.00045601522341859 0.00060863379353492 0.00075974538943765 0.00087173643163276 0.00098314515806291 0.0010653880244482 0.0011276377761386 0.00117249011929 0.0011918233196356 0.00119443436078 0.0011846651554689 0.0011706535587824 0.0011448655130736 0.0011183497377364 0.0010920482947075 0.001061791463064 0.001029275427723
0.00026801934125481 0.00024435742762537 0.00026367723652233 0.00042638188248457 0.00056609508628113 0.00070816619149849 0.00081246944285158 0.00092065797712724 0.0010037939050709 0.0010681951415718 0.0011168155169884 0.0011416815673548 0.0011502706634732 0.0011466292414819 0.0011383111267833 0.0011183497377364 0.0010985492007572 0.0010750727893166 0.0010489992561023 0.0010200884736273
0.00024803530196371 0.00023210002881616 0.00026381416949401 0.00040299266477249 0.00054280981938158 0.00066378089570779 0.00076524299902232 0.00086744278339009 0.00095032878454692 0.0010164104481363 0.0010683881291533 0.0010971039172615 0.0011100613151915 0.001111161391817 0.0011073005944142 0.0010920482947075 0.0010750727893166 0.0010746257639378 0.0010342324795314 0.001008523615846
0.00023175237524013 0.0002220084595314 0.0002270391958507 0.00037378123022899 0.00049271211085841 0.00061918043583674 0.00071571903717593 0.00081833742872766 0.00090028458587958 0.00096503833934943 0.0010175872283579 0.0010497048396666 0.001066895618439 0.0010722936605271 0.00107254715194 0.001061791463064 0.0010489992561023 0.0010342324795314 0.0010153250487901 0.00099284083121555
0.00023127328729737 0.00018386013954495 0.00020971934839783 0.00035292400866252 0.00045956149847969 0.00058425098769964 0.0006768502678778 0.00077348197555791 0.00085228715245821 0.00091522384756218 0.00096807563604357 0.0010029910823232 0.0010235282403606 0.0010324725959771 0.0010361734663932 0.001029275427723 0.0010200884736273 0.001008523615846 0.00099284083121555 0.00099176407627445
