0 -3.0755076410421 0.078477085155497 -3.0695946383624 0.10788894917623 -3.0185045815421 0.13013600599114 -3.0037652893771 0.14934263515265 -2.9798603800509
3.0755076410421 0 -3.0883073183006 0.065144901930045 -3.0671707781478 0.074383642830993 -3.0669612421894 0.076272291047169 -3.0670851192219 0.06783321122956
-0.078477085155497 3.0883073183006 0 -3.1336510566236 0.0006681455432297 -3.1317399824064 0.01347583914106 -3.1240747025931 0.028656473964593 -3.1048933703137
3.0695946383624 -0.065144901930045 3.1336510566236 0 -3.1381868029019 0.0082786482791771 -3.1367043531464 0.0047246166121005 -3.1373402049121 0.002258001707096
-0.10788894917623 3.0671707781478 -0.0006681455432297 3.1381868029019 0 -3.1294660164072 0.016140979689539 -3.1228109267786 0.021100291104954 -3.118749556699
3.0185045815421 -0.074383642830993 3.1317399824064 -0.0082786482791771 3.1294660164072 0 -3.1378251433044 0.005666118035358 -3.1345447719213 0.0081012327299182
-0.13013600599114 3.0669612421894 -0.01347583914106 3.1367043531464 -0.016140979689539 3.1378251433044 0 -3.1400722519786 0.0026140870924499 -3.1385213471981
3.0037652893771 -0.076272291047169 3.1240747025931 -0.0047246166121005 3.1228109267786 -0.005666118035358 3.1400722519786 0 -3.1403458763525 0.001811293662757
-0.14934263515265 3.0670851192219 -0.028656473964593 3.1373402049121 -0.021100291104954 3.1345447719213 -0.0026140870924499 3.1403458763525 0 -3.1409650364289
2.9798603800509 -0.06783321122956 3.1048933703137 -0.002258001707096 3.118749556699 -0.0081012327299182 3.1385213471981 -0.001811293662757 3.1409650364289 0
