0.0013587550982107 0.0013062273041382 0.0010419723121688 0.00093962132305604 0.00084588817362844 0.00078182011939074 0.00073843225100731 0.00071354258523498 0.00069934178311911 0.00069079298253952
0.0013062273041382 0.0011258299498459 0.00096294563992511 0.0007656183541624 0.00066916721097753 0.00061331527119648 0.00055835034983532 0.00052513082825524 0.0005132760925656 0.00050810119424105
0.0010419723121688 0.00096294563992511 0.00080645287856465 0.00064724009755725 0.00058213797229601 0.00051096766843316 0.00047680035260521 0.00045799020573791 0.00044396793579735 0.00043623789073452
0.00093962132305604 0.0007656183541624 0.00064724009755725 0.00053755491810678 0.00047302288757699 0.00042708624124756 0.0004035543568708 0.00038874223415108 0.00037793961010497 0.00037208224020953
0.00084588817362844 0.00066916721097753 0.00058213797229601 0.00047302288757699 0.00040520862316112 0.00036438835805199 0.00035447021336333 0.00035210586165035 0.00035075353559791 0.00035020824614942
0.00078182011939074 0.00061331527119648 0.00051096766843316 0.00042708624124756 0.00036438835805199 0.00033591140988152 0.00033571323207216 0.0003375378050879 0.00033535790085691 0.00033398456308956
0.00073843225100731 0.00055835034983532 0.00047680035260521 0.0004035543568708 0.00035447021336333 0.00033571323207216 0.00033670382381378 0.00033776171131805 0.00033369412431174 0.0003303922664747
0.00071354258523498 0.00052513082825524 0.00045799020573791 0.00038874223415108 0.00035210586165035 0.0003375378050879 0.00033776171131805 0.00033687800713019 0.00033143033969176 0.00032718580732181
0.00069934178311911 0.0005132760925656 0.00044396793579735 0.00037793961010497 0.00035075353559791 0.00033535790085691 0.00033369412431174 0.00033143033969176 0.000324977930694 0.00032038546009047
0.00069079298253952 0.00050810119424105 0.00043623789073452 0.00037208224020953 0.00035020824614942 0.00033398456308956 0.0003303922664747 0.00032718580732181 0.00032038546009047 0.000315771756462
