0.011103086020061 -0.0010416405641993 0.00047686498249588 -0.00048679735754774 0.00040885817491212 -0.00042934624426969 0.00037575051699514 -0.00030788836484619 0.00025508338634788 -0.00021852328288349
-0.0010416405641993 0.0071248046252532 -0.0019267381929591 0.0013598415681758 -0.0009857466730579 0.0007723127399266 -0.00057333619847073 0.00044429839686011 -0.00035180831950491 0.00028648524470789
0.00047686498249588 -0.0019267381929591 0.0046785931351435 -0.0024693579948527 0.0017708042618224 -0.0013474823170767 0.0010779960178849 -0.00089046654280244 0.0007505757166487 -0.00064385287232117
-0.00048679735754774 0.0013598415681758 -0.0024693579948527 0.0030698630285093 -0.0022427544265372 0.0017900475904069 -0.0014719462589522 0.0012541328850522 -0.0010884765370258 0.00096195210362615
0.00040885817491212 -0.0009857466730579 0.0017708042618224 -0.0022427544265372 0.0023180133485327 -0.0019602643621617 0.0016830891180454 -0.0014708976520759 0.0013012298589287 -0.0011665541067331
-0.00042934624426969 0.0007723127399266 -0.0013474823170767 0.0017900475904069 -0.0019602643621617 0.0019098689436119 -0.0017266729241819 0.0015608507321897 -0.0014139320129798 0.0012914385936368
0.00037575051699514 -0.00057333619847073 0.0010779960178849 -0.0014719462589522 0.0016830891180454 -0.0017266729241819 0.0016676656527499 -0.0015621640932058 0.0014501777187623 -0.0013481389802557
-0.00030788836484619 0.00044429839686011 -0.00089046654280244 0.0012541328850522 -0.0014708976520759 0.0015608507321897 -0.0015621640932058 0.0015155739762541 -0.001440247673512 0.0013618625990965
0.00025508338634788 -0.00035180831950491 0.0007505757166487 -0.0010884765370258 0.0013012298589287 -0.0014139320129798 0.0014501777187623 -0.001440247673512 0.0013973542074701 -0.0013416399003826
-0.00021852328288349 0.00028648524470789 -0.00064385287232117 0.00096195210362615 -0.0011665541067331 0.0012914385936368 -0.0013481389802557 0.0013618625990965 -0.0013416399003826 0.001305207957285
