0.030319641475843 0.012032870395493 0.0082842687979387 0.0066285793546991 0.0056491788400556 0.0046133170541089 0.003930653917466 0.0034556894053585 0.0030649151537439 0.0027318804577739 0.002434252011097 0.0021770806378616 0.001956471105727 0.0017670128894118 0.0016063594734855 0.0014665876081176 0.0013352701504242 0.0012137272319968 0.0011208136985727 0.00098071336286023
0.012032870395493 0.015188859915513 0.0066643419008981 0.0048413284677997 0.0041022741876435 0.003391724014514 0.0028355847016327 0.0024541368451153 0.0021143747188991 0.0018523604981433 0.0016350519828746 0.0014467476468556 0.0012936409195459 0.0011561510766296 0.0010410462655185 0.00092597526401071 0.00086195840357561 0.00079628830438889 0.00071866172323904 0.00064161855948066
0.0082842687979387 0.0066643419008981 0.011311694107023 0.0062089577869808 0.004599990642293 0.0035610874442434 0.0029274180576383 0.0024801658642334 0.0021303216881977 0.001861871687012 0.001638629393555 0.0014491494409441 0.0012864596405809 0.0011514038595968 0.0010152944747031 0.00092899266421563 0.00084148292487363 0.00076009009585166 0.00069108346295302 0.00064369002022748
0.0066285793546991 0.0048413284677997 0.0062089577869808 0.0085556556163411 0.0056639681276406 0.004436159240187 0.0037064959424082 0.0031555072537882 0.0027261631183173 0.0023953267214268 0.0021153385880504 0.0018811305120735 0.0016839920004131 0.0015149079357946 0.0013693875616412 0.0012468717127083 0.0011354288296178 0.0010279146104234 0.00095638136805438 0.00092268412122834
0.0056491788400556 0.0041022741876435 0.004599990642293 0.0056639681276406 0.0062555542369093 0.0050224728752558 0.0042107009206323 0.0036068331838289 0.0031187710305303 0.0027365590406156 0.002424161893995 0.0021584431407202 0.0019315059312528 0.0017402507222875 0.0015726093715673 0.0014360667896427 0.0013115735598462 0.0011983896530066 0.001105532698651 0.0010400613554234
0.0046133170541089 0.003391724014514 0.0035610874442434 0.004436159240187 0.0050224728752558 0.0050985151004876 0.0044787797257885 0.0039433197330733 0.0034879442304016 0.0031119607911254 0.0027915003703172 0.0025146138397557 0.0022729367356608 0.0020689925049848 0.0018879411205821 0.0017429866360515 0.0016023190139569 0.0014814173321217 0.0013723790197152 0.001295408203888
0.003930653917466 0.0028355847016327 0.0029274180576383 0.0037064959424082 0.0042107009206323 0.0044787797257885 0.0043695101956838 0.0040036560774104 0.0036323507212668 0.0032991851582665 0.0030012224326857 0.0027348888105363 0.0024974040702096 0.0022926504091774 0.0021054834037591 0.0019565402505272 0.0018107988855201 0.0016841536444243 0.001565157575178 0.0014785615595894
0.0034556894053585 0.0024541368451153 0.0024801658642334 0.0031555072537882 0.0036068331838289 0.0039433197330733 0.0040036560774104 0.0038732732077458 0.0036220382274625 0.0033622107264529 0.0031118466801956 0.0028775515148691 0.0026617035268275 0.0024686329518212 0.0022902515910946 0.0021386170409512 0.0019987809592042 0.0018726481158088 0.001747810895644 0.0016576670043017
0.0030649151537439 0.0021143747188991 0.0021303216881977 0.0027261631183173 0.0031187710305303 0.0034879442304016 0.0036323507212668 0.0036220382274625 0.0035007015008895 0.0033235949469953 0.0031315925433201 0.0029388333700438 0.0027532750140053 0.0025804332046158 0.0024183570015144 0.0022731355739385 0.0021416138950966 0.0020195967954784 0.0018964506972725 0.0018044669624914
0.0027318804577739 0.0018523604981433 0.001861871687012 0.0023953267214268 0.0027365590406156 0.0031119607911254 0.0032991851582665 0.0033622107264529 0.0033235949469953 0.0032253675931643 0.0030918583452275 0.0029431073493004 0.0027914382294489 0.0026429294942875 0.0025002127132164 0.002367693278459 0.0022469561670349 0.0021329393872859 0.0020146821297216 0.0019256970200721
0.002434252011097 0.0016350519828746 0.001638629393555 0.0021153385880504 0.002424161893995 0.0027915003703172 0.0030012224326857 0.0031118466801956 0.0031315925433201 0.0030918583452275 0.0030122372294499 0.0029064043310528 0.0027892092368806 0.0026668542042962 0.0025454141157873 0.0024282993425171 0.0023203764276734 0.0022167162756934 0.0021052982484782 0.0020230160861068
0.0021770806378616 0.0014467476468556 0.0014491494409441 0.0018811305120735 0.0021584431407202 0.0025146138397557 0.0027348888105363 0.0028775515148691 0.0029388333700438 0.0029431073493004 0.0029064043310528 0.0028390750391703 0.0027542226166839 0.0026577789429668 0.0025577785623373 0.0024569852076531 0.0023632410031142 0.0022708664759676 0.0021678089622187 0.0020939114940385
0.001956471105727 0.0012936409195459 0.0012864596405809 0.0016839920004131 0.0019315059312528 0.0022729367356608 0.0024974040702096 0.0026617035268275 0.0027532750140053 0.0027914382294489 0.0027892092368806 0.0027542226166839 0.002701226946357 0.0026263349655518 0.00254689749151 0.0024623151366633 0.0023830959916428 0.0023024478620208 0.002208579944974 0.0021438753014321
0.0017670128894118 0.0011561510766296 0.0011514038595968 0.0015149079357946 0.0017402507222875 0.0020689925049848 0.0022926504091774 0.0024686329518212 0.0025804332046158 0.0026429294942875 0.0026668542042962 0.0026577789429668 0.0026263349655518 0.0025763429916761 0.0025158002811593 0.0024468438612597 0.0023820395876971 0.0023133421175285 0.0022292448006712 0.0021742777516446
0.0016063594734855 0.0010410462655185 0.0010152944747031 0.0013693875616412 0.0015726093715673 0.0018879411205821 0.0021054834037591 0.0022902515910946 0.0024183570015144 0.0025002127132164 0.0025454141157873 0.0025577785623373 0.00254689749151 0.0025158002811593 0.0024908032647362 0.0024177147980023 0.0023662703543166 0.0023088047095896 0.0022340410748202 0.002188327785866
0.0014665876081176 0.00092597526401071 0.00092899266421563 0.0012468717127083 0.0014360667896427 0.0017429866360515 0.0019565402505272 0.0021386170409512 0.0022731355739385 0.002367693278459 0.0024282993425171 0.0024569852076531 0.0024623151366633 0.0024468438612597 0.0024177147980023 0.002416875931654 0.0023361486083716 0.0022891273956336 0.0022233836940344 0.0021863775955683
0.0013352701504242 0.00086195840357561 0.00084148292487363 0.0011354288296178 0.0013115735598462 0.0016023190139569 0.0018107988855201 0.0019987809592042 0.0021416138950966 0.0022469561670349 0.0023203764276734 0.0023632410031142 0.0023830959916428 0.0023820395876971 0.0023662703543166 0.0023361486083716 0.0023078103524782 0.0022706201210601 0.0022134446216138 0.0021843369212825
0.0012137272319968 0.00079628830438889 0.00076009009585166 0.0010279146104234 0.0011983896530066 0.0014814173321217 0.0016841536444243 0.0018726481158088 0.0020195967954784 0.0021329393872859 0.0022167162756934 0.0022708664759676 0.0023024478620208 0.0023133421175285 0.0023088047095896 0.0022891273956336 0.0022706201210601 0.0022589860522909 0.0021931034828471 0.0021712784511786
0.0011208136985727 0.00071866172323904 0.00069108346295302 0.00095638136805438 0.001105532698651 0.0013723790197152 0.001565157575178 0.001747810895644 0.0018964506972725 0.0020146821297216 0.0021052982484782 0.0021678089622187 0.002208579944974 0.0022292448006712 0.0022340410748202 0.0022233836940344 0.0022134446216138 0.0021931034828471 0.0021647123538799 0.0021360023155807
0.00098071336286023 0.00064161855948066 0.00064369002022748 0.00092268412122834 0.0010400613554234 0.001295408203888 0.0014785615595894 0.0016576670043017 0.0018044669624914 0.0019256970200721 0.0020230160861068 0.0020939114940385 0.0021438753014321 0.0021742777516446 0.002188327785866 0.0021863775955683 0.0021843369212825 0.0021712784511786 0.0021360023155807 0.0022590484094433
