0.00026922926179823 0.00023934443194435 0.00018611486545561 0.00016240795140283 0.00013030962147591 0.00011300856605024 0.00010178631665115 9.4795825687133e-05 8.9675851629989e-05 8.5861945088812e-05
0.00023934443194435 0.00019132274849807 0.00016230595029896 0.00013175292835465 0.00010412751552166 9.2574954841589e-05 8.4755914865668e-05 7.9532449098655e-05 7.5139088340195e-05 7.196279320381e-05
0.00018611486545561 0.00016230595029896 0.00013146472312925 0.00010791220205821 8.4799952660402e-05 7.3639145103297e-05 6.6919931470174e-05 6.2472500881816e-05 5.9410001758011e-05 5.6894009435208e-05
0.00016240795140283 0.00013175292835465 0.00010791220205821 8.257719991724e-05 6.9082531410166e-05 6.1531584153857e-05 5.6030223980599e-05 5.226289340382e-05 4.9316315609674e-05 4.7127320138764e-05
0.00013030962147591 0.00010412751552166 8.4799952660402e-05 6.9082531410166e-05 5.6751948132939e-05 5.0859837158231e-05 4.6615949324004e-05 4.3636713123739e-05 4.1398951402747e-05 3.9599657148046e-05
0.00011300856605024 9.2574954841589e-05 7.3639145103297e-05 6.1531584153857e-05 5.0859837158231e-05 4.5156168285986e-05 4.1379798381691e-05 3.8733458959982e-05 3.6719013025409e-05 3.5168570564664e-05
0.00010178631665115 8.4755914865668e-05 6.6919931470174e-05 5.6030223980599e-05 4.6615949324004e-05 4.1379798381691e-05 3.7709465561e-05 3.5324007647952e-05 3.3509947110894e-05 3.2127469086322e-05
9.4795825687133e-05 7.9532449098655e-05 6.2472500881816e-05 5.226289340382e-05 4.3636713123739e-05 3.8733458959982e-05 3.5324007647952e-05 3.3199161663562e-05 3.1593272840334e-05 3.037215637236e-05
8.9675851629989e-05 7.5139088340195e-05 5.9410001758011e-05 4.9316315609674e-05 4.1398951402747e-05 3.6719013025409e-05 3.3509947110894e-05 3.1593272840334e-05 3.0123830958002e-05 2.9000842779418e-05
8.5861945088812e-05 7.196279320381e-05 5.6894009435208e-05 4.7127320138764e-05 3.9599657148046e-05 3.5168570564664e-05 3.2127469086322e-05 3.037215637236e-05 2.9000842779418e-05 2.79412266433e-05
