-0.0043404031857111 -0.00010763128867998 -0.00019014817420242 3.7984328560869e-05 -6.4402615385541e-05 8.3872886448827e-05 -9.3520150574108e-05 8.3810576990222e-05 -7.909360072739e-05 7.355678343871e-05
-0.00010763128867998 -0.0066233441394934 0.00064528692513239 -0.00032442017538408 0.00034035037717066 -0.00026192302968153 0.00023153053797695 -0.0001878418654122 0.00014912465058972 -0.00011915129362509
-0.00019014817420242 0.00064528692513239 -0.0064183835134853 0.0017687350078977 -0.0010842885790981 0.00080846997239357 -0.00069686386285978 0.00060802466920213 -0.00052420999630638 0.00045925679217741
3.7984328560869e-05 -0.00032442017538408 0.0017687350078977 -0.0047954227029597 0.0022211727603702 -0.001533541567726 0.0011054130668917 -0.00090967240009752 0.0007702171305422 -0.00066154723010533
-6.4402615385541e-05 0.00034035037717066 -0.0010842885790981 0.0022211727603702 -0.0033825385570963 0.0022072539192103 -0.0016610114393998 0.0013250800436919 -0.0011028604825571 0.00094024671601391
8.3872886448827e-05 -0.00026192302968153 0.00080846997239357 -0.001533541567726 0.0022072539192103 -0.0024692859380684 0.0019822312949514 -0.0016541212221713 0.001412011981818 -0.0012338284564441
-9.3520150574108e-05 0.00023153053797695 -0.00069686386285978 0.0011054130668917 -0.0016610114393998 0.0019822312949514 -0.0019929426265666 0.0017621605527277 -0.0015593841843317 0.0013904365098281
8.3810576990222e-05 -0.0001878418654122 0.00060802466920213 -0.00090967240009752 0.0013250800436919 -0.0016541212221713 0.0017621605527277 -0.0017178893235869 0.0015872641910625 -0.0014572099275401
-7.909360072739e-05 0.00014912465058972 -0.00052420999630638 0.0007702171305422 -0.0011028604825571 0.001412011981818 -0.0015593841843317 0.0015872641910625 -0.0015351246244006 0.0014479186877384
7.355678343871e-05 -0.00011915129362509 0.00045925679217741 -0.00066154723010533 0.00094024671601391 -0.0012338284564441 0.0013904365098281 -0.0014572099275401 0.0014479186877384 -0.0014024837446305
