0.0039214278497617 0.0022267227492085 0.0019499604146548 0.0019168837422365 0.0019674139208748 0.0020176836791933 0.0020532468848303 0.0020698667873196 0.002075017717364 0.0020774327972019
0.0022267227492085 0.0011281571109734 0.0010539322007018 0.0011087456750547 0.0011554825340719 0.0011869651408852 0.0012030712283862 0.0012098089215583 0.0012128970397522 0.0012149016821882
0.0019499604146548 0.0010539322007018 0.00098453418854673 0.0010597077444948 0.0011096286227459 0.0011455228035359 0.0011654980057772 0.0011749490035734 0.0011798032886855 0.0011832526751288
0.0019168837422365 0.0011087456750547 0.0010597077444948 0.0011543086303833 0.0012080251573998 0.0012481895465691 0.0012713044567947 0.0012824673743182 0.0012886235472034 0.0012932926069716
0.0019674139208748 0.0011554825340719 0.0011096286227459 0.0012080251573998 0.0012626658562335 0.0013037249652162 0.0013273372402664 0.0013384219862892 0.0013443567681981 0.0013489275201791
0.0020176836791933 0.0011869651408852 0.0011455228035359 0.0012481895465691 0.0013037249652162 0.0013440038223003 0.0013670069057835 0.0013775189409844 0.0013829074783564 0.0013872319422615
0.0020532468848303 0.0012030712283862 0.0011654980057772 0.0012713044567947 0.0013273372402664 0.0013670069057835 0.0013889691968816 0.0013985524716452 0.0014031141460895 0.0014069553764853
0.0020698667873196 0.0012098089215583 0.0011749490035734 0.0012824673743182 0.0013384219862892 0.0013775189409844 0.0013985524716452 0.001407317909516 0.0014112218658742 0.0014147265441236
0.002075017717364 0.0012128970397522 0.0011798032886855 0.0012886235472034 0.0013443567681981 0.0013829074783564 0.0014031141460895 0.0014112218658742 0.0014146326931553 0.0014178919688792
0.0020774327972019 0.0012149016821882 0.0011832526751288 0.0012932926069716 0.0013489275201791 0.0013872319422615 0.0014069553764853 0.0014147265441236 0.0014178919688792 0.0014210498125498
