-0.00057981786224957 -0.0015123234848617 0.0011147319418381 -0.0010005447421191 0.00086383276616467 -0.00068186181619293 0.00056674595748123 -0.00049005446667672 0.00043137336886025 -0.0003812319158205
-0.0015123234848617 -0.011572615763253 0.0026868290702532 -0.0016528469682406 0.00055790645996921 -0.00025766083889685 0.00017242734637353 -9.1247286084692e-05 4.2476155691573e-05 -1.8107406983042e-06
0.0011147319418381 0.0026868290702532 -0.0099519164249353 0.0047471305310215 -0.0025274657723243 0.0016291201495189 -0.0013078715976422 0.0010230566122288 -0.00084063582109514 0.00064250781535207
-0.0010005447421191 -0.0016528469682406 0.0047471305310215 -0.008057572536019 0.0049420062250185 -0.0038523214083545 0.0029074643903932 -0.0023782263398088 0.0019372317080482 -0.001591605498319
0.00086383276616467 0.00055790645996921 -0.0025274657723243 0.0049420062250185 -0.0061571058427894 0.0050803040759877 -0.0041845289883836 0.0034413039873521 -0.0028641782613915 0.0023845195661217
-0.00068186181619293 -0.00025766083889685 0.0016291201495189 -0.0038523214083545 0.0050803040759877 -0.0054744076417403 0.0048772774941927 -0.0042855061339571 0.0037292577137215 -0.0032412774466577
0.00056674595748123 0.00017242734637353 -0.0013078715976422 0.0029074643903932 -0.0041845289883836 0.0048772774941927 -0.0047886859765334 0.0044067594868791 -0.0039593565181952 0.0035152758674367
-0.00049005446667672 -9.1247286084692e-05 0.0010230566122288 -0.0023782263398088 0.0034413039873521 -0.0042855061339571 0.0044067594868791 -0.0042998057119806 0.004028611537722 -0.0037043182739399
0.00043137336886025 4.2476155691573e-05 -0.00084063582109514 0.0019372317080482 -0.0028641782613915 0.0037292577137215 -0.0039593565181952 0.004028611537722 -0.0039362968323407 0.003739354752465
-0.0003812319158205 -1.8107406983042e-06 0.00064250781535207 -0.001591605498319 0.0023845195661217 -0.0032412774466577 0.0035152758674367 -0.0037043182739399 0.003739354752465 -0.0036571813388867
