0.00020034364842433 0.0010457908156864 0.0010447585597774 0.00087943347059175 0.00073248633556592 0.00065332888067964 0.00060236234242087 0.00057007272576103 0.00054932973530403 0.00053389402554536
0.0010457908156864 0.00045393494629261 0.00033968098350489 0.00030023258008852 0.00024583583163697 0.00021498722181423 0.00019900850460322 0.00018943144916166 0.00018352276244709 0.00017960481855315
0.0010447585597774 0.00033968098350489 0.00046731510481551 0.00031786459420082 0.00024547780320427 0.00021704779161334 0.00020193659533188 0.00019377043171494 0.00018871114975434 0.00018493730284241
0.00087943347059175 0.00030023258008852 0.00031786459420082 0.00034078342499739 0.0002494490162536 0.00020291239230152 0.00017849882645727 0.00016544902631346 0.00015744090176259 0.00015292857627572
0.00073248633556592 0.00024583583163697 0.00024547780320427 0.0002494490162536 0.00023414154284792 0.00019446302369309 0.00017089549596197 0.00015509986323117 0.00014424606584372 0.00013758531406671
0.00065332888067964 0.00021498722181423 0.00021704779161334 0.00020291239230152 0.00019446302369309 0.00017970581834467 0.00016306450370339 0.00015010561827134 0.00014070800398582 0.00013426991476289
0.00060236234242087 0.00019900850460322 0.00020193659533188 0.00017849882645727 0.00017089549596197 0.00016306450370339 0.00015700265669017 0.00014949343883 0.00014279587661038 0.0001372117675008
0.00057007272576103 0.00018943144916166 0.00019377043171494 0.00016544902631346 0.00015509986323117 0.00015010561827134 0.00014949343883 0.00014703856252853 0.00014328796753015 0.0001391160474467
0.00054932973530403 0.00018352276244709 0.00018871114975434 0.00015744090176259 0.00014424606584372 0.00014070800398582 0.00014279587661038 0.00014328796753015 0.00014197241407327 0.00013933305411734
0.00053389402554536 0.00017960481855315 0.00018493730284241 0.00015292857627572 0.00013758531406671 0.00013426991476289 0.0001372117675008 0.0001391160474467 0.00013933305411734 0.00013794672393662
