0.0039832939368353 0.0031918303526248 0.002742632672173 0.0024335394338174 0.0021600317057754 0.0019708158846844 0.0018496577296232 0.0017659339600829 0.0017031608338172 0.0016483681721324
0.0031918303526248 0.0023647515971386 0.0020882350508756 0.0018285512706463 0.0016833995158886 0.0015763152657295 0.0015172588412383 0.0014738662361984 0.0014316704092372 0.0013893380414587
0.002742632672173 0.0020882350508756 0.001777802990073 0.0015845256652758 0.001469675241538 0.0013677659592745 0.0013044544021668 0.0012570564078222 0.0012123080732412 0.0011701818752175
0.0024335394338174 0.0018285512706463 0.0015845256652758 0.0013848656420599 0.0012932964993005 0.0012082228989354 0.001164071902362 0.0011309582602004 0.00109596862254 0.0010596952673695
0.0021600317057754 0.0016833995158886 0.001469675241538 0.0012932964993005 0.0012083339363443 0.0011318044048508 0.0010956325390258 0.0010674694464325 0.0010348810465985 0.0010000252038175
0.0019708158846844 0.0015763152657295 0.0013677659592745 0.0012082228989354 0.0011318044048508 0.0010626977989331 0.0010321230252621 0.0010074941011222 0.000978004677669 0.0009464671874452
0.0018496577296232 0.0015172588412383 0.0013044544021668 0.001164071902362 0.0010956325390258 0.0010321230252621 0.001004614154714 0.00098140986790792 0.00095293607938086 0.00092254494471635
0.0017659339600829 0.0014738662361984 0.0012570564078222 0.0011309582602004 0.0010674694464325 0.0010074941011222 0.00098140986790792 0.00095836467024511 0.00092996654924047 0.00089981553145213
0.0017031608338172 0.0014316704092372 0.0012123080732412 0.00109596862254 0.0010348810465985 0.000978004677669 0.00095293607938086 0.00092996654924047 0.00090200663070434 0.00087255400148057
0.0016483681721324 0.0013893380414587 0.0011701818752175 0.0010596952673695 0.0010000252038175 0.0009464671874452 0.00092254494471635 0.00089981553145213 0.00087255400148057 0.0008439880305212
