0 3.0927090703767 0.049393435593899 -3.1113202229104 0.047005698255505 -3.0893072676225 0.054633859842218 -3.0835591197096 0.05997423832359 -3.0783846523278
-3.0927090703767 0 -3.0948038683191 0.052549695829186 -3.1003382963071 0.042574053449822 -3.071839609182 0.096755813310226 -3.0231299034624 0.14045470305964
-0.049393435593899 3.0948038683191 0 -3.1245764213831 0.022674607515078 -3.1208082037381 0.032211266131921 -3.1027345039 0.05070248563039 -3.0833219115822
3.1113202229104 -0.052549695829186 3.1245764213831 0 3.1306549715658 -0.030915908907314 3.1042733763149 -0.041315895994471 3.0972749656038 -0.047968117477976
-0.047005698255505 3.1003382963071 -0.022674607515078 -3.1306549715658 0 3.1290900030362 -0.015006999522886 3.1261341415356 -0.01696382513343 3.1224765207647
3.0893072676225 -0.042574053449822 3.1208082037381 0.030915908907314 -3.1290900030362 0 3.1411402969105 -0.00012234164717254 3.1399702811647 -0.0039636445705048
-0.054633859842218 3.071839609182 -0.032211266131921 -3.1042733763149 0.015006999522886 -3.1411402969105 0 3.1405530909353 -0.0033663074984056 3.1355661683162
3.0835591197096 -0.096755813310226 3.1027345039 0.041315895994471 -3.1261341415356 0.00012234164717254 -3.1405530909353 0 3.139230494863 -0.0049517723452002
-0.05997423832359 3.0231299034624 -0.05070248563039 -3.0972749656038 0.01696382513343 -3.1399702811647 0.0033663074984056 -3.139230494863 0 3.1390311169059
3.0783846523278 -0.14045470305964 3.0833219115822 0.047968117477976 -3.1224765207647 0.0039636445705048 -3.1355661683162 0.0049517723452002 -3.1390311169059 0
