0.029268926637876 0.0088018436999296 0.0058106064942557 0.0043637900222675 0.0036442926341138 0.0031634109074078 0.0028507410560772 0.0026306501878377 0.0024759518523231 0.0023547061782291
0.0088018436999296 0.0093259455678772 0.0058244288880336 0.0041433008098341 0.0032478142593164 0.0026813262999091 0.0022691135049226 0.0019897313949322 0.0017903166936649 0.001637850370501
0.0058106064942557 0.0058244288880336 0.0057948835870686 0.0048446325805464 0.0041395556325467 0.0036109566446462 0.0031817269086363 0.0028360431169968 0.0025568348015089 0.0023279688666104
0.0043637900222675 0.0041433008098341 0.0048446325805464 0.0046184473468257 0.0042307377798343 0.0038250612372403 0.0034530328215121 0.0031286374262139 0.0028532625632826 0.0026225298484482
0.0036442926341138 0.0032478142593164 0.0041395556325467 0.0042307377798343 0.0041443223989268 0.0039067827093349 0.0036262055276947 0.0033507665080647 0.0031000926485131 0.0028791700579803
0.0031634109074078 0.0026813262999091 0.0036109566446462 0.0038250612372403 0.0039067827093349 0.0038280151172946 0.0036578678691308 0.0034550750025881 0.0032517697726579 0.0030604460181709
0.0028507410560772 0.0022691135049226 0.0031817269086363 0.0034530328215121 0.0036262055276947 0.0036578678691308 0.0035870662525077 0.0034605233927781 0.0033137269610631 0.0031632816899961
0.0026306501878377 0.0019897313949322 0.0028360431169968 0.0031286374262139 0.0033507665080647 0.0034550750025881 0.0034605233927781 0.0034026782989927 0.0033128794287018 0.0032078692737472
0.0024759518523231 0.0017903166936649 0.0025568348015089 0.0028532625632826 0.0031000926485131 0.0032517697726579 0.0033137269610631 0.0033128794287018 0.0032750080230468 0.0032144941343472
0.0023547061782291 0.001637850370501 0.0023279688666104 0.0026225298484482 0.0028791700579803 0.0030604460181709 0.0031632816899961 0.0032078692737472 0.0032144941343472 0.0031945833149032
