0.0058346357525661 0.00015838064517374 0.00013744193308877 0.00015817886567155 -7.0851226735161e-05 5.6686943301882e-05 -3.9369971971538e-05 2.7699224508962e-05 -1.973437022824e-05 1.421916525396e-05
0.00015838064517374 0.0065306539230496 -0.00077291473953157 0.00048782351027908 -0.00014569352834349 4.9472484615016e-05 -1.861045351688e-05 -7.4847348721822e-06 -1.4334649182085e-05 1.2822229429955e-05
0.00013744193308877 -0.00077291473953157 0.0054758974131198 -0.001353187768987 0.00073318449534927 -0.00039136875195333 0.00030305273067482 -0.00026742445528162 0.00022215302913809 -0.00018975404651967
0.00015817886567155 0.00048782351027908 -0.001353187768987 0.0039951027416913 -0.0016824585911503 0.0010850976352075 -0.00080352469863849 0.0006193322859593 -0.00050836797025708 0.00042109276057291
-7.0851226735161e-05 -0.00014569352834349 0.00073318449534927 -0.0016824585911503 0.0024171979138175 -0.001510033688428 0.001142913688695 -0.00091558764222023 0.00074704111994862 -0.00063295106851245
5.6686943301882e-05 4.9472484615016e-05 -0.00039136875195333 0.0010850976352075 -0.001510033688428 0.001739008127224 -0.0013849367153989 0.0011523946268977 -0.00097632454409162 0.00084687031595723
-3.9369971971538e-05 -1.861045351688e-05 0.00030305273067482 -0.00080352469863849 0.001142913688695 -0.0013849367153989 0.0014160773097497 -0.001245764376433 0.0010909562580356 -0.00096790512613768
2.7699224508962e-05 -7.4847348721822e-06 -0.00026742445528162 0.0006193322859593 -0.00091558764222023 0.0011523946268977 -0.001245764376433 0.0012182192904405 -0.0011129816001507 0.0010144379414142
-1.973437022824e-05 -1.4334649182085e-05 0.00022215302913809 -0.00050836797025708 0.00074704111994862 -0.00097632454409162 0.0010909562580356 -0.0011129816001507 0.0010701683492453 -0.0010020301621694
1.421916525396e-05 1.2822229429955e-05 -0.00018975404651967 0.00042109276057291 -0.00063295106851245 0.00084687031595723 -0.00096790512613768 0.0010144379414142 -0.0010020301621694 0.00096553334579796
