-0.01469385144282 0.0015874083030437 -0.00098080642815301 0.00048954327027677 -0.00023014142697824 0.00015735318810122 -0.0001000659453923 7.5397985028019e-05 -5.8044303094508e-05 4.649305273046e-05
0.0015874083030437 -0.0090895254075327 0.0032873751593192 -0.0018166872676629 0.0013134624083352 -0.0009059848385267 0.0006737411109993 -0.00053025061102912 0.00042726763174586 -0.00034875203600502
-0.00098080642815301 0.0032873751593192 -0.0064135965688153 0.0038480503332181 -0.0028518964051209 0.0022126717642235 -0.0017863318831492 0.0014880107488404 -0.0012682066205717 0.0010970470909813
0.00048954327027677 -0.0018166872676629 0.0038480503332181 -0.0042921223631187 0.0035025185366513 -0.0029184099145646 0.0024874923172164 -0.0021463520414479 0.0018754807456606 -0.0016561366054193
-0.00023014142697824 0.0013134624083352 -0.0028518964051209 0.0035025185366513 -0.0035479418339853 0.0031897111174621 -0.0028457148704468 0.0025378619477104 -0.0022700733873737 0.002040490636676
0.00015735318810122 -0.0009059848385267 0.0022126717642235 -0.0029184099145646 0.0031897111174621 -0.0031180637458974 0.0029119226583976 -0.0026803359692046 0.0024533620377099 -0.002244572180514
-0.0001000659453923 0.0006737411109993 -0.0017863318831492 0.0024874923172164 -0.0028457148704468 0.0029119226583976 -0.0028372941724976 0.00269004468518 -0.0025171261564578 0.0023433708181512
7.5397985028019e-05 -0.00053025061102912 0.0014880107488404 -0.0021463520414479 0.0025378619477104 -0.0026803359692046 0.00269004468518 -0.0026171632199456 0.0024988808558731 -0.0023646591834234
-5.8044303094508e-05 0.00042726763174586 -0.0012682066205717 0.0018754807456606 -0.0022700733873737 0.0024533620377099 -0.0025171261564578 0.0024988808558731 -0.0024282143506701 0.0023319763361213
4.649305273046e-05 -0.00034875203600502 0.0010970470909813 -0.0016561366054193 0.002040490636676 -0.002244572180514 0.0023433708181512 -0.0023646591834234 0.0023319763361213 -0.0022689225266824
