1.0563830023445e-05 5.358697250133e-05 5.1405425379082e-05 4.4921137262945e-05 3.8914970579736e-05 3.3026318781818e-05 3.0278601438381e-05 2.8347235051123e-05 2.6874318174632e-05 2.5745210757248e-05
5.358697250133e-05 0.00026495723251292 0.00024380933482673 0.00021441715717405 0.00017798823237683 0.00014853850917245 0.00013686926464776 0.00012948800038207 0.00012283599078263 0.00011721806642678
5.1405425379082e-05 0.00024380933482673 0.00023551069668449 0.00019991264069895 0.00017444213273363 0.00014864329756961 0.00013666348946119 0.00012789713644739 0.00012101081895913 0.00011530016022405
4.4921137262945e-05 0.00021441715717405 0.00019991264069895 0.00017205688252217 0.00015109592683541 0.00012935994895831 0.00011556875770487 0.00010669201404279 0.00010097924223844 9.6677832543886e-05
3.8914970579736e-05 0.00017798823237683 0.00017444213273363 0.00015109592683541 0.00012977279657885 0.00011415906976923 0.00010351663738174 9.5235808550279e-05 8.9601947913714e-05 8.5497587055637e-05
3.3026318781818e-05 0.00014853850917245 0.00014864329756961 0.00012935994895831 0.00011415906976923 0.00010044003968575 9.1394539974656e-05 8.4785350833712e-05 8.0040052998901e-05 7.6300990467611e-05
3.0278601438381e-05 0.00013686926464776 0.00013666348946119 0.00011556875770487 0.00010351663738174 9.1394539974656e-05 8.4139479923001e-05 7.8528715476952e-05 7.4725989368427e-05 7.1641246348113e-05
2.8347235051123e-05 0.00012948800038207 0.00012789713644739 0.00010669201404279 9.5235808550279e-05 8.4785350833712e-05 7.8528715476952e-05 7.4013974000691e-05 7.0875240647859e-05 6.8271393436853e-05
2.6874318174632e-05 0.00012283599078263 0.00012101081895913 0.00010097924223844 8.9601947913714e-05 8.0040052998901e-05 7.4725989368427e-05 7.0875240647859e-05 6.8251998917184e-05 6.5999760506286e-05
2.5745210757248e-05 0.00011721806642678 0.00011530016022405 9.6677832543886e-05 8.5497587055637e-05 7.6300990467611e-05 7.1641246348113e-05 6.8271393436853e-05 6.5999760506286e-05 6.400891510752e-05
