0.00022549304828942 0.00023299588184718 0.000214323765323 0.00017552775122305 0.00014490994925806 0.00012248942054058 0.00011111491311232 0.00010323572170699 9.7074447499293e-05 9.2359036066194e-05
0.00023299588184718 0.00023525104696329 0.00020686628928321 0.00016681875331315 0.00014240755532697 0.0001210801835592 0.0001093288275727 0.00010016920532987 9.4478756399163e-05 9.0009236873365e-05
0.000214323765323 0.00020686628928321 0.0001968609996716 0.00015678111214678 0.00013481914432167 0.00011293498188997 0.00010252178933927 9.5551663793022e-05 8.9656275269536e-05 8.5275470413402e-05
0.00017552775122305 0.00016681875331315 0.00015678111214678 0.00012861553584888 0.00011014468089933 9.3496688277073e-05 8.6383425722148e-05 8.0272846410808e-05 7.5324066171293e-05 7.1142283146928e-05
0.00014490994925806 0.00014240755532697 0.00013481914432167 0.00011014468089933 9.3667139419515e-05 7.9288857790768e-05 7.3151674483074e-05 6.8156169825932e-05 6.4261740761311e-05 6.0892978361521e-05
0.00012248942054058 0.0001210801835592 0.00011293498188997 9.3496688277073e-05 7.9288857790768e-05 6.8088884622025e-05 6.2461890615516e-05 5.8457742111052e-05 5.507572442493e-05 5.2114312096104e-05
0.00011111491311232 0.0001093288275727 0.00010252178933927 8.6383425722148e-05 7.3151674483074e-05 6.2461890615516e-05 5.8083534701606e-05 5.4375104870791e-05 5.0846894028644e-05 4.7852354682989e-05
0.00010323572170699 0.00010016920532987 9.5551663793022e-05 8.0272846410808e-05 6.8156169825932e-05 5.8457742111052e-05 5.4375104870791e-05 5.070128072328e-05 4.7334070244656e-05 4.4505421448602e-05
9.7074447499293e-05 9.4478756399163e-05 8.9656275269536e-05 7.5324066171293e-05 6.4261740761311e-05 5.507572442493e-05 5.0846894028644e-05 4.7334070244656e-05 4.4217494410575e-05 4.1692063621342e-05
9.2359036066194e-05 9.0009236873365e-05 8.5275470413402e-05 7.1142283146928e-05 6.0892978361521e-05 5.2114312096104e-05 4.7852354682989e-05 4.4505421448602e-05 4.1692063621342e-05 3.9471028568349e-05
