0.00040388201789592 0.00035592880501111 0.00028950155636302 0.00024021555233372 0.00021075009764637 0.00019702525805209 0.00018813933904626 0.00018145863999881 0.00017551726527775 0.00017007163325196
0.00035592880501111 0.0002945139685829 0.00024023409853245 0.0001999358627094 0.00017639253683091 0.00016342934584388 0.00015446341495657 0.00014786525088374 0.00014222530217103 0.00013739635424767
0.00028950155636302 0.00024023409853245 0.00020079198873142 0.00016552824790925 0.00014375494434363 0.00013312037013881 0.00012620654288682 0.00012148253642307 0.00011742942206885 0.00011370760296976
0.00024021555233372 0.0001999358627094 0.00016552824790925 0.00014252025421764 0.00012486783970515 0.00011648330166338 0.00011101412230234 0.00010689609034725 0.00010330891712638 0.00010004348639793
0.00021075009764637 0.00017639253683091 0.00014375494434363 0.00012486783970515 0.0001102929002777 0.0001042080353441 9.9944984096135e-05 9.6367967881083e-05 9.3268254286861e-05 9.0407067025125e-05
0.00019702525805209 0.00016342934584388 0.00013312037013881 0.00011648330166338 0.0001042080353441 9.9382219458806e-05 9.5986730565468e-05 9.2813728095161e-05 8.9977445254752e-05 8.7305214576804e-05
0.00018813933904626 0.00015446341495657 0.00012620654288682 0.00011101412230234 9.9944984096135e-05 9.5986730565468e-05 9.3203993793256e-05 9.0604857247042e-05 8.8247534097402e-05 8.5929667491968e-05
0.00018145863999881 0.00014786525088374 0.00012148253642307 0.00010689609034725 9.6367967881083e-05 9.2813728095161e-05 9.0604857247042e-05 8.856703010396e-05 8.6700391472915e-05 8.4770498776698e-05
0.00017551726527775 0.00014222530217103 0.00011742942206885 0.00010330891712638 9.3268254286861e-05 8.9977445254752e-05 8.8247534097402e-05 8.6700391472915e-05 8.525223688607e-05 8.3662859255454e-05
0.00017007163325196 0.00013739635424767 0.00011370760296976 0.00010004348639793 9.0407067025125e-05 8.7305214576804e-05 8.5929667491968e-05 8.4770498776698e-05 8.3662859255454e-05 8.2331911798872e-05
