-0.014034890860952 0.001188564689283 -0.0011251980003131 0.0005730489974431 -0.00034458140133101 0.00017997315447778 -0.00010967398876603 6.3801863323311e-05 -1.8249278891316e-05 -1.527284519326e-05
0.001188564689283 -0.009241517314734 0.0028909213621015 -0.0018430855101541 0.0012905707036548 -0.00098606922613553 0.00077612729006175 -0.0006167453352198 0.00050470472152498 -0.00042142465440684
-0.0011251980003131 0.0028909213621015 -0.0060605458055752 0.0034258074638894 -0.0025232085889928 0.0019281163285996 -0.0015456743594364 0.0012678597176996 -0.001055210975888 0.00088825956457163
0.0005730489974431 -0.0018430855101541 0.0034258074638894 -0.0040990875831361 0.0032067017396616 -0.0026023534769505 0.0021473991957694 -0.0018046222299911 0.0015381332322906 -0.0013258226288563
-0.00034458140133101 0.0012905707036548 -0.0025232085889928 0.0032067017396616 -0.0032772801804974 0.0029080831093083 -0.0025557022243887 0.0022438740504159 -0.0019819993981123 0.0017631204437274
0.00017997315447778 -0.00098606922613553 0.0019281163285996 -0.0026023534769505 0.0029080831093083 -0.0028516020852102 0.0026406637679795 -0.0024046247942846 0.0021820378950647 -0.0019838976387328
-0.00010967398876603 0.00077612729006175 -0.0015456743594364 0.0021473991957694 -0.0025557022243887 0.0026406637679795 -0.0025753248912407 0.0024283410307035 -0.0022631430408098 0.0021014793405449
6.3801863323311e-05 -0.0006167453352198 0.0012678597176996 -0.0018046222299911 0.0022438740504159 -0.0024046247942846 0.0024283410307035 -0.0023589754615336 0.0022495773877012 -0.0021279330318101
-1.8249278891316e-05 0.00050470472152498 -0.001055210975888 0.0015381332322906 -0.0019819993981123 0.0021820378950647 -0.0022631430408098 0.0022495773877012 -0.0021886507122324 0.0021050960944828
-1.527284519326e-05 -0.00042142465440684 0.00088825956457163 -0.0013258226288563 0.0017631204437274 -0.0019838976387328 0.0021014793405449 -0.0021279330318101 0.0021050960944828 -0.0020547039872071
