0.013468396453445 0.0021840304572112 0.0017607075211953 0.0012624826532309 0.00089922836015548 0.0006881595856965 0.00061328661936457 0.00052570401482085 0.00045720400220793 0.00038506320576963
0.0021840304572112 0.0096331589642869 0.0028954709079381 0.0020658609699154 0.0014914262891486 0.0011565568301527 0.00096894698482114 0.00080777093691923 0.00068468171879051 0.00058351283286089
0.0017607075211953 0.0028954709079381 0.0075962885723064 0.003832912218639 0.0026153766657375 0.0020013507483699 0.0016620167796521 0.0013943786633493 0.0011977634821444 0.0010326044681448
0.0012624826532309 0.0020658609699154 0.003832912218639 0.0056746887739992 0.0037629031698897 0.0029742153151577 0.0024224060523829 0.0020653980444716 0.0017666878361269 0.0015223053323044
0.00089922836015548 0.0014914262891486 0.0026153766657375 0.0037629031698897 0.0042261184914619 0.0034716464156987 0.0029564617251801 0.0025677349459845 0.0022529943023935 0.0019824587576639
0.0006881595856965 0.0011565568301527 0.0020013507483699 0.0029742153151577 0.0034716464156987 0.0035178804266225 0.0031663077122083 0.0028516967857271 0.0025636370170528 0.0023063974973993
0.00061328661936457 0.00096894698482114 0.0016620167796521 0.0024224060523829 0.0029564617251801 0.0031663077122083 0.00314182823358 0.0029450775255481 0.0027239536992635 0.0024995871038134
0.00052570401482085 0.00080777093691923 0.0013943786633493 0.0020653980444716 0.0025677349459845 0.0028516967857271 0.0029450775255481 0.0029058546951888 0.0027697889048479 0.0026004654092275
0.00045720400220793 0.00068468171879051 0.0011977634821444 0.0017666878361269 0.0022529943023935 0.0025636370170528 0.0027239536992635 0.0027697889048479 0.002724103632867 0.0026143958355712
0.00038506320576963 0.00058351283286089 0.0010326044681448 0.0015223053323044 0.0019824587576639 0.0023063974973993 0.0024995871038134 0.0026004654092275 0.0026143958355712 0.0025623307216563
