0 2.9463515781156 -0.2882689897101 2.8463185610151 -0.15467493513949 2.9452552860106 -0.15288964198393 3.0427913971378 -0.017535048515419 -3.0642425446887
-2.9463515781156 0 2.9568459293695 -0.072062319864601 3.0734481740522 -0.16937852510793 2.9195401523994 -0.25321449784715 2.8679122719435 -0.28305704072033
0.2882689897101 -2.9568459293695 0 -2.9981837940996 0.1402676119273 -3.0508870409936 0.11736020962008 -3.0093652911919 0.15594468207682 -2.9568863086825
-2.8463185610151 0.072062319864601 2.9981837940996 0 -3.1037852217139 -0.0068507892665904 3.1261731696653 -0.021967113307637 3.1182701972039 -0.024892078894757
0.15467493513949 -3.0734481740522 -0.1402676119273 3.1037852217139 0 3.1137895706561 -0.023578344933431 3.1236100394542 -0.0069132119969251 -3.1380120313657
-2.9452552860106 0.16937852510793 3.0508870409936 0.0068507892665904 -3.1137895706561 0 -3.1357368064483 0.012049995650694 -3.1192585331109 0.032280818598741
0.15288964198393 -2.9195401523994 -0.11736020962008 -3.1261731696653 0.023578344933431 3.1357368064483 0 -3.1362316067871 0.014370254014337 -3.1185498238249
-3.0427913971378 0.25321449784715 3.0093652911919 0.021967113307637 -3.1236100394542 -0.012049995650694 3.1362316067871 0 -3.1331676346017 0.016346257569247
0.017535048515419 -2.8679122719435 -0.15594468207682 -3.1182701972039 0.0069132119969251 3.1192585331109 -0.014370254014337 3.1331676346017 0 -3.133893755481
3.0642425446887 0.28305704072033 2.9568863086825 0.024892078894757 3.1380120313657 -0.032280818598741 3.1185498238249 -0.016346257569247 3.133893755481 0
