1.2618340472799e-05 6.194577192466e-05 5.7135278934083e-05 4.7704418590948e-05 4.2257810722904e-05 3.7359852701034e-05 3.4932366325216e-05 3.3084780801063e-05 3.1779450365837e-05 3.0797045175692e-05
6.194577192466e-05 0.00029037429569409 0.00026298918181134 0.00021676074942798 0.00019513366893799 0.00016950245334781 0.00015640310793796 0.00014706868547383 0.00014000050985796 0.00013461540526447
5.7135278934083e-05 0.00026298918181134 0.00024416157779462 0.00020937962647091 0.0001799771291401 0.00015738861550253 0.0001455271756906 0.00013634956957401 0.00013053458529634 0.00012592405127275
4.7704418590948e-05 0.00021676074942798 0.00020937962647091 0.00018267612651611 0.00015462959495249 0.00013508660329959 0.00012671502799709 0.00012004085922856 0.00011505450956566 0.00011136997245168
4.2257810722904e-05 0.00019513366893799 0.0001799771291401 0.00015462959495249 0.00013659192104988 0.00012196715791187 0.00011556223125655 0.000109698514808 0.00010534020559305 0.0001022940357031
3.7359852701034e-05 0.00016950245334781 0.00015738861550253 0.00013508660329959 0.00012196715791187 0.00011316866037103 0.00010781487131451 0.00010274983883286 9.9050771059166e-05 9.6381875623274e-05
3.4932366325216e-05 0.00015640310793796 0.0001455271756906 0.00012671502799709 0.00011556223125655 0.00010781487131451 0.00010292878679519 9.8392554662432e-05 9.4835040165563e-05 9.2199422455467e-05
3.3084780801063e-05 0.00014706868547383 0.00013634956957401 0.00012004085922856 0.000109698514808 0.00010274983883286 9.8392554662432e-05 9.400904672054e-05 9.0662810106047e-05 8.8172446703808e-05
3.1779450365837e-05 0.00014000050985796 0.00013053458529634 0.00011505450956566 0.00010534020559305 9.9050771059166e-05 9.4835040165563e-05 9.0662810106047e-05 8.7608394957124e-05 8.5375334865212e-05
3.0797045175692e-05 0.00013461540526447 0.00012592405127275 0.00011136997245168 0.0001022940357031 9.6381875623274e-05 9.2199422455467e-05 8.8172446703808e-05 8.5375334865212e-05 8.3338383260005e-05
