0.00031798077132284 0.00026556838388783 0.00023096060162809 0.0001838864201951 0.00016130900908189 0.00014800655910075 0.00013816142406754 0.000130650298933 0.00012496503513139 0.0001202860442401
0.00026556838388783 0.00022277668727356 0.00020263500450669 0.00016164355682216 0.000140865223228 0.00012844189852859 0.00011873790668953 0.00011115406166654 0.00010586658122067 0.00010201557764001
0.00023096060162809 0.00020263500450669 0.00017241497587866 0.00013214656875628 0.00011677583035547 0.00010710218360089 0.00010040796959777 9.4725121902884e-05 9.0420489075001e-05 8.7135944811607e-05
0.0001838864201951 0.00016164355682216 0.00013214656875628 0.00010312348701901 9.4187147401601e-05 8.7739257957341e-05 8.1514601711105e-05 7.7410619587418e-05 7.4493525961422e-05 7.228412379219e-05
0.00016130900908189 0.000140865223228 0.00011677583035547 9.4187147401601e-05 8.2973990462965e-05 7.7428349877748e-05 7.2726140667036e-05 6.9108290947062e-05 6.648893161641e-05 6.4611395497464e-05
0.00014800655910075 0.00012844189852859 0.00010710218360089 8.7739257957341e-05 7.7428349877748e-05 7.083670205322e-05 6.6682465194181e-05 6.373378677566e-05 6.1701435066889e-05 6.0255836233283e-05
0.00013816142406754 0.00011873790668953 0.00010040796959777 8.1514601711105e-05 7.2726140667036e-05 6.6682465194181e-05 6.2992276973583e-05 6.0390928241293e-05 5.8613666675324e-05 5.729390564088e-05
0.000130650298933 0.00011115406166654 9.4725121902884e-05 7.7410619587418e-05 6.9108290947062e-05 6.373378677566e-05 6.0390928241293e-05 5.7782368519988e-05 5.6037072586442e-05 5.4745430033024e-05
0.00012496503513139 0.00010586658122067 9.0420489075001e-05 7.4493525961422e-05 6.648893161641e-05 6.1701435066889e-05 5.8613666675324e-05 5.6037072586442e-05 5.4347894091222e-05 5.3101187391323e-05
0.0001202860442401 0.00010201557764001 8.7135944811607e-05 7.228412379219e-05 6.4611395497464e-05 6.0255836233283e-05 5.729390564088e-05 5.4745430033024e-05 5.3101187391323e-05 5.1893858352951e-05
