0.10138728974515 0.00039762974850348 -0.00027278008448624 0.00025476934318542 -0.00017509817656899 0.00015854963442254 -0.00015617597109399 0.00014538205234728 -0.00013685610060603 0.00012947316302818
0.00039762974850348 0.0072843932445708 -0.0012351104847256 0.0007803745437831 -0.00035087368563565 0.00026734493621753 -0.00039575596213107 0.0003881128389041 -0.00035857817256173 0.0003268431992764
-0.00027278008448624 -0.0012351104847256 0.007606986176609 -0.0017400165014355 0.0010070011119555 -0.00072937662654099 0.00061501857286909 -0.00050979284102578 0.00045649321466563 -0.00041097836235446
0.00025476934318542 0.0007803745437831 -0.0017400165014355 0.0066461658362769 -0.0026451742537528 0.0018661138653177 -0.0014267585179948 0.001220903584808 -0.0010597312765206 0.0009449979163693
-0.00017509817656899 -0.00035087368563565 0.0010070011119555 -0.0026451742537528 0.004493855892199 -0.0027931765731003 0.00209365488207 -0.0016619131873053 0.0013964391928877 -0.0012188010473764
0.00015854963442254 0.00026734493621753 -0.00072937662654099 0.0018661138653177 -0.0027931765731003 0.0031924211308871 -0.0024711293045342 0.0019959437452668 -0.0016597843572815 0.0014333613051339
-0.00015617597109399 -0.00039575596213107 0.00061501857286909 -0.0014267585179948 0.00209365488207 -0.0024711293045342 0.0025008865296572 -0.0021500944729351 0.001861858338441 -0.0016456553288829
0.00014538205234728 0.0003881128389041 -0.00050979284102578 0.001220903584808 -0.0016619131873053 0.0019959437452668 -0.0021500944729351 0.0020701082253328 -0.0018814597835302 0.0017114566372874
-0.00013685610060603 -0.00035857817256173 0.00045649321466563 -0.0010597312765206 0.0013964391928877 -0.0016597843572815 0.001861858338441 -0.0018814597835302 0.0018095227724536 -0.001698646142459
0.00012947316302818 0.0003268431992764 -0.00041097836235446 0.0009449979163693 -0.0012188010473764 0.0014333613051339 -0.0016456553288829 0.0017114566372874 -0.001698646142459 0.0016421863792338
