0.00017914366855902 0.00090969252723597 0.0009419889783426 0.00081610118021054 0.00068248315691194 0.00058576017106845 0.00054055154170037 0.00050383517701515 0.00047668020555639 0.00045916356977544
0.00090969252723597 0.00039967631194563 0.00027766347145182 0.00023152963824394 0.00018715442388264 0.00015769660921869 0.00014614332621755 0.00013869677929413 0.00013301652476606 0.00012931548873879
0.0009419889783426 0.00027766347145182 0.00038584785867929 0.00025437143431002 0.00021145324241181 0.00018057608355114 0.00016238099179509 0.0001519365268376 0.00014203807352932 0.00013540870275048
0.00081610118021054 0.00023152963824394 0.00025437143431002 0.0002762868483563 0.00019396343738232 0.00016015796856181 0.00014740565752732 0.00013306815945953 0.00012295395660481 0.00011589568149997
0.00068248315691194 0.00018715442388264 0.00021145324241181 0.00019396343738232 0.00020171901979846 0.00016103429112565 0.00014059192398891 0.00012492596332489 0.0001149072134229 0.00010783268189485
0.00058576017106845 0.00015769660921869 0.00018057608355114 0.00016015796856181 0.00016103429112565 0.00015109442729998 0.00013407596532488 0.00011854393739335 0.00010829768111028 0.00010125259083602
0.00054055154170037 0.00014614332621755 0.00016238099179509 0.00014740565752732 0.00014059192398891 0.00013407596532488 0.00012670644097537 0.00011479995910923 0.00010590367458702 9.9386272566072e-05
0.00050383517701515 0.00013869677929413 0.0001519365268376 0.00013306815945953 0.00012492596332489 0.00011854393739335 0.00011479995910923 0.00010844604463139 0.00010239645182328 9.7578374230276e-05
0.00047668020555639 0.00013301652476606 0.00014203807352932 0.00012295395660481 0.0001149072134229 0.00010829768111028 0.00010590367458702 0.00010239645182328 9.8619704424356e-05 9.5267864981083e-05
0.00045916356977544 0.00012931548873879 0.00013540870275048 0.00011589568149997 0.00010783268189485 0.00010125259083602 9.9386272566072e-05 9.7578374230276e-05 9.5267864981083e-05 9.3203239113225e-05
