-0.018062748988226 0.0021964074049414 -0.001218695921159 0.00071603948948888 -0.00031623991930414 0.00015453701750169 -4.0492151979458e-05 -3.9319958439905e-05 9.6328895923706e-05 -0.00013921854332614
0.0021964074049414 -0.010227872961861 0.0036890521275365 -0.002296083080071 0.0015562655949086 -0.0011865107076962 0.00093491151990138 -0.00075911642675654 0.00062036921016713 -0.00051008584387837
-0.001218695921159 0.0036890521275365 -0.0067277045794227 0.0043660004357327 -0.0032356898162752 0.0025240200663836 -0.0020257857772245 0.0016629928302207 -0.001386996661373 0.0011718813615548
0.00071603948948888 -0.002296083080071 0.0043660004357327 -0.0048336948894444 0.0040276844812122 -0.0033782650913963 0.0028566652725472 -0.0024399009216164 0.002101083654658 -0.0018241174280235
-0.00031623991930414 0.0015562655949086 -0.0032356898162752 0.0040276844812122 -0.0040236960714477 0.0036336879782497 -0.0032272144772045 0.0028588542865597 -0.0025346472677211 0.0022561164737296
0.00015453701750169 -0.0011865107076962 0.0025240200663836 -0.0033782650913963 0.0036336879782497 -0.0035312090448924 0.0032828608241677 -0.0030094187055362 0.0027412124266039 -0.0024950477205722
-4.0492151979458e-05 0.00093491151990138 -0.0020257857772245 0.0028566652725472 -0.0032272144772045 0.0032828608241677 -0.0031808672301135 0.0030074597407724 -0.0028073439366746 0.0026069923083112
-3.9319958439905e-05 -0.00075911642675654 0.0016629928302207 -0.0024399009216164 0.0028588542865597 -0.0030094187055362 0.0030074597407724 -0.0029208748202182 0.0027864279986987 -0.0026344980695708
9.6328895923706e-05 0.00062036921016713 -0.001386996661373 0.002101083654658 -0.0025346472677211 0.0027412124266039 -0.0028073439366746 0.0027864279986987 -0.0027083872326276 0.0026016315375467
-0.00013921854332614 -0.00051008584387837 0.0011718813615548 -0.0018241174280235 0.0022561164737296 -0.0024950477205722 0.0026069923083112 -0.0026344980695708 0.0026016315375467 -0.0025338787687208
