-0.011786792625065 0.0008912625454781 -0.00066712489563213 0.00053635100934227 -0.00046711027567164 0.00044212169206538 -0.00037189485455381 0.00032267048855369 -0.00028370819001724 0.00025487971060967
0.0008912625454781 -0.0083912544012792 0.002341126029458 -0.0015115293797245 0.0010836668769716 -0.00078986885381127 0.00062173955481863 -0.00050612573516187 0.00042347522219 -0.00035815228741743
-0.00066712489563213 0.002341126029458 -0.0055525637760435 0.002808871221282 -0.0020211881403541 0.0015479671573402 -0.0012496930735105 0.0010637709181778 -0.00091994965417947 0.00081302497759724
0.00053635100934227 -0.0015115293797245 0.002808871221282 -0.0037368111320695 0.0027386179828692 -0.0021947604782133 0.0018296994575371 -0.0015575364928912 0.0013498244441643 -0.0011900430509748
-0.00046711027567164 0.0010836668769716 -0.0020211881403541 0.0027386179828692 -0.0028878004948313 0.002497004466672 -0.0021748005031546 0.0019085640073817 -0.0016893908000282 0.0015129207363995
0.00044212169206538 -0.00078986885381127 0.0015479671573402 -0.0021947604782133 0.002497004466672 -0.0024563912187358 0.0022542564637558 -0.0020428525739915 0.001851451896684 -0.0016867181258996
-0.00037189485455381 0.00062173955481863 -0.0012496930735105 0.0018296994575371 -0.0021748005031546 0.0022542564637558 -0.0021958290267122 0.0020592703513362 -0.0019132601258078 0.0017767204979182
0.00032267048855369 -0.00050612573516187 0.0010637709181778 -0.0015575364928912 0.0019085640073817 -0.0020428525739915 0.0020592703513362 -0.0019955523816655 0.0018981359105898 -0.0017948433070656
-0.00028370819001724 0.00042347522219 -0.00091994965417947 0.0013498244441643 -0.0016893908000282 0.001851451896684 -0.0019132601258078 0.0018981359105898 -0.0018434865636048 0.0017717984985356
0.00025487971060967 -0.00035815228741743 0.00081302497759724 -0.0011900430509748 0.0015129207363995 -0.0016867181258996 0.0017767204979182 -0.0017948433070656 0.0017717984985356 -0.0017269603937938
