0.00042380995320054 0.00035090411549846 0.00029954550269981 0.00024540403469048 0.00022509837293822 0.00020865631994739 0.00019736932468014 0.00018871302226027 0.00018186713292709 0.00017607864767176
0.00035090411549846 0.00029549313300303 0.0002291319853839 0.00019836726593263 0.00017897801963398 0.00016778016251339 0.00015921319959743 0.00015155530884147 0.00014533176715901 0.00014002112924834
0.00029954550269981 0.0002291319853839 0.00018705940851662 0.00015525398421446 0.00013948771126067 0.00013243308823625 0.00012666077427524 0.00012182822537467 0.00011819830064915 0.00011521132314421
0.00024540403469048 0.00019836726593263 0.00015525398421446 0.00013443519362815 0.0001199657953869 0.00011367408643187 0.00010989078392057 0.00010726977689913 0.00010518875772344 0.00010345952159121
0.00022509837293822 0.00017897801963398 0.00013948771126067 0.0001199657953869 0.00010907035742252 0.0001037606488557 0.0001005957196708 9.8464736562713e-05 9.6758601771924e-05 9.5359276323665e-05
0.00020865631994739 0.00016778016251339 0.00013243308823625 0.00011367408643187 0.0001037606488557 9.853474812946e-05 9.5520325150867e-05 9.3482614225911e-05 9.1907792098489e-05 9.0663315219376e-05
0.00019736932468014 0.00015921319959743 0.00012666077427524 0.00010989078392057 0.0001005957196708 9.5520325150867e-05 9.2588233631015e-05 9.0643133637235e-05 8.9133725298018e-05 8.7953377343852e-05
0.00018871302226027 0.00015155530884147 0.00012182822537467 0.00010726977689913 9.8464736562713e-05 9.3482614225911e-05 9.0643133637235e-05 8.8818529602895e-05 8.7409744240026e-05 8.6328106121928e-05
0.00018186713292709 0.00014533176715901 0.00011819830064915 0.00010518875772344 9.6758601771924e-05 9.1907792098489e-05 8.9133725298018e-05 8.7409744240026e-05 8.6103464609328e-05 8.5132660469225e-05
0.00017607864767176 0.00014002112924834 0.00011521132314421 0.00010345952159121 9.5359276323665e-05 9.0663315219376e-05 8.7953377343852e-05 8.6328106121928e-05 8.5132660469225e-05 8.4282262912615e-05
