0.10139849192779 0.00042043472688653 -0.00032162608444903 0.00025989798025588 -0.00021780048749566 0.00019202742295935 -0.00017531735455432 0.00016115874000657 -0.00015136445672671 0.0001431958228898
0.00042043472688653 0.0075608740008347 -0.0011951128022863 0.00075256230489186 -0.00071428071646664 0.00047125112816279 -0.00041784454892391 0.00033734761654872 -0.00027171881192843 0.00022920806175175
-0.00032162608444903 -0.0011951128022863 0.0088338688692839 -0.002461843624534 0.0014537036931804 -0.0012859954325163 0.0010233092622431 -0.00091202050683916 0.00083798398032678 -0.00077118485430741
0.00025989798025588 0.00075256230489186 -0.002461843624534 0.0066664785037905 -0.003299368603335 0.0024489274092019 -0.0019318442929743 0.0015607791809041 -0.0012857196794566 0.0010874162259775
-0.00021780048749566 -0.00071428071646664 0.0014537036931804 -0.003299368603335 0.0048884500257922 -0.0032747121230675 0.0024447476892034 -0.0019280733432943 0.0015878367497223 -0.0013396537482882
0.00019202742295935 0.00047125112816279 -0.0012859954325163 0.0024489274092019 -0.0032747121230675 0.0036848490672962 -0.0029707579622396 0.0024468051340624 -0.0020747490888366 0.0017837327692821
-0.00017531735455432 -0.00041784454892391 0.0010233092622431 -0.0019318442929743 0.0024447476892034 -0.0029707579622396 0.0028999695692466 -0.0025342592903659 0.0022375640344725 -0.0019815809648251
0.00016115874000657 0.00033734761654872 -0.00091202050683916 0.0015607791809041 -0.0019280733432943 0.0024468051340624 -0.0025342592903659 0.0024217830174987 -0.0022395510144024 0.0020506620164953
-0.00015136445672671 -0.00027171881192843 0.00083798398032678 -0.0012857196794566 0.0015878367497223 -0.0020747490888366 0.0022375640344725 -0.0022395510144024 0.0021695810568013 -0.002048498659747
0.0001431958228898 0.00022920806175175 -0.00077118485430741 0.0010874162259775 -0.0013396537482882 0.0017837327692821 -0.0019815809648251 0.0020506620164953 -0.002048498659747 0.0019884924802909
