0.00022549300104476 0.00023299603146203 0.00021432388851315 0.00017552812074993 0.00014491066545835 0.0001224893133065 0.00011111492374553 0.00010323568397642 9.7115832753119e-05 9.2358898675405e-05
0.00023299603146203 0.00023525138316969 0.00020686644421494 0.0001668198288504 0.0001424080135169 0.00012108005184691 0.00010932884111747 0.00010016918312423 9.4506135166997e-05 9.0009224738203e-05
0.00021432388851315 0.00020686644421494 0.00019686094078666 0.00015678123915562 0.00013481929485758 0.00011293490506917 0.00010252173203423 9.5551629054492e-05 8.9664630877247e-05 8.5275446377685e-05
0.00017552812074993 0.0001668198288504 0.00015678123915562 0.00012861506186232 0.00011014551852899 9.34964928349e-05 8.6383673356187e-05 8.0273027399543e-05 7.5329255042566e-05 7.1142435077777e-05
0.00014491066545835 0.0001424080135169 0.00013481929485758 0.00011014551852899 9.3667130851382e-05 7.9288481616498e-05 7.3152183579706e-05 6.8156691530276e-05 6.4262794769791e-05 6.0893459748755e-05
0.0001224893133065 0.00012108005184691 0.00011293490506917 9.34964928349e-05 7.9288481616498e-05 6.8088487101959e-05 6.2462189113528e-05 5.8457956736991e-05 5.507646091461e-05 5.211446289121e-05
0.00011111492374553 0.00010932884111747 0.00010252173203423 8.6383673356187e-05 7.3152183579706e-05 6.2462189113528e-05 5.8083670443941e-05 5.4375224861918e-05 5.0849157792234e-05 4.7852463330371e-05
0.00010323568397642 0.00010016918312423 9.5551629054492e-05 8.0273027399543e-05 6.8156691530276e-05 5.8457956736991e-05 5.4375224861918e-05 5.0701389080155e-05 4.7337721027189e-05 4.4505513165863e-05
9.7115832753119e-05 9.4506135166997e-05 8.9664630877247e-05 7.5329255042566e-05 6.4262794769791e-05 5.507646091461e-05 5.0849157792234e-05 4.7337721027189e-05 4.4224203636381e-05 4.1694333673003e-05
9.2358898675405e-05 9.0009224738203e-05 8.5275446377685e-05 7.1142435077777e-05 6.0893459748755e-05 5.211446289121e-05 4.7852463330371e-05 4.4505513165863e-05 4.1694333673003e-05 3.9471096122551e-05
