0.0052533340972622 0.012360946210054 0.010352857336487 0.0089085632946002 0.0074381736723898 0.0062564394903292 0.0053974893264119 0.0047414448690395 0.0042364146366115 0.0038420410290166
0.012360946210054 0.049225461003677 0.025361452976424 0.015167552243469 0.0088952946341374 0.0052509429968649 0.0032850345486829 0.0022941014049152 0.0018840000015679 0.0017180372466705
0.010352857336487 0.025361452976424 0.031621799069986 0.025879030391081 0.019527527784607 0.014347696810169 0.010540010489862 0.0077592416782309 0.0057504908373894 0.0043112199719997
0.0089085632946002 0.015167552243469 0.025879030391081 0.026839722786753 0.023632461580744 0.019837936357123 0.016525753486152 0.013788614668385 0.011575711210051 0.0097967079325298
0.0074381736723898 0.0088952946341374 0.019527527784607 0.023632461580744 0.023562170914507 0.021894307161919 0.019855078087081 0.017801070556725 0.01588138257293 0.014145852107858
0.0062564394903292 0.0052509429968649 0.014347696810169 0.019837936357123 0.021894307161919 0.022038161622593 0.021275955196738 0.020046619798614 0.018611632944065 0.017119246289082
0.0053974893264119 0.0032850345486829 0.010540010489862 0.016525753486152 0.019855078087081 0.021275955196738 0.021529035305812 0.021034351103194 0.020095468587329 0.018913862215083
0.0047414448690395 0.0022941014049152 0.0077592416782309 0.013788614668385 0.017801070556725 0.020046619798614 0.021034351103194 0.02113053173198 0.020637665009747 0.019776433731971
0.0042364146366115 0.0018840000015679 0.0057504908373894 0.011575711210051 0.01588138257293 0.018611632944065 0.020095468587329 0.020637665009747 0.02051802995376 0.019954933434082
0.0038420410290166 0.0017180372466705 0.0043112199719997 0.0097967079325298 0.014145852107858 0.017119246289082 0.018913862215083 0.019776433731971 0.019954933434082 0.019653560257779
