0.00015324381553178 0.00074439498827858 0.00081730616299618 0.00078027656978581 0.00063670994881983 0.00051547670726545 0.00043585006982025 0.00038944934769794 0.00036233614042428 0.00033970107864273
0.00074439498827858 0.0002294199814658 0.00019399773744679 0.00018285169245394 0.00014630672098327 0.00011863664062987 0.00010044562151762 8.9142278599468e-05 8.317057100563e-05 7.7842784601633e-05
0.00081730616299618 0.00019399773744679 0.00029039122086167 0.00019996377876652 0.00016254305127108 0.00013297504187246 0.00011012472459712 9.789891198151e-05 9.2115424566673e-05 8.6277751876817e-05
0.00078027656978581 0.00018285169245394 0.00019996377876652 0.00026064295266946 0.00016428725447516 0.00012306930372579 0.00010524946406459 9.9221975072726e-05 9.3321581377845e-05 8.777984279749e-05
0.00063670994881983 0.00014630672098327 0.00016254305127108 0.00016428725447516 0.0001788453018071 0.00011732625765946 9.7802076232108e-05 8.6747742549457e-05 8.0103493820831e-05 7.4592299371607e-05
0.00051547670726545 0.00011863664062987 0.00013297504187246 0.00012306930372579 0.00011732625765946 0.00011073608518284 8.487500157592e-05 7.236470385222e-05 6.581812425013e-05 6.0531590209929e-05
0.00043585006982025 0.00010044562151762 0.00011012472459712 0.00010524946406459 9.7802076232108e-05 8.487500157592e-05 8.0937678950163e-05 6.8749433273848e-05 6.0497246599913e-05 5.4526731386348e-05
0.00038944934769794 8.9142278599468e-05 9.789891198151e-05 9.9221975072726e-05 8.6747742549457e-05 7.236470385222e-05 6.8749433273848e-05 6.4525918739129e-05 5.8387771881225e-05 5.340614974314e-05
0.00036233614042428 8.317057100563e-05 9.2115424566673e-05 9.3321581377845e-05 8.0103493820831e-05 6.581812425013e-05 6.0497246599913e-05 5.8387771881225e-05 5.5740158714544e-05 5.2135928096621e-05
0.00033970107864273 7.7842784601633e-05 8.6277751876817e-05 8.777984279749e-05 7.4592299371607e-05 6.0531590209929e-05 5.4526731386348e-05 5.340614974314e-05 5.2135928096621e-05 4.9989881313969e-05
