-0.0090347520726855 0.0022999833686462 -0.0017873062749891 0.00098630220349727 -0.0010352292524899 0.0009964688974117 -0.0011248975895467 0.00092683127730927 -0.00080613449331619 0.00064955436420494
0.0022999833686462 -0.0077179291758513 0.0025382029538596 -0.0024440583950561 0.0016967377759003 -0.0013789648248491 0.0013970803647338 -0.0011746694723409 0.0010089508918098 -0.00088862276196145
-0.0017873062749891 0.0025382029538596 -0.0060675211216618 0.0035918652678541 -0.0023781260401139 0.0016228613175683 -0.0015460190751833 0.0012161333127597 -0.00099892760665223 0.00085747866920102
0.00098630220349727 -0.0024440583950561 0.0035918652678541 -0.006219587311266 0.0035577026956305 -0.0023145570323506 0.0018535691629985 -0.0015531599392802 0.0013927654054809 -0.0012074179566151
-0.0010352292524899 0.0016967377759003 -0.0023781260401139 0.0035577026956305 -0.0038777230128317 0.0026065960997208 -0.0021244512062459 0.0017731112403704 -0.0015429752209263 0.0013458281319058
0.0009964688974117 -0.0013789648248491 0.0016228613175683 -0.0023145570323506 0.0026065960997208 -0.002525122898079 0.0021945434681243 -0.001882716167324 0.0016729415934561 -0.0014801125374361
-0.0011248975895467 0.0013970803647338 -0.0015460190751833 0.0018535691629985 -0.0021244512062459 0.0021945434681243 -0.0022506411149186 0.0020267272575429 -0.0018129116934501 0.0016316175044571
0.00092683127730927 -0.0011746694723409 0.0012161333127597 -0.0015531599392802 0.0017731112403704 -0.001882716167324 0.0020267272575429 -0.0019998478536603 0.0018664002083785 -0.0017332505672078
-0.00080613449331619 0.0010089508918098 -0.00099892760665223 0.0013927654054809 -0.0015429752209263 0.0016729415934561 -0.0018129116934501 0.0018664002083785 -0.0018220378648897 0.001740219012103
0.00064955436420494 -0.00088862276196145 0.00085747866920102 -0.0012074179566151 0.0013458281319058 -0.0014801125374361 0.0016316175044571 -0.0017332505672078 0.001740219012103 -0.001716272499537
