0.10139473558108 0.00040608743919325 -0.00033493432152793 0.0002800057022084 -0.00021939207847266 0.00018572497521603 -0.00015794046243755 0.00013569117724651 -0.00012066602586468 0.00010878125392433
0.00040608743919325 0.0074375770396297 -0.00098632806598136 0.00088440943081685 -0.00047745579214962 0.00025420376713452 -1.8858302465132e-05 -0.0001064287336261 0.00017586984076321 -0.00022100647173597
-0.00033493432152793 -0.00098632806598136 0.0083433503750063 -0.0022894169770517 0.0014293101812176 -0.0010537289422571 0.00075783528709807 -0.0005940550658449 0.00048457977274892 -0.00041216973751833
0.0002800057022084 0.00088440943081685 -0.0022894169770517 0.0069574719073286 -0.0028759995055576 0.0019449851015303 -0.0014480867405469 0.0010852775421092 -0.00088683568354701 0.00073192813645699
-0.00021939207847266 -0.00047745579214962 0.0014293101812176 -0.0028759995055576 0.0044898545783503 -0.0030054628343802 0.0023612601385954 -0.0019204287518796 0.0015951602751887 -0.0013738961793617
0.00018572497521603 0.00025420376713452 -0.0010537289422571 0.0019449851015303 -0.0030054628343802 0.0033318154959181 -0.002738501809852 0.0022685643264509 -0.00193158909345 0.0016814428727864
-0.00015794046243755 -1.8858302465132e-05 0.00075783528709807 -0.0014480867405469 0.0023612601385954 -0.002738501809852 0.0026914748373136 -0.0023697506768048 0.0020869314485795 -0.0018606581781575
0.00013569117724651 -0.0001064287336261 -0.0005940550658449 0.0010852775421092 -0.0019204287518796 0.0022685643264509 -0.0023697506768048 0.0022749716222732 -0.0020962965127083 0.0019259864392084
-0.00012066602586468 0.00017586984076321 0.00048457977274892 -0.00088683568354701 0.0015951602751887 -0.00193158909345 0.0020869314485795 -0.0020962965127083 0.0020229497206815 -0.0019150454886957
0.00010878125392433 -0.00022100647173597 -0.00041216973751833 0.00073192813645699 -0.0013738961793617 0.0016814428727864 -0.0018606581781575 0.0019259864392084 -0.0019150454886957 0.001862295021444
