0 2.900178909064 -0.25003658450305 3.0837244625572 0.1985015837673 -2.8998688167749 0.20781836711403 -2.9616932296709 0.13145602979833 -3.0841155856487
-2.900178909064 0 3.1207902606145 -0.080755574725181 3.0892854296606 -0.044911504688529 3.090510332918 -0.07253868497558 3.0506062919404 -0.10910109330712
0.25003658450305 -3.1207902606145 0 3.1042578899307 -0.0012559402037679 -3.1280922586968 0.023083255755683 -3.1209143581159 0.018349702831002 -3.1264562121741
-3.0837244625572 0.080755574725181 -3.1042578899307 0 -3.1171084093417 0.025132493659249 -3.118321158778 0.023078670362253 -3.1179530429449 0.026839169926302
-0.1985015837673 -3.0892854296606 0.0012559402037679 3.1171084093417 0 3.1400071506618 -0.001281013850949 -3.1402865984428 0.0038979705224904 -3.1332169952165
2.8998688167749 0.044911504688529 3.1280922586968 -0.025132493659249 -3.1400071506618 0 3.1415322275155 0.0031870189531844 -3.135051867995 0.011417184147477
-0.20781836711403 -3.090510332918 -0.023083255755683 3.118321158778 0.001281013850949 -3.1415322275155 0 -3.1385990663123 0.0059517548250325 -3.1315115232618
2.9616932296709 0.07253868497558 3.1209143581159 -0.023078670362253 3.1402865984428 -0.0031870189531844 3.1385990663123 0 -3.1388071352735 0.0065442829466469
-0.13145602979833 -3.0506062919404 -0.018349702831002 3.1179530429449 -0.0038979705224904 3.135051867995 -0.0059517548250325 3.1388071352735 0 -3.1379310867213
3.0841155856487 0.10910109330712 3.1264562121741 -0.026839169926302 3.1332169952165 -0.011417184147477 3.1315115232618 -0.0065442829466469 3.1379310867213 0
