0.00019721531357768 0.00024925296523277 0.00022597044690404 0.00018472659321984 0.00016048204405462 0.00014507243822689 0.00013551161588608 0.00012854936803514 0.00012304820102243 0.00011858660847066
0.00024925296523277 0.00030905457834043 0.00029010192168184 0.00023422343273065 0.00020143921633327 0.00018281137739579 0.00017050035293432 0.00015922986103236 0.00015019830074257 0.00014262899817494
0.00022597044690404 0.00029010192168184 0.00027074599607574 0.00021369911409206 0.00018103895781827 0.00016723923714797 0.00015777784120443 0.00014883254621231 0.00014113131114848 0.00013488501526146
0.00018472659321984 0.00023422343273065 0.00021369911409206 0.00017124360920979 0.00014651903456767 0.00013374665815924 0.00012700033175696 0.0001202108445176 0.00011479526328316 0.00011024303961456
0.00016048204405462 0.00020143921633327 0.00018103895781827 0.00014651903456767 0.00012589975618752 0.00011683494817991 0.00011150287855942 0.00010708859187103 0.00010313809521386 9.9776757292211e-05
0.00014507243822689 0.00018281137739579 0.00016723923714797 0.00013374665815924 0.00011683494817991 0.00010936717221934 0.00010483826434051 0.00010060288788357 9.6660111518925e-05 9.3403254889838e-05
0.00013551161588608 0.00017050035293432 0.00015777784120443 0.00012700033175696 0.00011150287855942 0.00010483826434051 0.00010034779865827 9.5823632874974e-05 9.1855615719586e-05 8.8665714229745e-05
0.00012854936803514 0.00015922986103236 0.00014883254621231 0.0001202108445176 0.00010708859187103 0.00010060288788357 9.5823632874974e-05 9.1413173042855e-05 8.7793641205223e-05 8.4950187810213e-05
0.00012304820102243 0.00015019830074257 0.00014113131114848 0.00011479526328316 0.00010313809521386 9.6660111518925e-05 9.1855615719586e-05 8.7793641205223e-05 8.4625059011567e-05 8.2163121720112e-05
0.00011858660847066 0.00014262899817494 0.00013488501526146 0.00011024303961456 9.9776757292211e-05 9.3403254889838e-05 8.8665714229745e-05 8.4950187810213e-05 8.2163121720112e-05 7.9980009736039e-05
