0.00069403954191762 0.0017318388901688 0.0013561308262038 0.0011015221737758 0.00088437140105612 0.00080740607087884 0.00071604079640038 0.0006532526718105 0.00060711846092893 0.00056807630363215
0.0017318388901688 0.011426174114218 0.0028071878391945 0.0018250578249467 0.00098780683970845 0.00080186107753199 0.00058649122266785 0.00050683064075864 0.00043966203368571 0.00038362395056753
0.0013561308262038 0.0028071878391945 0.010617897153958 0.004638326265843 0.0030385893446781 0.0021720507476888 0.0016273290096308 0.0012897533227299 0.0010601085857533 0.00089965216920103
0.0011015221737758 0.0018250578249467 0.004638326265843 0.0088092614936167 0.0056789524684503 0.0043266267328428 0.0033169272758397 0.0026673074654532 0.0022044181779307 0.0018640895462339
0.00088437140105612 0.00098780683970845 0.0030385893446781 0.0056789524684503 0.0069536047288787 0.005763008027331 0.0047491339242757 0.0039769507858532 0.0033784788017802 0.002915076810454
0.00080740607087884 0.00080186107753199 0.0021720507476888 0.0043266267328428 0.005763008027331 0.0060127781491824 0.0053756492797242 0.0047122082893251 0.0041293593202969 0.003638621993033
0.00071604079640038 0.00058649122266785 0.0016273290096308 0.0033169272758397 0.0047491339242757 0.0053756492797242 0.0053715139600165 0.0049885718861079 0.0045476067639844 0.004122995408883
0.0006532526718105 0.00050683064075864 0.0012897533227299 0.0026673074654532 0.0039769507858532 0.0047122082893251 0.0049885718861079 0.0049119991209318 0.0046576264655042 0.0043470588354056
0.00060711846092893 0.00043966203368571 0.0010601085857533 0.0022044181779307 0.0033784788017802 0.0041293593202969 0.0045476067639844 0.0046576264655042 0.0045786573979229 0.00439029694966
0.00056807630363215 0.00038362395056753 0.00089965216920103 0.0018640895462339 0.002915076810454 0.003638621993033 0.004122995408883 0.0043470588354056 0.00439029694966 0.0043107214245358
