0.0009784193089933 0.00069180068023494 0.0005432144564622 0.00048884946695085 0.00045787441581758 0.00044567429461323 0.00043512714203777 0.00042642006227188 0.0004182786444793 0.00041230766500903
0.00069180068023494 0.00046179909555935 0.000391865034831 0.00035526328033162 0.0003322077906518 0.00032311136994693 0.00031855754519589 0.0003143742085326 0.00031014316272268 0.00030616288215809
0.0005432144564622 0.000391865034831 0.00031761111988993 0.00028449435417526 0.00026837646657314 0.00026298616937848 0.0002586447213251 0.00025436332223633 0.00025053888152552 0.00024798231117921
0.00048884946695085 0.00035526328033162 0.00028449435417526 0.00026043741567225 0.00024604370462804 0.00024035188729332 0.00023632781994594 0.00023278866758444 0.00022963360924516 0.00022830274523287
0.00045787441581758 0.0003322077906518 0.00026837646657314 0.00024604370462804 0.00023813113299041 0.00023424891649416 0.00023130773836317 0.00022829898699228 0.00022551934089706 0.00022402021168177
0.00044567429461323 0.00032311136994693 0.00026298616937848 0.00024035188729332 0.00023424891649416 0.00023121083837419 0.00022905938940351 0.00022674818969621 0.00022456861376722 0.00022368275481685
0.00043512714203777 0.00031855754519589 0.0002586447213251 0.00023632781994594 0.00023130773836317 0.00022905938940351 0.00022736287667257 0.00022561393986089 0.00022395264625885 0.00022351067944961
0.00042642006227188 0.0003143742085326 0.00025436332223633 0.00023278866758444 0.00022829898699228 0.00022674818969621 0.00022561393986089 0.00022446617901055 0.00022335737551692 0.00022334708548668
0.0004182786444793 0.00031014316272268 0.00025053888152552 0.00022963360924516 0.00022551934089706 0.00022456861376722 0.00022395264625885 0.00022335737551692 0.0002227400545334 0.00022310518387515
0.00041230766500903 0.00030616288215809 0.00024798231117921 0.00022830274523287 0.00022402021168177 0.00022368275481685 0.00022351067944961 0.00022334708548668 0.00022310518387515 0.00022485975025203
