0.00018171355820619 0.00094694807987441 0.00098998744061905 0.00086990853777924 0.00073257692213245 0.00064544388627288 0.00059724646140663 0.00055659119481605 0.000527475776875 0.00050561061013279
0.00094694807987441 0.00040777255119855 0.00031326126393232 0.00027137417949798 0.00021034447432781 0.00019273078458042 0.00017296831699944 0.00015864368566788 0.00014702275619531 0.00013809401602654
0.00098998744061905 0.00031326126393232 0.00044478211415363 0.00029737216965159 0.00022852425276356 0.00020316548691317 0.00018614568516899 0.00017209424956074 0.00016324357753829 0.00015653615313888
0.00086990853777924 0.00027137417949798 0.00029737216965159 0.00032757653254787 0.0002280858904361 0.00019384337236411 0.00018044740925953 0.00016631028434199 0.00015760870304991 0.0001501229839514
0.00073257692213245 0.00021034447432781 0.00022852425276356 0.0002280858904361 0.00023345165284647 0.00018949801737503 0.00017039653358182 0.00015341098605023 0.00014204575585034 0.0001332383311628
0.00064544388627288 0.00019273078458042 0.00020316548691317 0.00019384337236411 0.00018949801737503 0.00018009962295618 0.00016526021984889 0.0001489518474199 0.00013669763506768 0.00012698990921535
0.00059724646140663 0.00017296831699944 0.00018614568516899 0.00018044740925953 0.00017039653358182 0.00016526021984889 0.0001604725456438 0.00014822638573729 0.00013790757072011 0.00012907082506228
0.00055659119481605 0.00015864368566788 0.00017209424956074 0.00016631028434199 0.00015341098605023 0.0001489518474199 0.00014822638573729 0.00014098676124511 0.00013361500027033 0.00012661893593198
0.000527475776875 0.00014702275619531 0.00016324357753829 0.00015760870304991 0.00014204575585034 0.00013669763506768 0.00013790757072011 0.00013361500027033 0.00012921850056543 0.00012426511516195
0.00050561061013279 0.00013809401602654 0.00015653615313888 0.0001501229839514 0.0001332383311628 0.00012698990921535 0.00012907082506228 0.00012661893593198 0.00012426511516195 0.0001210306979882
