0.00012018031353223 0.00016005810019363 0.0001587588347849 0.00013672498941405 0.00011298772597573 9.7514672004947e-05 8.5635555251767e-05 7.7918234009663e-05 7.2142706737438e-05 6.8355692114479e-05
0.00016005810019363 0.00020298685024862 0.00020473612169282 0.00019241457379996 0.00014898593687931 0.00012816091885514 0.0001114091908405 0.00010094383258159 9.3159835667365e-05 8.7940947564395e-05
0.0001587588347849 0.00020473612169282 0.00021409236476457 0.00018148134642831 0.00014652917757222 0.00012838428116814 0.00011430154200177 0.00010374271447729 9.6029747861299e-05 9.0928359329584e-05
0.00013672498941405 0.00019241457379996 0.00018148134642831 0.00016390877176903 0.00013221512708524 0.00011403964699524 0.00010034370036969 9.1912930452034e-05 8.5262825311574e-05 8.0112468499845e-05
0.00011298772597573 0.00014898593687931 0.00014652917757222 0.00013221512708524 0.0001112563346029 9.5154508582573e-05 8.3887552809739e-05 7.5798746339659e-05 7.0397207590867e-05 6.6534227632067e-05
9.7514672004947e-05 0.00012816091885514 0.00012838428116814 0.00011403964699524 9.5154508582573e-05 8.2057308718484e-05 7.3076672204986e-05 6.6105882878404e-05 6.10567604748e-05 5.7672448706652e-05
8.5635555251767e-05 0.0001114091908405 0.00011430154200177 0.00010034370036969 8.3887552809739e-05 7.3076672204986e-05 6.3722979673576e-05 5.7889558041348e-05 5.3849832485774e-05 5.1274347729122e-05
7.7918234009663e-05 0.00010094383258159 0.00010374271447729 9.1912930452034e-05 7.5798746339659e-05 6.6105882878404e-05 5.7889558041348e-05 5.27901534032e-05 4.9473201772684e-05 4.7289757567523e-05
7.2142706737438e-05 9.3159835667365e-05 9.6029747861299e-05 8.5262825311574e-05 7.0397207590867e-05 6.10567604748e-05 5.3849832485774e-05 4.9473201772684e-05 4.6688316830397e-05 4.4757514996064e-05
6.8355692114479e-05 8.7940947564395e-05 9.0928359329584e-05 8.0112468499845e-05 6.6534227632067e-05 5.7672448706652e-05 5.1274347729122e-05 4.7289757567523e-05 4.4757514996064e-05 4.2913282250025e-05
