0.010442999276223 0.0014328130602748 0.0012989903871041 8.4824005492371e-05 0.00081870139149075 0.0012047147132148 0.0010257926349587 0.00095993568326321 0.00082032641621701 0.00072739246555531
0.0014328130602748 0.0057064699013281 0.00053748578630822 0.00032339118171584 0.00043422190851519 3.2863765559904e-05 9.5611705443697e-05 0.00016830867091455 0.00016010695095388 0.00015651415762316
0.0012989903871041 0.00053748578630822 0.0052569217512333 0.0017138105842507 0.0009472535035851 0.00072579854328668 0.00075914720629412 0.0007185719344533 0.00069186236537266 0.00065554339296386
8.4824005492371e-05 0.00032339118171584 0.0017138105842507 0.0030714130549435 0.0017171273324778 0.0013073065843463 0.0010289782958334 0.00087806405853391 0.0008290011497941 0.00070776164314192
0.00081870139149075 0.00043422190851519 0.0009472535035851 0.0017171273324778 0.0022282522328169 0.0016327612873877 0.0013255163315391 0.001166460587689 0.0010548133686307 0.00092142882084467
0.0012047147132148 3.2863765559904e-05 0.00072579854328668 0.0013073065843463 0.0016327612873877 0.0017872863010312 0.0015124554371854 0.0013730968468376 0.001243852207612 0.0010923183296546
0.0010257926349587 9.5611705443697e-05 0.00075914720629412 0.0010289782958334 0.0013255163315391 0.0015124554371854 0.0015404898936419 0.0014216483700839 0.0013259583176913 0.0011993572882419
0.00095993568326321 0.00016830867091455 0.0007185719344533 0.00087806405853391 0.001166460587689 0.0013730968468376 0.0014216483700839 0.0014184924193607 0.0013492003482194 0.0012473034168525
0.00082032641621701 0.00016010695095388 0.00069186236537266 0.0008290011497941 0.0010548133686307 0.001243852207612 0.0013259583176913 0.0013492003482194 0.0013204563308639 0.0012402849232167
0.00072739246555531 0.00015651415762316 0.00065554339296386 0.00070776164314192 0.00092142882084467 0.0010923183296546 0.0011993572882419 0.0012473034168525 0.0012402849232167 0.0011911146689279
