0.00021708484625269 0.00021223638634698 0.0001934288108179 0.00016406496772225 0.00013424989973235 0.0001134223436438 0.00010351684052143 9.5326195757544e-05 8.8312049864577e-05 8.3586022371892e-05
0.00021223638634698 0.00021410372100084 0.00019692641965885 0.00016536049399006 0.00013488072273486 0.0001121418634211 0.00010187871557483 9.4411296785387e-05 8.8092479273331e-05 8.344488367457e-05
0.0001934288108179 0.00019692641965885 0.00017910193572578 0.00014738015509052 0.00012130238974383 0.00010071136492247 9.1181322310566e-05 8.4775373538009e-05 7.8632832930191e-05 7.44162375135e-05
0.00016406496772225 0.00016536049399006 0.00014738015509052 0.00012120897150535 9.7737641624559e-05 8.311388364886e-05 7.5253798022812e-05 6.9566394218226e-05 6.4874538981421e-05 6.1607109295243e-05
0.00013424989973235 0.00013488072273486 0.00012130238974383 9.7737641624559e-05 8.0938368938945e-05 6.8160686808328e-05 6.0715369577949e-05 5.6470445049116e-05 5.3096729550089e-05 5.0737305340393e-05
0.0001134223436438 0.0001121418634211 0.00010071136492247 8.311388364886e-05 6.8160686808328e-05 5.8545041431616e-05 5.2276457435678e-05 4.8607135969138e-05 4.5648018509318e-05 4.3428353301223e-05
0.00010351684052143 0.00010187871557483 9.1181322310566e-05 7.5253798022812e-05 6.0715369577949e-05 5.2276457435678e-05 4.7419086891092e-05 4.4709570382061e-05 4.2106597164683e-05 4.0088966259382e-05
9.5326195757544e-05 9.4411296785387e-05 8.4775373538009e-05 6.9566394218226e-05 5.6470445049116e-05 4.8607135969138e-05 4.4709570382061e-05 4.2517327758361e-05 4.0167466691285e-05 3.8329826461128e-05
8.8312049864577e-05 8.8092479273331e-05 7.8632832930191e-05 6.4874538981421e-05 5.3096729550089e-05 4.5648018509318e-05 4.2106597164683e-05 4.0167466691285e-05 3.7976971522113e-05 3.6338368234026e-05
8.3586022371892e-05 8.344488367457e-05 7.44162375135e-05 6.1607109295243e-05 5.0737305340393e-05 4.3428353301223e-05 4.0088966259382e-05 3.8329826461128e-05 3.6338368234026e-05 3.4845601936084e-05
