0 -3.033316645835 0.2826304655391 -2.7863615585308 -0.10229149139443 3.042243345629 0.047327719859285 -2.8322079347462 1.0017680396478 -0.70556361473098
3.033316645835 0 -3.0934444294618 0.013193579059329 3.1002339660466 -0.095204249593465 3.066332339337 -0.071359707030706 3.1011626888265 -0.0005895857304832
-0.2826304655391 3.0934444294618 0 3.1172364287255 -0.077947432778677 3.0774530535181 -0.052271837365651 3.1106994841651 -0.015021053349961 -3.138496938448
2.7863615585308 -0.013193579059329 -3.1172364287255 0 3.1165053223235 -0.0034620176806215 -3.1281954690496 0.030891068128815 -3.0981255681074 0.057114940177217
0.10229149139443 -3.1002339660466 0.077947432778677 -3.1165053223235 0 -3.1338540981459 0.01058653572857 -3.1283944958346 0.014340985527686 -3.1237524659625
-3.042243345629 0.095204249593465 -3.0774530535181 0.0034620176806215 3.1338540981459 0 -3.1413142032468 0.00071049603123769 3.1415874900673 0.00086294294693359
-0.047327719859285 -3.066332339337 0.052271837365651 3.1281954690496 -0.01058653572857 3.1413142032468 0 -3.1410994181586 -0.0005394046132622 3.1407725428267
2.8322079347462 0.071359707030706 -3.1106994841651 -0.030891068128815 3.1283944958346 -0.00071049603123769 3.1410994181586 0 3.1404566048759 -0.001907543786317
-1.0017680396478 -3.1011626888265 0.015021053349961 3.0981255681074 -0.014340985527686 -3.1415874900673 0.0005394046132622 -3.1404566048759 0 3.1406032912339
0.70556361473098 0.0005895857304832 3.138496938448 -0.057114940177217 3.1237524659625 -0.00086294294693359 -3.1407725428267 0.001907543786317 -3.1406032912339 0
