0.00016676623885476 0.00084901960677801 0.00091870015827897 0.00078463372084474 0.00066724240124116 0.00056543763737481 0.00052521116727768 0.00048558209272511 0.00045489840345705 0.00043156673278519
0.00084901960677801 0.00030841407955866 0.00024966003987327 0.00020293398601157 0.00017560792163919 0.00014487673006385 0.00013696217827263 0.00012864076200794 0.00012046473515237 0.00011400533157016
0.00091870015827897 0.00024966003987327 0.00037036908223945 0.00023542945213328 0.00019650171755367 0.00016257658799292 0.00014886512186761 0.00014080470422873 0.00013380810544061 0.00012759745050041
0.00078463372084474 0.00020293398601157 0.00023542945213328 0.00025473168989987 0.00018168150298235 0.00016031677951551 0.00014440974487797 0.0001278611703572 0.00011712446870361 0.00010944230214143
0.00066724240124116 0.00017560792163919 0.00019650171755367 0.00018168150298235 0.00019336088132736 0.00015063941170664 0.00013304060868587 0.00011845134967124 0.00010875687279989 0.00010145509144811
0.00056543763737481 0.00014487673006385 0.00016257658799292 0.00016031677951551 0.00015063941170664 0.00014871669959902 0.00013229636621344 0.00011612491175387 0.00010425630175686 9.551185149839e-05
0.00052521116727768 0.00013696217827263 0.00014886512186761 0.00014440974487797 0.00013304060868587 0.00013229636621344 0.00012884231268782 0.00011593392113388 0.0001056246439752 9.7359057779924e-05
0.00048558209272511 0.00012864076200794 0.00014080470422873 0.0001278611703572 0.00011845134967124 0.00011612491175387 0.00011593392113388 0.00010942763764901 0.00010162834731527 9.4612085396388e-05
0.00045489840345705 0.00012046473515237 0.00013380810544061 0.00011712446870361 0.00010875687279989 0.00010425630175686 0.0001056246439752 0.00010162834731527 9.6243392613692e-05 9.0548075041466e-05
0.00043156673278519 0.00011400533157016 0.00012759745050041 0.00010944230214143 0.00010145509144811 9.551185149839e-05 9.7359057779924e-05 9.4612085396388e-05 9.0548075041466e-05 8.6151169827097e-05
