0.002107889090808 0.0016065302886989 0.0015154020136275 0.0013336753231968 0.0011334481699716 0.0010554813587832 0.0010606237626365 0.0010462804105416 0.0010276787011675 0.0010045619089892
0.0016065302886989 0.0014132626760559 0.0012299198647553 0.0011047475023287 0.00091563491488568 0.00084775584287507 0.00080602594457189 0.00076434907042261 0.00073775880417643 0.00071361830869285
0.0015154020136275 0.0012299198647553 0.00092784782705908 0.0008181113574272 0.00070576981128157 0.00065904281656477 0.00062841040270245 0.00060379628942866 0.0005820152680199 0.00056132470286813
0.0013336753231968 0.0011047475023287 0.0008181113574272 0.00065045910141486 0.00051156235578404 0.0004885032636605 0.00048612683665427 0.00048135770444114 0.00047365590560471 0.00046410420031717
0.0011334481699716 0.00091563491488568 0.00070576981128157 0.00051156235578404 0.0004484270827014 0.00044505386649057 0.00045195936150408 0.00044529338614072 0.00044114226175313 0.00043596995728547
0.0010554813587832 0.00084775584287507 0.00065904281656477 0.0004885032636605 0.00044505386649057 0.00044643069294191 0.00045435894775624 0.00044323405824596 0.00043867294835634 0.00043412300565255
0.0010606237626365 0.00080602594457189 0.00062841040270245 0.00048612683665427 0.00045195936150408 0.00045435894775624 0.00046438392459233 0.00045423544352549 0.00045028692517788 0.00044607309449343
0.0010462804105416 0.00076434907042261 0.00060379628942866 0.00048135770444114 0.00044529338614072 0.00044323405824596 0.00045423544352549 0.00044625539974042 0.00044294304854683 0.00043875249168561
0.0010276787011675 0.00073775880417643 0.0005820152680199 0.00047365590560471 0.00044114226175313 0.00043867294835634 0.00045028692517788 0.00044294304854683 0.0004397690292454 0.00043559298436644
0.0010045619089892 0.00071361830869285 0.00056132470286813 0.00046410420031717 0.00043596995728547 0.00043412300565255 0.00044607309449343 0.00043875249168561 0.00043559298436644 0.00043140294228196
