0.00048657000670954 0.0003494899527314 0.00027058877839288 0.00023711944469896 0.00021034630375702 0.00019629946360314 0.0001873356352578 0.0001805941233203 0.00017496538459554 0.00017001184079826
0.0003494899527314 0.00025403687229639 0.00020915347748632 0.00017392444273845 0.00015177303027835 0.00014180016705334 0.00013596960393823 0.00013173990172481 0.00012823140786129 0.00012520218823271
0.00027058877839288 0.00020915347748632 0.00016527591290917 0.00013680357335743 0.0001193148384003 0.00011131482144262 0.0001068194987949 0.00010373148025273 0.00010102789198635 9.8649704018514e-05
0.00023711944469896 0.00017392444273845 0.00013680357335743 0.00011179056290982 9.8532985198408e-05 9.194452618121e-05 8.8245819947832e-05 8.5706120526781e-05 8.36442463564e-05 8.1867354695806e-05
0.00021034630375702 0.00015177303027835 0.0001193148384003 9.8532985198408e-05 8.7462331128561e-05 8.25283423893e-05 7.9753069141484e-05 7.7713167228831e-05 7.6030106223829e-05 7.4581351837858e-05
0.00019629946360314 0.00014180016705334 0.00011131482144262 9.194452618121e-05 8.25283423893e-05 7.8389493621675e-05 7.6170144473663e-05 7.4501797344177e-05 7.3012875364465e-05 7.1689308014425e-05
0.0001873356352578 0.00013596960393823 0.0001068194987949 8.8245819947832e-05 7.9753069141484e-05 7.6170144473663e-05 7.4361965871986e-05 7.3043916851662e-05 7.1776155610565e-05 7.0597334574638e-05
0.0001805941233203 0.00013173990172481 0.00010373148025273 8.5706120526781e-05 7.7713167228831e-05 7.4501797344177e-05 7.3043916851662e-05 7.200052293252e-05 7.0903398195982e-05 6.9828362257421e-05
0.00017496538459554 0.00012823140786129 0.00010102789198635 8.36442463564e-05 7.6030106223829e-05 7.3012875364465e-05 7.1776155610565e-05 7.0903398195982e-05 6.9909573041653e-05 6.8904900180251e-05
0.00017001184079826 0.00012520218823271 9.8649704018514e-05 8.1867354695806e-05 7.4581351837858e-05 7.1689308014425e-05 7.0597334574638e-05 6.9828362257421e-05 6.8904900180251e-05 6.7952321710622e-05
