0 3.1049573334499 -0.014954456202355 -3.0262830614675 0.055634806662137 3.1150852365538 -0.083196536302452 3.0598058909042 -0.057021658097408 3.1174744328322
-3.1049573334499 0 3.0788891216443 0.088557756057926 3.1413315005999 -0.029475638826634 3.0900801379709 -0.079990707257281 3.0514431842652 -0.089842536825412
0.014954456202355 -3.0788891216443 0 -3.0419296432562 0.038655217722287 -3.0674341355279 0.085084977845605 -3.0147559770873 0.17085288572951 -2.9222902984742
3.0262830614675 -0.088557756057926 3.0419296432562 0 3.0985391274217 -0.025824196673392 3.122445311825 -0.005603931576723 -3.1299910283671 0.023900200107934
-0.055634806662137 -3.1413315005999 -0.038655217722287 -3.0985391274217 0 -3.1072131854005 0.040851438858466 -3.0944133731855 0.055966339121242 -3.0775696381294
-3.1150852365538 0.029475638826634 3.0674341355279 0.025824196673392 3.1072131854005 0 -3.1410959689283 0.0078159772532308 -3.1255823572552 0.024773494654899
0.083196536302452 -3.0900801379709 -0.085084977845605 -3.122445311825 -0.040851438858466 3.1410959689283 0 -3.1344185458385 0.01453546064296 -3.1188295080701
-3.0598058909042 0.079990707257281 3.0147559770873 0.005603931576723 3.0944133731855 -0.0078159772532308 3.1344185458385 0 -3.1352718755708 0.013068939409169
0.057021658097408 -3.0514431842652 -0.17085288572951 3.1299910283671 -0.055966339121242 3.1255823572552 -0.01453546064296 3.1352718755708 0 -3.1350047777934
-3.1174744328322 0.089842536825412 2.9222902984742 -0.023900200107934 3.0775696381294 -0.024773494654899 3.1188295080701 -0.013068939409169 3.1350047777934 0
