9.9031839189133e-06 4.934024763822e-05 4.9294456844577e-05 4.2516209097321e-05 3.4714838534305e-05 3.0430071645432e-05 2.751852094685e-05 2.5315723410511e-05 2.3779668234021e-05 2.2589163687819e-05
4.934024763822e-05 0.00023217587414772 0.00022648301603099 0.00020769734672838 0.00016035449165067 0.00014322545377488 0.00012857792906933 0.00011735840389289 0.00011023255755776 0.0001044719668061
4.9294456844577e-05 0.00022648301603099 0.00023398437767579 0.00019683050563664 0.00015509116647951 0.00013892862784081 0.00012530967081886 0.00011678002145463 0.00011056221923035 0.0001051955594689
4.2516209097321e-05 0.00020769734672838 0.00019683050563664 0.00017211614947816 0.00014462610706623 0.00012506334811611 0.00011117284648341 0.00010347229222816 9.7392720791735e-05 9.229655749384e-05
3.4714838534305e-05 0.00016035449165067 0.00015509116647951 0.00014462610706623 0.00012249369283399 0.00010770586784186 9.5807373931976e-05 8.7795818522041e-05 8.2051821878522e-05 7.7455282336425e-05
3.0430071645432e-05 0.00014322545377488 0.00013892862784081 0.00012506334811611 0.00010770586784186 9.4559961854047e-05 8.5997773171914e-05 7.9116720300554e-05 7.4024181285478e-05 6.9730977631936e-05
2.751852094685e-05 0.00012857792906933 0.00012530967081886 0.00011117284648341 9.5807373931976e-05 8.5997773171914e-05 7.6847199710037e-05 7.0922865319923e-05 6.6621018287965e-05 6.2993377482834e-05
2.5315723410511e-05 0.00011735840389289 0.00011678002145463 0.00010347229222816 8.7795818522041e-05 7.9116720300554e-05 7.0922865319923e-05 6.5624231124549e-05 6.2043477800924e-05 5.9000973079096e-05
2.3779668234021e-05 0.00011023255755776 0.00011056221923035 9.7392720791735e-05 8.2051821878522e-05 7.4024181285478e-05 6.6621018287965e-05 6.2043477800924e-05 5.8834292846066e-05 5.6153076128962e-05
2.2589163687819e-05 0.0001044719668061 0.0001051955594689 9.229655749384e-05 7.7455282336425e-05 6.9730977631936e-05 6.2993377482834e-05 5.9000973079096e-05 5.6153076128962e-05 5.3812618216539e-05
