0.00040278057041981 0.00033489234402794 0.00027775301678591 0.00023100404762361 0.00020636286066792 0.00018827422189574 0.00017662043786483 0.00016797069802985 0.00016184749818073 0.00015713481055666
0.00033489234402794 0.0002816334459196 0.0002315346844087 0.00018653181960455 0.00016543242166722 0.0001545901104099 0.0001475810676769 0.00014166504745292 0.00013643082884337 0.00013200354750199
0.00027775301678591 0.0002315346844087 0.00018246987572018 0.00015414200754774 0.00013791744374455 0.00012773807477243 0.00012102660173485 0.00011586743014442 0.00011165198279845 0.00010809315808777
0.00023100404762361 0.00018653181960455 0.00015414200754774 0.00012642605097007 0.0001131140671939 0.00010603235094542 0.0001013264820335 9.7994594131392e-05 9.5435230224601e-05 9.3099399332162e-05
0.00020636286066792 0.00016543242166722 0.00013791744374455 0.0001131140671939 0.00010092990706115 9.4687464355547e-05 9.0707335565029e-05 8.7879516763074e-05 8.5597667590765e-05 8.3619008244437e-05
0.00018827422189574 0.0001545901104099 0.00012773807477243 0.00010603235094542 9.4687464355547e-05 8.9442387880976e-05 8.629398981776e-05 8.4018544886626e-05 8.2076772605403e-05 8.0359489696439e-05
0.00017662043786483 0.0001475810676769 0.00012102660173485 0.0001013264820335 9.0707335565029e-05 8.629398981776e-05 8.4014970074365e-05 8.2330058234157e-05 8.0753473482651e-05 7.9306889809265e-05
0.00016797069802985 0.00014166504745292 0.00011586743014442 9.7994594131392e-05 8.7879516763074e-05 8.4018544886626e-05 8.2330058234157e-05 8.1063341815285e-05 7.9741417816391e-05 7.8504472818938e-05
0.00016184749818073 0.00013643082884337 0.00011165198279845 9.5435230224601e-05 8.5597667590765e-05 8.2076772605403e-05 8.0753473482651e-05 7.9741417816391e-05 7.8562394773107e-05 7.7468752657302e-05
0.00015713481055666 0.00013200354750199 0.00010809315808777 9.3099399332162e-05 8.3619008244437e-05 8.0359489696439e-05 7.9306889809265e-05 7.8504472818938e-05 7.7468752657302e-05 7.6516562127874e-05
