1.7666424985235e-05 7.8630676577723e-05 7.3133309148529e-05 6.3019848856312e-05 5.5583538413553e-05 5.2009327259024e-05 4.9319878554707e-05 4.7243019295076e-05 4.5570446304567e-05 4.4193503040657e-05
7.8630676577723e-05 0.0003446702457363 0.00031537548121754 0.0002697843470441 0.00023137334661534 0.00020865154482179 0.00019673757984418 0.00018829512407819 0.00018126503996018 0.00017530493722186
7.3133309148529e-05 0.00031537548121754 0.00030259432496077 0.00025269135510207 0.00021866253922556 0.00019871324181178 0.00018672329621712 0.00017867844398033 0.00017257627957578 0.00016747824081194
6.3019848856312e-05 0.0002697843470441 0.00025269135510207 0.00021051066448715 0.00018805188556991 0.00017423891077633 0.0001659814966547 0.00015925456466339 0.00015422942987251 0.00015006548384646
5.5583538413553e-05 0.00023137334661534 0.00021866253922556 0.00018805188556991 0.0001700857677432 0.00016087646818854 0.00015499611884351 0.0001495273329659 0.00014514176967991 0.00014139776514514
5.2009327259024e-05 0.00020865154482179 0.00019871324181178 0.00017423891077633 0.00016087646818854 0.0001537546708296 0.00014945400115917 0.00014488052275829 0.00014080838699085 0.00013715296505367
4.9319878554707e-05 0.00019673757984418 0.00018672329621712 0.0001659814966547 0.00015499611884351 0.00014945400115917 0.00014589974090082 0.00014187377112932 0.00013815351504233 0.00013469628939291
4.7243019295076e-05 0.00018829512407819 0.00017867844398033 0.00015925456466339 0.0001495273329659 0.00014488052275829 0.00014187377112932 0.00013836179183187 0.00013514906184339 0.00013209642177755
4.5570446304567e-05 0.00018126503996018 0.00017257627957578 0.00015422942987251 0.00014514176967991 0.00014080838699085 0.00013815351504233 0.00013514906184339 0.00013249573238764 0.00012990422552567
4.4193503040657e-05 0.00017530493722186 0.00016747824081194 0.00015006548384646 0.00014139776514514 0.00013715296505367 0.00013469628939291 0.00013209642177755 0.00012990422552567 0.0001277055607904
