0.020238067382849 0.0055560692778675 0.0040644483955843 0.0028236935154472 0.0020329149365137 0.0016797526673393 0.0014459659777541 0.001214734812495 0.0010260564030722 0.00087551275718831
0.0055560692778675 0.017797540234336 0.0094538192622412 0.0059315437330592 0.004155026051826 0.0030277174338297 0.0023402879452629 0.0018852312849075 0.0015549269021872 0.0012931086155418
0.0040644483955843 0.0094538192622412 0.014823851791504 0.0095991404815771 0.0069274726004427 0.0052023009696933 0.0039927770708597 0.0031123168296699 0.0024512406857977 0.0019531931337097
0.0028236935154472 0.0059315437330592 0.0095991404815771 0.010876422529195 0.0089543168909354 0.0073355897760286 0.0060155298751097 0.0049388255752373 0.0040938242421552 0.0034276693999809
0.0020329149365137 0.004155026051826 0.0069274726004427 0.0089543168909354 0.0090838517533317 0.0081680055895653 0.007112574761242 0.0061242024192807 0.0052760741246144 0.0045700920256103
0.0016797526673393 0.0030277174338297 0.0052023009696933 0.0073355897760286 0.0081680055895653 0.0081316036381207 0.0075365933232024 0.0067947210988828 0.0060782895425322 0.0054342167714693
0.0014459659777541 0.0023402879452629 0.0039927770708597 0.0060155298751097 0.007112574761242 0.0075365933232024 0.0073987200088637 0.0069597757942969 0.0064397311763933 0.0059197456179924
0.001214734812495 0.0018852312849075 0.0031123168296699 0.0049388255752373 0.0061242024192807 0.0067947210988828 0.0069597757942969 0.0067917582495281 0.0064734659553509 0.0060966702325417
0.0010260564030722 0.0015549269021872 0.0024512406857977 0.0040938242421552 0.0052760741246144 0.0060782895425322 0.0064397311763933 0.0064734659553509 0.0063323085997696 0.0060946550409744
0.00087551275718831 0.0012931086155418 0.0019531931337097 0.0034276693999809 0.0045700920256103 0.0054342167714693 0.0059197456179924 0.0060966702325417 0.0060946550409744 0.0059780163706221
