3.1415926535898 0.8815888726541 -3.126197718819 -0.92366085889421 1.962686712012 -1.0717651362103 2.6482227141353 -0.11321841290008 -3.0191353587613 0.27188582575626
-0.8815888726541 3.1415926535898 0.023569681940291 -3.041337194801 0.067623224485657 -3.1264850412252 0.044348363407467 -3.073946284383 0.063154222333236 -3.0690734168052
3.126197718819 -0.023569681940291 3.1415926535898 0.071106829791949 -3.1179378378211 0.011616343407018 -3.1018665063042 0.051420458846841 -3.0844608003354 0.066893042954625
0.92366085889421 3.041337194801 -0.071106829791949 3.1415926535898 -0.0032997292469856 3.1130264610348 -0.042124933643809 3.085551348831 -0.057144157414103 3.09112918084
-1.962686712012 -0.067623224485657 3.1179378378211 0.0032997292469856 3.1415926535898 -0.0078624462425364 3.1330488551205 -0.011482173892524 3.1351789513112 -3.1249283304464e-06
1.0717651362103 3.1264850412252 -0.011616343407018 -3.1130264610348 0.0078624462425364 3.1415926535898 -0.0035750378259469 3.1305141604309 -0.0066419053067586 3.1375084028931
-2.6482227141353 -0.044348363407467 3.1018665063042 0.042124933643809 -3.1330488551205 0.0035750378259469 3.1415926535898 -0.0052815845093655 3.1412086034097 0.0021620017378096
0.11321841290008 3.073946284383 -0.051420458846841 -3.085551348831 0.011482173892524 -3.1305141604309 0.0052815845093655 3.1415926535898 0.0038472431767642 -3.1357165345192
3.0191353587613 -0.063154222333236 3.0844608003354 0.057144157414103 -3.1351789513112 0.0066419053067586 -3.1412086034097 -0.0038472431767642 3.1415926535898 0.0022623680579257
-0.27188582575626 3.0690734168052 -0.066893042954625 -3.09112918084 3.1249283304464e-06 -3.1375084028931 -0.0021620017378096 3.1357165345192 -0.0022623680579257 3.1415926535898
