3.1415926535898 -0.17021360405511 3.048216890422 -0.22418703805693 2.977939704151 -0.11826950775036 3.0711777842986 -0.047621285033857 3.093252116931 -0.06105906900258
0.17021360405511 3.1415926535898 -0.02069193084545 -3.1411209460875 0.042715666811 -3.039642227482 0.14541516048252 -2.9656790258727 0.19067183482951 -2.945554044767
-3.048216890422 0.02069193084545 3.1415926535898 0.0024149445151933 -3.1057129829788 0.065029332898597 -3.0527766559428 0.10380945329382 -3.0256142097619 0.12593476175098
0.22418703805693 3.1411209460875 -0.0024149445151933 3.1415926535898 0.034966562351906 -3.0899089586572 0.063745168214257 -3.0709738919748 0.077100451355561 -3.058697283403
-2.977939704151 -0.042715666811 3.1057129829788 -0.034966562351906 3.1415926535898 0.0079132145104763 -3.1266664364021 0.021525488197508 -3.1125029851655 0.036494654222303
0.11826950775036 3.039642227482 -0.065029332898597 3.0899089586572 -0.0079132145104763 3.1415926535898 0.0069489243481915 -3.1278654204257 0.021091585546721 -3.1133595302036
-3.0711777842986 -0.14541516048252 3.0527766559428 -0.063745168214257 3.1266664364021 -0.0069489243481915 3.1415926535898 0.0064288324056501 -3.1287058637648 0.018845284416507
0.047621285033857 2.9656790258727 -0.10380945329382 3.0709738919748 -0.021525488197508 3.1278654204257 -0.0064288324056501 3.1415926535898 0.0059507720127291 -3.1304468478478
-3.093252116931 -0.19067183482951 3.0256142097619 -0.077100451355561 3.1125029851655 -0.021091585546721 3.1287058637648 -0.0059507720127291 3.1415926535898 0.0049064973167433
0.06105906900258 2.945554044767 -0.12593476175098 3.058697283403 -0.036494654222303 3.1133595302036 -0.018845284416507 3.1304468478478 -0.0049064973167433 3.1415926535898
