0.013525076181946 -0.0018029811052594 0.0011256035786167 -0.00079221564158906 0.00058303290871224 -0.00045695932035716 0.00039180468924474 -0.00034361589706305 0.00031059475467747 -0.00028364583964724
-0.0018029811052594 0.0074706818004382 -0.0027417697711539 0.0015979272087076 -0.0011386262865951 0.00087595686017825 -0.00072170643549909 0.00062369594317002 -0.00054505960548125 0.00048606721036887
0.0011256035786167 -0.0027417697711539 0.0049396709318342 -0.0028029563499472 0.0020361661168026 -0.0016085423197451 0.0013119498729286 -0.0011294765963376 0.00098580571430879 -0.0008729344329783
-0.00079221564158906 0.0015979272087076 -0.0028029563499472 0.0031182265273018 -0.0024458338590072 0.0019971078060332 -0.0016661634033059 0.0014364742607933 -0.0012598204606547 0.0011202736399466
0.00058303290871224 -0.0011386262865951 0.0020361661168026 -0.0024458338590072 0.0024725873718408 -0.002162106374044 0.0018882225420242 -0.001679420639282 0.0015073746009943 -0.0013656730587524
-0.00045695932035716 0.00087595686017825 -0.0016085423197451 0.0019971078060332 -0.002162106374044 0.002072265396472 -0.0018964736285131 0.0017380544628094 -0.0015959114155209 0.0014710914086433
0.00039180468924474 -0.00072170643549909 0.0013119498729286 -0.0016661634033059 0.0018882225420242 -0.0018964736285131 0.0018270248722218 -0.0017276875298338 0.0016236577099322 -0.001523846257971
-0.00034361589706305 0.00062369594317002 -0.0011294765963376 0.0014364742607933 -0.001679420639282 0.0017380544628094 -0.0017276875298338 0.0016799063629275 -0.0016116473734971 0.0015370172954377
0.00031059475467747 -0.00054505960548125 0.00098580571430879 -0.0012598204606547 0.0015073746009943 -0.0015959114155209 0.0016236577099322 -0.0016116473734971 0.0015742289467612 -0.0015230917894464
-0.00028364583964724 0.00048606721036887 -0.0008729344329783 0.0011202736399466 -0.0013656730587524 0.0014710914086433 -0.001523846257971 0.0015370172954377 -0.0015230917894464 0.0014919770739038
