3.1415926535898 -0.074586831848673 -3.0501641063585 -0.038185192761924 3.1010816230444 -0.030725232031964 3.0661632938614 -0.12993906125941 2.9536929783973 -0.2408621975175
0.074586831848673 3.1415926535898 0.23760986909999 -2.8518987062903 0.26912345170883 -2.9015425399837 0.19327364512486 -3.0011734836393 0.085618655049264 -3.1075674268044
3.0501641063585 -0.23760986909999 3.1415926535898 0.060188546110273 -3.058361465241 0.11093938473792 -3.020093125781 0.12948673291803 -3.0019413496285 0.14801726843516
0.038185192761924 2.8518987062903 -0.060188546110273 3.1415926535898 0.0096746091858278 -3.1112667785069 0.039539346686561 -3.0944311927633 0.054991302913195 -3.0818553238378
-3.1010816230444 -0.26912345170883 3.058361465241 -0.0096746091858278 3.1415926535898 0.028586114879271 -3.0970190521582 0.055137402694086 -3.0789632165707 0.065329614494047
0.030725232031964 2.9015425399837 -0.11093938473792 3.1112667785069 -0.028586114879271 3.1415926535898 0.014418520111775 -3.1187527321673 0.028589568867659 -3.1121539652618
-3.0661632938614 -0.19327364512486 3.020093125781 -0.039539346686561 3.0970190521582 -0.014418520111775 3.1415926535898 0.0073876232542499 -3.1292111888379 0.012516856067359
0.12993906125941 3.0011734836393 -0.12948673291803 3.0944311927633 -0.055137402694086 3.1187527321673 -0.0073876232542499 3.1415926535898 0.0053741887691622 -3.1357358451239
-2.9536929783973 -0.085618655049264 3.0019413496285 -0.054991302913195 3.0789632165707 -0.028589568867659 3.1292111888379 -0.0053741887691622 3.1415926535898 0.0005212120656062
0.2408621975175 3.1075674268044 -0.14801726843516 3.0818553238378 -0.065329614494047 3.1121539652618 -0.012516856067359 3.1357358451239 -0.0005212120656062 3.1415926535898
