0.000546842500171 0.00067005874160147 0.00058650193375686 0.00056431588657201 0.00045129999306272 0.00037478155471674 0.0003339723874849 0.00031821100141431 0.00030944420427644 0.0003034886962075
0.00067005874160147 0.00091321905020526 0.00081907644693714 0.00072063895068346 0.00054744862857637 0.0004958336181119 0.00046110231276858 0.00043849991441778 0.00042359698376003 0.00041180501553844
0.00058650193375686 0.00081907644693714 0.0010303772537503 0.00065554080707658 0.00049101354491275 0.00043242237023085 0.00039506752938709 0.00037116946596775 0.00036118481691006 0.00035502846859045
0.00056431588657201 0.00072063895068346 0.00065554080707658 0.00054754550160767 0.00042794265764536 0.00038122141047143 0.00035742385486057 0.0003374159553316 0.00032307792547392 0.00031230340060376
0.00045129999306272 0.00054744862857637 0.00049101354491275 0.00042794265764536 0.00035576832836466 0.00032357993056586 0.00029769188965321 0.00028231477237382 0.00027706816737244 0.00027157405124924
0.00037478155471674 0.0004958336181119 0.00043242237023085 0.00038122141047143 0.00032357993056586 0.0002916148382356 0.00026033383037801 0.00024412499895812 0.00023973233353544 0.00023459182336909
0.0003339723874849 0.00046110231276858 0.00039506752938709 0.00035742385486057 0.00029769188965321 0.00026033383037801 0.00022753205785095 0.00021226702262561 0.00020907234925746 0.00020530841645473
0.00031821100141431 0.00043849991441778 0.00037116946596775 0.0003374159553316 0.00028231477237382 0.00024412499895812 0.00021226702262561 0.00019856260294 0.00019448426099248 0.0001904308132273
0.00030944420427644 0.00042359698376003 0.00036118481691006 0.00032307792547392 0.00027706816737244 0.00023973233353544 0.00020907234925746 0.00019448426099248 0.00018891670597174 0.00018415119215435
0.0003034886962075 0.00041180501553844 0.00035502846859045 0.00031230340060376 0.00027157405124924 0.00023459182336909 0.00020530841645473 0.0001904308132273 0.00018415119215435 0.00017921529441056
