0 -3.111944350889 0.0052740550559115 -3.0290819068955 -0.0022910965390158 -3.1392633013474 0.076180239577283 -3.0164570562983 0.17000056330762 -2.9226459953115
3.111944350889 0 -3.0901521927914 -0.050666416932296 3.1128941876271 0.043955558936812 -3.0002385735439 0.24273617381625 -2.8102156143203 0.42143082127957
-0.0052740550559115 3.0901521927914 0 3.1002673919273 0.028520030559966 -3.1020854261439 0.0308987190966 -3.1099983465073 0.03318661704415 -3.0952988587918
3.0290819068955 0.050666416932296 -3.1002673919273 0 -3.1167536126591 0.052991081417311 -3.0753089999609 0.063705399954296 -3.0787320176392 0.064122402838229
0.0022910965390158 -3.1128941876271 -0.028520030559966 3.1167536126591 0 -3.079971565592 0.11651852061184 -2.9877231093597 0.18070493175267 -2.9376501456771
3.1392633013474 -0.043955558936812 3.1020854261439 -0.052991081417311 3.079971565592 0 -3.100362855328 0.075031483478346 -3.041282834489 0.12433795102239
-0.076180239577283 3.0002385735439 -0.0308987190966 3.0753089999609 -0.11651852061184 3.100362855328 0 -3.1062988803238 0.058740790699364 -3.0595099524593
3.0164570562983 -0.24273617381625 3.1099983465073 -0.063705399954296 2.9877231093597 -0.075031483478346 3.1062988803238 0 -3.1207321196244 0.041859873908071
-0.17000056330762 2.8102156143203 -0.03318661704415 3.0787320176392 -0.18070493175267 3.041282834489 -0.058740790699364 3.1207321196244 0 -3.1205185860324
2.9226459953115 -0.42143082127957 3.0952988587918 -0.064122402838229 2.9376501456771 -0.12433795102239 3.0595099524593 -0.041859873908071 3.1205185860324 0
