-0.00059797819697749 -0.0015876947687199 0.0010624790368088 -0.00087551928299928 0.00074626906359519 -0.00065722374850085 0.00058064483859136 -0.00052474556013578 0.00048094694716347 -0.0004436007021481
-0.0015876947687199 -0.010887508836607 0.0024242822782221 -0.0018038883031485 0.0013030753863038 -0.0010317487953276 0.00082560893480856 -0.00070475975642251 0.0006102192295836 -0.00053825591183533
0.0010624790368088 0.0024242822782221 -0.0090827980625152 0.0040649117376635 -0.0028552587320227 0.0021673474474777 -0.0017194880617003 0.0013766634303296 -0.0011483130320767 0.00097820531286242
-0.00087551928299928 -0.0018038883031485 0.0040649117376635 -0.006371991883205 0.0043867003377688 -0.0033219340945605 0.0026955207766111 -0.0022394335735233 0.0018961733049779 -0.001643923380732
0.00074626906359519 0.0013030753863038 -0.0028552587320227 0.0043867003377688 -0.0048469453315093 0.0040601780704726 -0.0034566216611268 0.0029932666651075 -0.002619875597013 0.0023193776486183
-0.00065722374850085 -0.0010317487953276 0.0021673474474777 -0.0033219340945605 0.0040601780704726 -0.0040413533735234 0.0036760683438268 -0.0033098316990008 0.0029777336486955 -0.0026865839143263
0.00058064483859136 0.00082560893480856 -0.0017194880617003 0.0026955207766111 -0.0034566216611268 0.0036760683438268 -0.0035959318402091 0.0033793438099819 -0.0031318721920406 0.0028896465347082
-0.00052474556013578 -0.00070475975642251 0.0013766634303296 -0.0022394335735233 0.0029932666651075 -0.0033098316990008 0.0033793438099819 -0.0033065001238844 0.0031527557445648 -0.002972638669871
0.00048094694716347 0.0006102192295836 -0.0011483130320767 0.0018961733049779 -0.002619875597013 0.0029777336486955 -0.0031318721920406 0.0031527557445648 -0.0030800339988368 0.0029604783106364
-0.0004436007021481 -0.00053825591183533 0.00097820531286242 -0.001643923380732 0.0023193776486183 -0.0026865839143263 0.0028896465347082 -0.002972638669871 0.0029604783106364 -0.0028932358412847
