0.011279539610801 0.0013953698936823 0.00089123032779961 0.0010899506538446 0.00076496710094028 0.00055226068700455 0.00070438052916752 0.00080828075614518 0.00084875044875818 0.00084173322140382
0.0013953698936823 0.0058308313169872 0.0018502382028036 0.0015781768341143 0.00081097630456662 0.00063999612047801 0.0005970568273242 0.00050266743830114 0.00040856809790626 0.00031262962160231
0.00089123032779961 0.0018502382028036 0.0031155154095912 0.0015883127078766 0.0011538136794718 0.00086266198590775 0.00073039018935832 0.00064306833200122 0.00054595950495254 0.00045936804145402
0.0010899506538446 0.0015781768341143 0.0015883127078766 0.0022490500856901 0.001563360467298 0.0012628850299247 0.0011482786450503 0.0010151026847377 0.00089997264253452 0.00082034391149868
0.00076496710094028 0.00081097630456662 0.0011538136794718 0.001563360467298 0.0017213924638472 0.0013820240255754 0.0012784062971437 0.0011405275143881 0.0010151200419093 0.00091823701901347
0.00055226068700455 0.00063999612047801 0.00086266198590775 0.0012628850299247 0.0013820240255754 0.0013541870508961 0.0012925128805435 0.0011770078381822 0.0010617441812573 0.00097152375454589
0.00070438052916752 0.0005970568273242 0.00073039018935832 0.0011482786450503 0.0012784062971437 0.0012925128805435 0.0013417301309202 0.0012551409863186 0.001151227448495 0.0010678157814077
0.00080828075614518 0.00050266743830114 0.00064306833200122 0.0010151026847377 0.0011405275143881 0.0011770078381822 0.0012551409863186 0.0012267639031713 0.0011486242053509 0.0010838454183505
0.00084875044875818 0.00040856809790626 0.00054595950495254 0.00089997264253452 0.0010151200419093 0.0010617441812573 0.001151227448495 0.0011486242053509 0.0011029099170934 0.0010568256609734
0.00084173322140382 0.00031262962160231 0.00045936804145402 0.00082034391149868 0.00091823701901347 0.00097152375454589 0.0010678157814077 0.0010838454183505 0.0010568256609734 0.0010317735664271
