3.1415926535898 0.054836094476576 -3.0534221402378 0.11812714086496 -2.9936583181388 0.17606852181747 -2.9395065593162 0.22564599503452 -2.8945465325949 0.26644981747345
-0.054836094476576 3.1415926535898 0.02985287275373 -3.0859196970014 0.080078297136188 -3.0395147275115 0.12187963665585 -3.0020069606345 0.15563171183005 -2.9713536034947
3.0534221402378 -0.02985287275373 3.1415926535898 0.024131495192905 -3.0956667705615 0.064913744311509 -3.059942217269 0.096494190743333 -3.0316971962285 0.12207919031386
-0.11812714086496 3.0859196970014 -0.024131495192905 3.1415926535898 0.02081419780631 -3.1032268747372 0.05349179790801 -3.0748548694073 0.078582116719629 -3.0523342624635
2.9936583181388 -0.080078297136188 3.0956667705615 -0.02081419780631 3.1415926535898 0.017091103752598 -3.1100634309129 0.044003214721918 -3.0865693059451 0.064837208942268
-0.17606852181747 3.0395147275115 -0.064913744311509 3.1032268747372 -0.017091103752598 3.1415926535898 0.014187137950335 -3.1153161925121 0.036812480840438 -3.0955307160234
2.9395065593162 -0.12187963665585 3.059942217269 -0.05349179790801 3.1100634309129 -0.014187137950335 3.1415926535898 0.011933457155399 -3.119401548333 0.031062119425897
-0.22564599503452 3.0020069606345 -0.096494190743333 3.0748548694073 -0.044003214721918 3.1153161925121 -0.011933457155399 3.1415926535898 0.01013021723002 -3.1228238905373
2.8945465325949 -0.15563171183005 3.0316971962285 -0.078582116719629 3.0865693059451 -0.036812480840438 3.119401548333 -0.01013021723002 3.1415926535898 0.0085325885476978
-0.26644981747345 2.9713536034947 -0.12207919031386 3.0523342624635 -0.064837208942268 3.0955307160234 -0.031062119425897 3.1228238905373 -0.0085325885476978 3.1415926535898
