3.1415926535898 0.64059219899829 2.5884833867904 -0.034861121267152 -2.9985333627762 0.078966866257881 -2.9327331398722 0.53085443530099 -2.1632394291407 1.425474100168
-0.64059219899829 3.1415926535898 0.00090110813271231 2.9405555334196 -0.36224814164194 2.7885831467961 -0.37335901972897 2.7063789326744 -0.58747550947699 2.3656773476878
-2.5884833867904 -0.00090110813271231 3.1415926535898 -0.015093172900356 -3.1402200112957 0.0052364907319836 -3.1270522560715 0.019490013860124 -3.1141978895968 0.032814716311278
0.034861121267152 -2.9405555334196 0.015093172900356 3.1415926535898 -0.010981508730253 3.1176912415126 -0.016183303559548 3.1312748814789 0.00059684716635408 -3.1319468563232
2.9985333627762 0.36224814164194 3.1402200112957 0.010981508730253 3.1415926535898 0.0006592761553307 -3.1336248492192 0.017592750491322 -3.1139755712067 0.03525802447314
-0.078966866257881 -2.7885831467961 -0.0052364907319836 -3.1176912415126 -0.0006592761553307 3.1415926535898 0.006286014845922 -3.1292466382087 0.018539389221157 -3.1196654000702
2.9327331398722 0.37335901972897 3.1270522560715 0.016183303559548 3.1336248492192 -0.006286014845922 3.1415926535898 0.0039274416159036 -3.1339392470042 0.0092665497563475
-0.53085443530099 -2.7063789326744 -0.019490013860124 -3.1312748814789 -0.017592750491322 3.1292466382087 -0.0039274416159036 3.1415926535898 0.0029261080767086 -3.1378399337247
2.1632394291407 0.58747550947699 3.1141978895968 -0.00059684716635408 3.1139755712067 -0.018539389221157 3.1339392470042 -0.0029261080767086 3.1415926535898 0.0007670888485155
-1.425474100168 -2.3656773476878 -0.032814716311278 3.1319468563232 -0.03525802447314 3.1196654000702 -0.0092665497563475 3.1378399337247 -0.0007670888485155 3.1415926535898
