-0.015154289474575 0.0018905397232437 -0.0012495770232783 0.00076175085000887 -0.00039962514736493 0.00019088829290582 -0.0001275099669414 8.1407333765137e-05 -5.1910379304955e-05 3.6009088823764e-05
0.0018905397232437 -0.009318936470074 0.0033768522914266 -0.0019782284217726 0.0014457414629057 -0.0010312830904354 0.00078838080414753 -0.00061751093471026 0.00049289441067776 -0.00039960150202753
-0.0012495770232783 0.0033768522914266 -0.0064091122648141 0.0037842490821913 -0.0028565269545731 0.0022073444090938 -0.001775726066189 0.0014784789271929 -0.0012484807872704 0.0010663099897245
0.00076175085000887 -0.0019782284217726 0.0037842490821913 -0.004337092214104 0.0034886309517793 -0.0028540164033191 0.0023994584897862 -0.0020553298623374 0.0017841408520166 -0.0015657393662321
-0.00039962514736493 0.0014457414629057 -0.0028565269545731 0.0034886309517793 -0.0035253668438806 0.003135991573222 -0.0027719134264048 0.0024586244001356 -0.0021899209810053 0.0019618680147934
0.00019088829290582 -0.0010312830904354 0.0022073444090938 -0.0028540164033191 0.003135991573222 -0.0030788992474432 0.0028702790494324 -0.0026364594379496 0.0024077780060204 -0.0021982230171148
-0.0001275099669414 0.00078838080414753 -0.001775726066189 0.0023994584897862 -0.0027719134264048 0.0028702790494324 -0.002807818482222 0.0026616850964217 -0.0024876281815148 0.002312237386525
8.1407333765137e-05 -0.00061751093471026 0.0014784789271929 -0.0020553298623374 0.0024586244001356 -0.0026364594379496 0.0026616850964217 -0.0025912888319343 0.0024714075544927 -0.0023344522568674
-5.1910379304955e-05 0.00049289441067776 -0.0012484807872704 0.0017841408520166 -0.0021899209810053 0.0024077780060204 -0.0024876281815148 0.0024714075544927 -0.002398453821784 0.0022985514181469
3.6009088823764e-05 -0.00039960150202753 0.0010663099897245 -0.0015657393662321 0.0019618680147934 -0.0021982230171148 0.002312237386525 -0.0023344522568674 0.0022985514181469 -0.0022311661280012
