0.0095187171120411 0.0009465498571517 0.00081097767778453 0.00089877409581127 0.00081136695007296 0.00050482909620408 0.00050420833069001 0.00043618991043985 0.00043641044905019 0.00043247136478042
0.0009465498571517 0.0056057195259092 0.0014140728607022 0.0011621538795297 0.00079346037480072 0.00052967600179817 0.00041163514483873 0.00038442148375373 0.00035303670381853 0.00034229240419773
0.00081097767778453 0.0014140728607022 0.0040189507143717 0.0019316411778875 0.0014632962005072 0.001114812056913 0.00092112376737637 0.00075859879833216 0.0006824581777747 0.00059069061357792
0.00089877409581127 0.0011621538795297 0.0019316411778875 0.0027698773606412 0.0018177300503885 0.0012788919736401 0.001078389084369 0.00090550408932289 0.00076956356007582 0.00063431308480867
0.00081136695007296 0.00079346037480072 0.0014632962005072 0.0018177300503885 0.0020437432553085 0.0015478508858419 0.0013757649233669 0.0011932997448949 0.0010486310765629 0.00091800776491368
0.00050482909620408 0.00052967600179817 0.001114812056913 0.0012788919736401 0.0015478508858419 0.0015239445532892 0.0013638660886481 0.0011836662807062 0.0010336254753095 0.00090376581316007
0.00050420833069001 0.00041163514483873 0.00092112376737637 0.001078389084369 0.0013757649233669 0.0013638660886481 0.0013811605982121 0.0012367880326605 0.0011098327380526 0.00099037789513808
0.00043618991043985 0.00038442148375373 0.00075859879833216 0.00090550408932289 0.0011932997448949 0.0011836662807062 0.0012367880326605 0.0011751850192812 0.0010793870124913 0.00098529026510414
0.00043641044905019 0.00035303670381853 0.0006824581777747 0.00076956356007582 0.0010486310765629 0.0010336254753095 0.0011098327380526 0.0010793870124913 0.0010289093197278 0.00096305073025613
0.00043247136478042 0.00034229240419773 0.00059069061357792 0.00063431308480867 0.00091800776491368 0.00090376581316007 0.00099037789513808 0.00098529026510414 0.00096305073025613 0.00093002773917216
