3.1415926535898 -0.053991735018569 -0.62304487543903 0.32758969980459 -2.9965257890564 -0.57233451489219 2.9748323134061 0.12830304363816 -2.5361504743866 0.44200446159329
0.053991735018569 3.1415926535898 -0.064039346956066 2.9141071254267 -0.24148694665027 1.5808112377205 -1.158766559355 1.9746155617744 -0.96706813028225 2.3405758462542
0.62304487543903 0.064039346956066 3.1415926535898 -0.13175154976285 2.9136352685036 -0.12245207990484 3.037659581342 0.18178191747589 -2.9162219756161 0.22266414515486
-0.32758969980459 -2.9141071254267 0.13175154976285 3.1415926535898 0.094850841398524 3.0512934849407 0.078812401120825 -2.9272929891425 0.31166890556247 -2.7920384264159
2.9965257890564 0.24148694665027 -2.9136352685036 -0.094850841398524 3.1415926535898 -0.19632404701288 2.9496579963724 -0.089432120356302 3.078000804179 -0.033098659580587
0.57233451489219 -1.5808112377205 0.12245207990484 -3.0512934849407 0.19632404701288 3.1415926535898 -0.073806249466217 3.0796924582488 -0.056754349405369 3.1154039855926
-2.9748323134061 1.158766559355 -3.037659581342 -0.078812401120825 -2.9496579963724 0.073806249466217 3.1415926535898 0.019788942983403 -3.1378357138161 0.010343169408307
-0.12830304363816 -1.9746155617744 -0.18178191747589 2.9272929891425 0.089432120356302 -3.0796924582488 -0.019788942983403 3.1415926535898 -0.0088684700118173 -3.140707520792
2.5361504743866 0.96706813028225 2.9162219756161 -0.31166890556247 -3.078000804179 0.056754349405369 3.1378357138161 0.0088684700118173 3.1415926535898 0.013698811397898
-0.44200446159329 -2.3405758462542 -0.22266414515486 2.7920384264159 0.033098659580587 -3.1154039855926 -0.010343169408307 3.140707520792 -0.013698811397898 3.1415926535898
