4.2093072326533e-05 0.00017296687886541 0.00020342955993186 0.00017950886838486 0.00016873357050275 0.00015704095254226 0.00015350247434816 0.00015411929438851 0.0001577255739268 0.00015800371773601
0.00017296687886541 0.00074518349633932 0.00077943471540901 0.00066337166900345 0.00059734037043518 0.00056202940824238 0.0005053268569853 0.00048403049726344 0.00047448542120916 0.00046075407031305
0.00020342955993186 0.00077943471540901 0.00082374467664136 0.00078466999613528 0.00074090199706472 0.00066466651891184 0.00062390971953929 0.00059816967184654 0.00059669513063745 0.00059495821804564
0.00017950886838486 0.00066337166900345 0.00078466999613528 0.00075372961835691 0.00076139114443746 0.00068698853947185 0.00061477724538362 0.00057469656703683 0.00055256009403237 0.00053459757219892
0.00016873357050275 0.00059734037043518 0.00074090199706472 0.00076139114443746 0.00078458068488042 0.0007366288338415 0.00068240337979388 0.00065416330840033 0.00064473979187961 0.00063724834460779
0.00015704095254226 0.00056202940824238 0.00066466651891184 0.00068698853947185 0.0007366288338415 0.00070715323452165 0.00069444009058813 0.00068060681083691 0.00068389781930438 0.00068176192839834
0.00015350247434816 0.0005053268569853 0.00062390971953929 0.00061477724538362 0.00068240337979388 0.00069444009058813 0.0007120669767224 0.00072166529511729 0.00074462292851116 0.00075350851493257
0.00015411929438851 0.00048403049726344 0.00059816967184654 0.00057469656703683 0.00065416330840033 0.00068060681083691 0.00072166529511729 0.00074350081682452 0.0007761520830582 0.00078975397431061
0.0001577255739268 0.00047448542120916 0.00059669513063745 0.00055256009403237 0.00064473979187961 0.00068389781930438 0.00074462292851116 0.0007761520830582 0.00081498386572852 0.00083128223004558
0.00015800371773601 0.00046075407031305 0.00059495821804564 0.00053459757219892 0.00063724834460779 0.00068176192839834 0.00075350851493257 0.00078975397431061 0.00083128223004558 0.0008486122877636
