0.029815416498992 -0.011144995614379 0.0081492844068819 -0.0061430955149939 0.0049265621724975 -0.00402425597772 0.0033570890315876 -0.002874656657487 0.0024868378853929 -0.0021774746087198
-0.011144995614379 0.015596051225989 -0.0070934526381794 0.0047710765106466 -0.003681463219909 0.003010758128264 -0.0025238888003952 0.0021731808987791 -0.0018839703265488 0.0016526041135731
0.0081492844068819 -0.0070934526381794 0.010699223409382 -0.0060792977078166 0.0045314049532888 -0.0035808607148767 0.002946591326126 -0.0024893003779637 0.0021283593141626 -0.0018446871644015
-0.0061430955149939 0.0047710765106466 -0.0060792977078166 0.0067819737929199 -0.0050675690173382 0.0040899067343978 -0.0033739444299506 0.0028532526693648 -0.0024588569740459 0.0021498892012248
0.0049265621724975 -0.003681463219909 0.0045314049532888 -0.0050675690173382 0.0050092311561761 -0.0042872454757829 0.0036764991249452 -0.003175040166501 0.0027759460683763 -0.0024533979090178
-0.00402425597772 0.003010758128264 -0.0035808607148767 0.0040899067343978 -0.0042872454757829 0.0040877123559405 -0.003681091414207 0.0032902929428136 -0.0029458180425809 0.002649611354543
0.0033570890315876 -0.0025238888003952 0.002946591326126 -0.0033739444299506 0.0036764991249452 -0.003681091414207 0.0034952838421971 -0.0032333707431404 0.0029700723561623 -0.0027237542318618
-0.002874656657487 0.0021731808987791 -0.0024893003779637 0.0028532526693648 -0.003175040166501 0.0032902929428136 -0.0032333707431404 0.0030909651222303 -0.0029104146890726 0.0027218214981432
0.0024868378853929 -0.0018839703265488 0.0021283593141626 -0.0024588569740459 0.0027759460683763 -0.0029458180425809 0.0029700723561623 -0.0029104146890726 0.0028013799779908 -0.0026677399419244
-0.0021774746087198 0.0016526041135731 -0.0018446871644015 0.0021498892012248 -0.0024533979090178 0.002649611354543 -0.0027237542318618 0.0027218214981432 -0.0026677399419244 0.0025817298017069
