3.1415926535898 1.1066837031351 -2.630512714969 -1.445002772994 1.9301661877709 -0.6373923252914 2.1392818096066 -1.0238067567837 2.0985104657939 -1.1169684081286
-1.1066837031351 3.1415926535898 0.098211748822408 -2.8908585496504 -0.03294656746778 3.0575780907192 0.046989015107396 -3.0853805238129 0.010411453716746 3.0547884547908
2.630512714969 -0.098211748822408 3.1415926535898 -0.062878773451261 -3.101512964623 0.026895838054944 3.0955612553512 -0.08469036865266 3.0388433495843 -0.11264519226664
1.445002772994 2.8908585496504 0.062878773451261 3.1415926535898 0.0063641836288937 3.1312938700425 -0.0095173702495902 -3.1411101076492 -0.0008137332372937 3.1377522267765
-1.9301661877709 0.03294656746778 3.101512964623 -0.0063641836288937 3.1415926535898 -0.0023062310816859 -3.1354529987621 0.021289047710611 -3.1098356085287 0.041550377810227
0.6373923252914 -3.0575780907192 -0.026895838054944 -3.1312938700425 0.0023062310816859 3.1415926535898 0.0081574361798096 -3.117658468256 0.029948768470855 -3.1065226666881
-2.1392818096066 -0.046989015107396 -3.0955612553512 0.0095173702495902 3.1354529987621 -0.0081574361798096 3.1415926535898 0.011762701328373 -3.1259512514798 0.018655458998366
1.0238067567837 3.0853805238129 0.08469036865266 3.1411101076492 -0.021289047710611 3.117658468256 -0.011762701328373 3.1415926535898 0.0032368110488302 -3.137268223612
-2.0985104657939 -0.010411453716746 -3.0388433495843 0.0008137332372937 3.1098356085287 -0.029948768470855 3.1259512514798 -0.0032368110488302 3.1415926535898 0.00078161257801988
1.1169684081286 -3.0547884547908 0.11264519226664 -3.1377522267765 -0.041550377810227 3.1065226666881 -0.018655458998366 3.137268223612 -0.00078161257801988 3.1415926535898
