3.1415926535898 -0.59058296714947 -2.8546039500962 -0.6323129565297 2.0705954629091 -1.9921624707108 0.16845123732489 2.5314108921195 -0.63556037653755 2.5325391827667
0.59058296714947 3.1415926535898 -0.064229125920978 3.0742416432559 -0.17354521429818 -3.010313513833 0.10627820738105 2.8608152581258 -0.88323460440687 1.9320149020444
2.8546039500962 0.064229125920978 3.1415926535898 -0.038578325999349 -3.100950511839 0.064944094869256 -3.0139216496068 0.16902843261285 -2.9364801710368 0.22671383929895
0.6323129565297 -3.0742416432559 0.038578325999349 3.1415926535898 0.031277736491023 -3.1208825852856 0.0074058812760462 -3.1406576701945 -0.0013668763305976 3.140267318675
-2.0705954629091 0.17354521429818 3.100950511839 -0.031277736491023 3.1415926535898 -0.022584987535689 3.0956225332101 -0.054955049932252 3.076721818554 -0.071385579114893
1.9921624707108 3.010313513833 -0.064944094869256 3.1208825852856 0.022584987535689 3.1415926535898 -0.019661016308151 3.1140065643105 -0.036563763465668 3.0999493780975
-0.16845123732489 -0.10627820738105 3.0139216496068 -0.0074058812760462 -3.0956225332101 0.019661016308151 3.1415926535898 -0.0051566578486476 3.1296975186661 -0.015320972589671
-2.5314108921195 -2.8608152581258 -0.16902843261285 3.1406576701945 0.054955049932252 -3.1140065643105 0.0051566578486476 3.1415926535898 -0.0062659090352776 3.1325962412822
0.63556037653755 0.88323460440687 2.9364801710368 0.0013668763305976 -3.076721818554 0.036563763465668 -3.1296975186661 0.0062659090352776 3.1415926535898 -0.0023789383247161
-2.5325391827667 -1.9320149020444 -0.22671383929895 -3.140267318675 0.071385579114893 -3.0999493780975 0.015320972589671 -3.1325962412822 0.0023789383247161 3.1415926535898
