0.0045868201486723 0.0033309054842246 0.0035034013511279 0.003752078583847 0.0040052762766314 0.0042476664169599 0.0044749741112175 0.0046857824927971 0.0048799026195125 0.0050613391309637
0.0033309054842246 0.0024311555304533 0.0025661897903751 0.0027565927044579 0.0029504521709848 0.0031365842012082 0.0033118081210363 0.0034750414213242 0.003626077697751 0.0037678940782871
0.0035034013511279 0.0025661897903751 0.00271572224198 0.0029236516403276 0.003135451748314 0.0033393055272488 0.003531801613139 0.0037117518233172 0.0038788798723862 0.0040363659115175
0.003752078583847 0.0027565927044579 0.0029236516403276 0.0031534926174698 0.0033877705729463 0.0036137741240179 0.0038277831116079 0.0040284734452556 0.0042154911740582 0.0043922850111238
0.0040052762766314 0.0029504521709848 0.003135451748314 0.0033877705729463 0.003645172604923 0.0038940181037175 0.0041302772794083 0.0043524808481002 0.0045601917819872 0.0047571302310336
0.0042476664169599 0.0031365842012082 0.0033393055272488 0.0036137741240179 0.0038940181037175 0.0041655187760317 0.0044239256010744 0.0046676271776321 0.0048961014841412 0.0051133279246123
0.0044749741112175 0.0033118081210363 0.003531801613139 0.0038277831116079 0.0041302772794083 0.0044239256010744 0.0047040751250192 0.004968970705755 0.0052180029195669 0.005455393323994
0.0046857824927971 0.0034750414213242 0.0037117518233172 0.0040284734452556 0.0043524808481002 0.0046676271776321 0.004968970705755 0.0052546158184131 0.0055238632758915 0.0057811574086363
0.0048799026195125 0.003626077697751 0.0038788798723862 0.0042154911740582 0.0045601917819872 0.0048961014841412 0.0052180029195669 0.0055238632758915 0.0058129003416919 0.0060897416854529
0.0050613391309637 0.0037678940782871 0.0040363659115175 0.0043922850111238 0.0047571302310336 0.0051133279246123 0.005455393323994 0.0057811574086363 0.0060897416854529 0.0063860089791728
