-0.014753487568325 0.0015872081104694 -0.00073812318698794 0.00050868833549568 -0.00031590357749168 0.00019156970041537 -0.00010073111541405 3.1407035681829e-05 1.758182181144e-05 -5.8901704104479e-05
0.0015872081104694 -0.010487395058969 0.0039183818331215 -0.00238815125348 0.0017467709666307 -0.001326295534166 0.0010238781023599 -0.00081070290756242 0.00065853632677263 -0.00054354658724417
-0.00073812318698794 0.0039183818331215 -0.0067349645349638 0.0042610945955141 -0.0031738622276925 0.0024759736868293 -0.0020013958202091 0.0016611739967251 -0.0014061569035527 0.0012088030897646
0.00050868833549568 -0.00238815125348 0.0042610945955141 -0.0047902531182247 0.0039843319779597 -0.0033338249950617 0.0028354417297141 -0.0024387954994352 0.0021227837614572 -0.0018651831525939
-0.00031590357749168 0.0017467709666307 -0.0031738622276925 0.0039843319779597 -0.003968105667261 0.0035746559164948 -0.0031821547370329 0.0028274973437957 -0.0025234394936025 0.0022621106904026
0.00019156970041537 -0.001326295534166 0.0024759736868293 -0.0033338249950617 0.0035746559164948 -0.0034796847311315 0.0032443409951779 -0.0029789971547664 0.002727239004772 -0.0024961178428531
-0.00010073111541405 0.0010238781023599 -0.0020013958202091 0.0028354417297141 -0.0031821547370329 0.0032443409951779 -0.0031515002089709 0.0029816374332008 -0.0027937289699459 0.0026058842060864
3.1407035681829e-05 -0.00081070290756242 0.0016611739967251 -0.0024387954994352 0.0028274973437957 -0.0029789971547664 0.0029816374332008 -0.002893974131579 0.0027677789320703 -0.0026258619961614
1.758182181144e-05 0.00065853632677263 -0.0014061569035527 0.0021227837614572 -0.0025234394936025 0.002727239004772 -0.0027937289699459 0.0027677789320703 -0.0026947051903386 0.0025956257999151
-5.8901704104479e-05 -0.00054354658724417 0.0012088030897646 -0.0018651831525939 0.0022621106904026 -0.0024961178428531 0.0026058842060864 -0.0026258619961614 0.0025956257999151 -0.0025337819164901
