0 2.9328133129349 -0.64370063078314 2.2951268018182 -1.5033123710455 0.57236248338482 -2.7395956076966 0.32389179105481 -2.8780411743786 0.25268537637107
-2.9328133129349 0 3.095650406326 -0.10834655195268 3.1132515831455 0.015492867962493 3.1333661617078 -0.047129880957314 3.0852381975992 -0.055146184995719
0.64370063078314 -3.095650406326 0 3.1382059919091 0.019790966223636 -3.1118838755719 0.028445157408056 -3.1130353052673 0.026194057474566 -3.1166803736917
-2.2951268018182 0.10834655195268 -3.1382059919091 0 -3.1410990366 -0.010187196066626 3.1261609712784 -0.023493358013799 3.1091287495966 -0.041854781425107
1.5033123710455 -3.1132515831455 -0.019790966223636 3.1410990366 0 3.1322605314583 -0.0073180300181382 3.1321575168045 -0.01091872030611 3.1285223835539
-0.57236248338482 -0.015492867962493 3.1118838755719 0.010187196066626 -3.1322605314583 0 -3.1414486688626 -0.0020190855398885 3.1412293499581 0.0016226407428704
2.7395956076966 -3.1333661617078 -0.028445157408056 -3.1261609712784 0.0073180300181382 3.1414486688626 0 3.1407193786316 0.0025301600962141 -3.1354757869441
-0.32389179105481 0.047129880957314 3.1130353052673 0.023493358013799 -3.1321575168045 0.0020190855398885 -3.1407193786316 0 -3.1383972653581 0.0068445489828083
2.8780411743786 -3.0852381975992 -0.026194057474566 -3.1091287495966 0.01091872030611 -3.1412293499581 -0.0025301600962141 3.1383972653581 0 -3.1376718550496
-0.25268537637107 0.055146184995719 3.1166803736917 0.041854781425107 -3.1285223835539 -0.0016226407428704 3.1354757869441 -0.0068445489828083 3.1376718550496 0
