-0.013860023351542 0.00057180978222377 -0.00043883642871624 0.00012524815561943 -0.00052889885497482 0.00065718761494853 -0.00067272324775816 0.00066238293460085 -0.000660167721479 0.00067752945592843
0.00057180978222377 -0.0097248755034888 0.0030310399928915 -0.0016503335107814 0.0012618327886601 -0.00099334640033453 0.0008021241502996 -0.00068271965192024 0.00059108513576935 -0.00050916854406057
-0.00043883642871624 0.0030310399928915 -0.0060994215233449 0.0038721864141351 -0.0027305773526838 0.0021095161891139 -0.0018041542255065 0.0015894502894599 -0.0014157331127189 0.0012730685764702
0.00012524815561943 -0.0016503335107814 0.0038721864141351 -0.0044056772365318 0.0032133630946315 -0.0025171292712587 0.0021010979090901 -0.001829200671882 0.0016080570011589 -0.00142760175789
-0.00052889885497482 0.0012618327886601 -0.0027305773526838 0.0032133630946315 -0.0030495895016104 0.0025814531154306 -0.0022292696110954 0.0019761124943378 -0.0017574538929455 0.00157498932531
0.00065718761494853 -0.00099334640033453 0.0021095161891139 -0.0025171292712587 0.0025814531154306 -0.0024662284908915 0.0022820971861767 -0.0021082065582633 0.001934987297776 -0.0017816425035902
-0.00067272324775816 0.0008021241502996 -0.0018041542255065 0.0021010979090901 -0.0022292696110954 0.0022820971861767 -0.0022501210314512 0.0021587549713877 -0.0020355491115356 0.0019142025963654
0.00066238293460085 -0.00068271965192024 0.0015894502894599 -0.001829200671882 0.0019761124943378 -0.0021082065582633 0.0021587549713877 -0.0021332995739094 0.0020557797186715 -0.0019666502495606
-0.000660167721479 0.00059108513576935 -0.0014157331127189 0.0016080570011589 -0.0017574538929455 0.001934987297776 -0.0020355491115356 0.0020557797186715 -0.0020166798922734 0.0019573771238909
0.00067752945592843 -0.00050916854406057 0.0012730685764702 -0.00142760175789 0.00157498932531 -0.0017816425035902 0.0019142025963654 -0.0019666502495606 0.0019573771238909 -0.0019238092394971
