0.00035373827209416 0.00052544915758212 0.00054146746586352 0.00044769935550064 0.00039975240074473 0.00033478365467099 0.00028269618051716 0.00024791268596419 0.00022851677275721 0.0002157656890579
0.00052544915758212 0.00068732150819117 0.00063766097792462 0.00060363735947448 0.00045996948389673 0.00040910443039024 0.00034916065579311 0.00031174456479713 0.00029283794650511 0.00028079032142548
0.00054146746586352 0.00063766097792462 0.0006409678122028 0.00061776133453297 0.00050457345964856 0.00041882423671101 0.00033925622878679 0.00030025338939361 0.00028188726571541 0.00027316920644475
0.00044769935550064 0.00060363735947448 0.00061776133453297 0.00060645254557019 0.00040564439491988 0.00036614671234294 0.000285993370538 0.00025948992865064 0.00024980190870312 0.00024334264052842
0.00039975240074473 0.00045996948389673 0.00050457345964856 0.00040564439491988 0.00033702792715197 0.00030732763722469 0.00025979623836848 0.00024183570048788 0.00022969506999603 0.00022230146403639
0.00033478365467099 0.00040910443039024 0.00041882423671101 0.00036614671234294 0.00030732763722469 0.00025933058933768 0.00023070433846668 0.00021035431276514 0.00019968169781578 0.00019208204458324
0.00028269618051716 0.00034916065579311 0.00033925622878679 0.000285993370538 0.00025979623836848 0.00023070433846668 0.00020315975423394 0.00018521223402733 0.00017450956851385 0.00016610874937635
0.00024791268596419 0.00031174456479713 0.00030025338939361 0.00025948992865064 0.00024183570048788 0.00021035431276514 0.00018521223402733 0.00016974576938497 0.00015870176455958 0.00015052125615404
0.00022851677275721 0.00029283794650511 0.00028188726571541 0.00024980190870312 0.00022969506999603 0.00019968169781578 0.00017450956851385 0.00015870176455958 0.00014713501368802 0.00013898937091613
0.0002157656890579 0.00028079032142548 0.00027316920644475 0.00024334264052842 0.00022230146403639 0.00019208204458324 0.00016610874937635 0.00015052125615404 0.00013898937091613 0.00013120188254927
