0.00059871045362525 0.003433693662982 0.0032001430165492 0.002933762892453 0.0026513079217336 0.002185796864392 0.0021250057057109 0.0020045994208155 0.0018959582146192 0.0018060103499916
0.003433693662982 0.0013751914695983 0.0010504769234373 0.00084715975869883 0.00088281163393058 0.00068555896240047 0.00067247912419712 0.00066142265219226 0.00065185701428027 0.00064223670964097
0.0032001430165492 0.0010504769234373 0.0014023742961459 0.0010575323378766 0.0010169876322822 0.00076514742582293 0.00074123995706845 0.00070073851918168 0.00066726089663341 0.00064357641899269
0.002933762892453 0.00084715975869883 0.0010575323378766 0.0012260990661714 0.00096128378930716 0.00073878614947813 0.00070105947771898 0.00066146598622276 0.00063347409758232 0.00061622847319558
0.0026513079217336 0.00088281163393058 0.0010169876322822 0.00096128378930716 0.0010685780694531 0.00073972686189064 0.00068735346199774 0.00061785015071303 0.00056228881916711 0.00052826513323031
0.002185796864392 0.00068555896240047 0.00076514742582293 0.00073878614947813 0.00073972686189064 0.00056883277344538 0.00053757246252051 0.00049491580821728 0.00046771333818768 0.00045344612265423
0.0021250057057109 0.00067247912419712 0.00074123995706845 0.00070105947771898 0.00068735346199774 0.00053757246252051 0.00054653268929041 0.0005253969174829 0.00050767458897804 0.000494728762112
0.0020045994208155 0.00066142265219226 0.00070073851918168 0.00066146598622276 0.00061785015071303 0.00049491580821728 0.0005253969174829 0.00052053579783894 0.00050987342891772 0.00049952457188108
0.0018959582146192 0.00065185701428027 0.00066726089663341 0.00063347409758232 0.00056228881916711 0.00046771333818768 0.00050767458897804 0.00050987342891772 0.00050438125540623 0.00049733862986258
0.0018060103499916 0.00064223670964097 0.00064357641899269 0.00061622847319558 0.00052826513323031 0.00045344612265423 0.000494728762112 0.00049952457188108 0.00049733862986258 0.00049371644969865
