-0.00035261263373175 -0.00093668997025863 0.00055901901363597 -0.00041058779992843 0.00037524507394935 -0.00032570764108095 0.00029496137294063 -0.00026834724444045 0.00024247638475719 -0.00022203877503977
-0.00093668997025863 -0.0074260103811563 0.0012593398163066 -0.00091085532352342 0.00097199268421057 -0.00077481344296617 0.000693252810389 -0.00063409022411795 0.00055571364885997 -0.00050089810280821
0.00055901901363597 0.0012593398163066 -0.0069928558221367 0.0024130305937998 -0.0016770071934815 0.0013299464482408 -0.0011212626151485 0.00095836142308783 -0.00083533441515749 0.00074571884053839
-0.00041058779992843 -0.00091085532352342 0.0024130305937998 -0.0054983719416812 0.0028276220772435 -0.0020396983097274 0.0015737034522822 -0.0013121571667757 0.0011323121268397 -0.00099786959716199
0.00037524507394935 0.00097199268421057 -0.0016770071934815 0.0028276220772435 -0.0039386259806133 0.0027347451282055 -0.0021340875717269 0.0017344680585006 -0.0014693145988508 0.0012736739771505
-0.00032570764108095 -0.00077481344296617 0.0013299464482408 -0.0020396983097274 0.0027347451282055 -0.0029159310507105 0.0023951980071955 -0.0020300894273587 0.0017553155225161 -0.0015458256118892
0.00029496137294063 0.000693252810389 -0.0011212626151485 0.0015737034522822 -0.0021340875717269 0.0023951980071955 -0.0023542981181659 0.0020924779921843 -0.0018649972234012 0.0016725312167929
-0.00026834724444045 -0.00063409022411795 0.00095836142308783 -0.0013121571667757 0.0017344680585006 -0.0020300894273587 0.0020924779921843 -0.0020130447941644 0.001860725667475 -0.0017100330838733
0.00024247638475719 0.00055571364885997 -0.00083533441515749 0.0011323121268397 -0.0014693145988508 0.0017553155225161 -0.0018649972234012 0.001860725667475 -0.0017923949990907 0.0016875809492262
-0.00022203877503977 -0.00050089810280821 0.00074571884053839 -0.00099786959716199 0.0012736739771505 -0.0015458256118892 0.0016725312167929 -0.0017100330838733 0.0016875809492262 -0.0016263841369641
