0.00058351904304542 0.00084821010418468 0.00079749231172151 0.00059675816476668 0.00052119538250183 0.00047235131918817 0.00044196754907187 0.00042209015462141 0.00041929364855001 0.00042029562207963
0.00084821010418468 0.0012025824605474 0.0011246438925804 0.0008546729008236 0.00069276863000795 0.00065069912919435 0.00060234616032252 0.00056527595153364 0.00053362403978714 0.00050851854175788
0.00079749231172151 0.0011246438925804 0.0010138604957451 0.00075345723461963 0.00065843581974933 0.00059266653006261 0.00054935882720019 0.00051643637474774 0.00049193894530587 0.00047415841503275
0.00059675816476668 0.0008546729008236 0.00075345723461963 0.00059523467192307 0.00050297465191587 0.00047352841758499 0.00045326909090251 0.00042057706122353 0.0003985332695095 0.00038129724470267
0.00052119538250183 0.00069276863000795 0.00065843581974933 0.00050297465191587 0.00039156541226106 0.00037479314562169 0.0003585326657846 0.00033760196682018 0.0003223745179972 0.0003124174763495
0.00047235131918817 0.00065069912919435 0.00059266653006261 0.00047352841758499 0.00037479314562169 0.000369766074999 0.00034989637123047 0.00032834037107912 0.00031238737606545 0.0002994550273286
0.00044196754907187 0.00060234616032252 0.00054935882720019 0.00045326909090251 0.0003585326657846 0.00034989637123047 0.00033225236558316 0.0003155934849258 0.00030476102015701 0.00029621167545758
0.00042209015462141 0.00056527595153364 0.00051643637474774 0.00042057706122353 0.00033760196682018 0.00032834037107912 0.0003155934849258 0.00030453752103717 0.00029994668182437 0.00029687408473245
0.00041929364855001 0.00053362403978714 0.00049193894530587 0.0003985332695095 0.0003223745179972 0.00031238737606545 0.00030476102015701 0.00029994668182437 0.00030171082958532 0.00030394665367118
0.00042029562207963 0.00050851854175788 0.00047415841503275 0.00038129724470267 0.0003124174763495 0.0002994550273286 0.00029621167545758 0.00029687408473245 0.00030394665367118 0.00031034329985784
