0.00022019333990146 0.00027648887801886 0.00025030705831613 0.0002181152534324 0.00018400614845509 0.00016802575232217 0.00015735531048225 0.00014857339807277 0.00014153128959839 0.00013593401506378
0.00027648887801886 0.00034027774865843 0.00030370446157183 0.00026830654269434 0.00022337725686512 0.0002066826727033 0.00019418287449955 0.00018435897903572 0.0001769748951911 0.00017105009035213
0.00025030705831613 0.00030370446157183 0.00029499519427788 0.00023685997918024 0.00020553878900518 0.00018897807408671 0.00017983643250578 0.00017113372246785 0.00016420157845444 0.0001583357368511
0.0002181152534324 0.00026830654269434 0.00023685997918024 0.0001962468369162 0.00016955281316433 0.00015546712693464 0.00014697863225268 0.00014127108034686 0.00013672017221915 0.00013272494423022
0.00018400614845509 0.00022337725686512 0.00020553878900518 0.00016955281316433 0.00014643237886919 0.00013685483057156 0.00013202076327194 0.00012791578421274 0.0001242282143403 0.00012078236055456
0.00016802575232217 0.0002066826727033 0.00018897807408671 0.00015546712693464 0.00013685483057156 0.00012987921248885 0.00012696398214327 0.00012380454177209 0.00012091126042024 0.00011813926213116
0.00015735531048225 0.00019418287449955 0.00017983643250578 0.00014697863225268 0.00013202076327194 0.00012696398214327 0.00012460374907303 0.00012182108677014 0.00011925722476323 0.00011678439024955
0.00014857339807277 0.00018435897903572 0.00017113372246785 0.00014127108034686 0.00012791578421274 0.00012380454177209 0.00012182108677014 0.00011960631926455 0.00011762524938886 0.00011566427088491
0.00014153128959839 0.0001769748951911 0.00016420157845444 0.00013672017221915 0.0001242282143403 0.00012091126042024 0.00011925722476323 0.00011762524938886 0.00011616586958293 0.00011465999273429
0.00013593401506378 0.00017105009035213 0.0001583357368511 0.00013272494423022 0.00012078236055456 0.00011813926213116 0.00011678439024955 0.00011566427088491 0.00011465999273429 0.0001135875601523
