0.0012536594097244 0.00089224249380458 0.00075632912978502 0.00064564670293486 0.00049858063835989 0.00046717201640605 0.00042193608550869 0.00039329001959417 0.00036871340194876 0.0003525549149381
0.00089224249380458 0.00072447619513019 0.00048900053843018 0.00045949639877215 0.00035143613837213 0.00032120760475622 0.00028986899883219 0.00027160088296331 0.0002560313671213 0.0002466344919496
0.00075632912978502 0.00048900053843018 0.00037792855046381 0.0003830999297112 0.00031528755439003 0.00027633621757532 0.00024636587327863 0.00023013469559644 0.00021637854823378 0.00020722582473631
0.00064564670293486 0.00045949639877215 0.0003830999297112 0.0003500739356545 0.00026712630762801 0.00023837329665729 0.00020917128206969 0.00019750008483155 0.00018922304548792 0.00018251798889769
0.00049858063835989 0.00035143613837213 0.00031528755439003 0.00026712630762801 0.00021518371297179 0.00020311932025064 0.000183318099393 0.00017075878353931 0.00016313846120173 0.0001567930519974
0.00046717201640605 0.00032120760475622 0.00027633621757532 0.00023837329665729 0.00020311932025064 0.00018646208166826 0.00016606950238298 0.0001560070709225 0.00015042528472471 0.00014576181466179
0.00042193608550869 0.00028986899883219 0.00024636587327863 0.00020917128206969 0.000183318099393 0.00016606950238298 0.00014952379278709 0.00014132140239528 0.00013665440839486 0.00013247156978935
0.00039329001959417 0.00027160088296331 0.00023013469559644 0.00019750008483155 0.00017075878353931 0.0001560070709225 0.00014132140239528 0.00013382242348552 0.00012959870113304 0.00012581487853582
0.00036871340194876 0.0002560313671213 0.00021637854823378 0.00018922304548792 0.00016313846120173 0.00015042528472471 0.00013665440839486 0.00012959870113304 0.00012528347044084 0.0001215090392471
0.0003525549149381 0.0002466344919496 0.00020722582473631 0.00018251798889769 0.0001567930519974 0.00014576181466179 0.00013247156978935 0.00012581487853582 0.0001215090392471 0.00011774696472206
