3.1415926535898 -1.1870430091989 -2.5192677534165 1.5856672515206 0.70117608202836 -3.0619274653535 -0.11653696625745 2.8874666997397 -0.29171249821462 2.8037754700118
1.1870430091989 3.1415926535898 -0.035350682371509 2.9230599435455 -0.45065021654348 2.7822101800014 -0.24116991754719 2.884206093003 -0.32528729297892 2.7323472626033
2.5192677534165 0.035350682371509 3.1415926535898 -0.039028779180652 3.09373187488 -0.043104639690935 3.1075548735902 -0.051847485939116 3.0897390816752 -0.031953575087224
-1.5856672515206 -2.9230599435455 0.039028779180652 3.1415926535898 -0.020727774967008 3.1129714775815 -0.057197715735097 3.0509034427841 -0.1145806646321 3.0110348204272
-0.70117608202836 0.45065021654348 -3.09373187488 0.020727774967008 3.1415926535898 -0.0044682004595115 3.1170201903101 -0.044279683291882 3.0814453352493 -0.072636241742649
3.0619274653535 -2.7822101800014 0.043104639690935 -3.1129714775815 0.0044682004595115 3.1415926535898 -0.015330527640523 3.1139186127112 -0.036950602240971 3.0975214615479
0.11653696625745 0.24116991754719 -3.1075548735902 0.057197715735097 -3.1170201903101 0.015330527640523 3.1415926535898 -0.0095337309084824 3.1247064287638 -0.022245373925003
-2.8874666997397 -2.884206093003 0.051847485939116 -3.0509034427841 0.044279683291882 -3.1139186127112 0.0095337309084824 3.1415926535898 -0.0070585440731122 3.1294135329364
0.29171249821462 0.32528729297892 -3.0897390816752 0.1145806646321 -3.0814453352493 0.036950602240971 -3.1247064287638 0.0070585440731122 3.1415926535898 -0.0050561097892502
-2.8037754700118 -2.7323472626033 0.031953575087224 -3.0110348204272 0.072636241742649 -3.0975214615479 0.022245373925003 -3.1294135329364 0.0050561097892502 3.1415926535898
