3.1415926535898 -0.035519608374753 2.7721843882418 -0.31899236247498 2.8619774530528 -0.23914442123454 2.9332989973123 -0.10717323589441 3.0999406429671 0.013193720728813
0.035519608374753 3.1415926535898 -0.079849535321264 3.0928660788783 -0.080580462189339 2.9924026304594 -0.19697212162323 2.9128465694434 -0.26087387729373 2.8438888186774
-2.7721843882418 0.079849535321264 3.1415926535898 -0.0095132907787261 -3.1347330901229 -0.0031148651687738 3.1260128325991 -0.027301406499521 3.1012824548321 -0.053617511744626
0.31899236247498 -3.0928660788783 0.0095132907787261 3.1415926535898 0.0085177491308239 -3.1368849989821 0.0052679981165112 -3.1368516666951 0.0022581131911573 3.1405330286472
-2.8619774530528 0.080580462189339 3.1347330901229 -0.0085177491308239 3.1415926535898 -0.0020595135632461 3.1391302277862 -0.0051539817400481 3.1331438449114 -0.012696732955416
0.23914442123454 -2.9924026304594 0.0031148651687738 3.1368849989821 0.0020595135632461 3.1415926535898 -0.0027217734561174 3.1353527174646 -0.0094340664047599 3.1284017348672
-2.9332989973123 0.19697212162323 -3.1260128325991 -0.0052679981165112 -3.1391302277862 0.0027217734561174 3.1415926535898 -0.0025790706126916 3.137191861905 -0.0066632901462556
0.10717323589441 -2.9128465694434 0.027301406499521 3.1368516666951 0.0051539817400481 -3.1353527174646 0.0025790706126916 3.1415926535898 -0.0014689740425756 3.1383730624148
-3.0999406429671 0.26087387729373 -3.1012824548321 -0.0022581131911573 -3.1331438449114 0.0094340664047599 -3.137191861905 0.0014689740425756 3.1415926535898 -0.0015813970537166
-0.013193720728813 -2.8438888186774 0.053617511744626 -3.1405330286472 0.012696732955416 -3.1284017348672 0.0066632901462556 -3.1383730624148 0.0015813970537166 3.1415926535898
