0.1014213872687 0.00067758942844751 -0.00030700716432578 0.00035444378654184 -0.00030313931266003 0.00024518559713857 -0.00015946293636144 0.00012771487960436 -0.00011299438531905 0.00010282034471589
0.00067758942844751 0.010348948154409 -0.00053647176366469 0.0023881882521028 -0.0014978692336984 0.00067799854746839 -0.00011141367610884 -1.2418588785196e-05 1.8548162454755e-05 -4.9991700316589e-05
-0.00030700716432578 -0.00053647176366469 0.0096945624745342 -0.0018622145043875 0.0011168414291823 -0.00063765827946218 0.00011712705766567 6.4563986108187e-05 -0.00022161328467413 0.00031793143469909
0.00035444378654184 0.0023881882521028 -0.0018622145043875 0.0065265504533342 -0.0031870618450605 0.0028196062752588 -0.0018051376494692 0.0013963404917629 -0.0010306792757061 0.000801703460814
-0.00030313931266003 -0.0014978692336984 0.0011168414291823 -0.0031870618450605 0.0054432000188424 -0.0043708502218285 0.0029931917482285 -0.002422714149277 0.0020223237862874 -0.0016788656670693
0.00024518559713857 0.00067799854746839 -0.00063765827946218 0.0028196062752588 -0.0043708502218285 0.0048100308044972 -0.0037144675357347 0.0031121970486657 -0.0026612090551479 0.0022959000131448
-0.00015946293636144 -0.00011141367610884 0.00011712705766567 -0.0018051376494692 0.0029931917482285 -0.0037144675357347 0.0034300171599009 -0.0030707103785246 0.0027338978470466 -0.002439183794684
0.00012771487960436 -1.2418588785196e-05 6.4563986108187e-05 0.0013963404917629 -0.002422714149277 0.0031121970486657 -0.0030707103785246 0.0029811558718029 -0.0027561745898592 0.0025319984057113
-0.00011299438531905 1.8548162454755e-05 -0.00022161328467413 -0.0010306792757061 0.0020223237862874 -0.0026612090551479 0.0027338978470466 -0.0027561745898592 0.0026314493084772 -0.0024681784644937
0.00010282034471589 -4.9991700316589e-05 0.00031793143469909 0.000801703460814 -0.0016788656670693 0.0022959000131448 -0.002439183794684 0.0025319984057113 -0.0024681784644937 0.0023619418908493
