0.0018129489831831 0.0011473389809492 0.0013319676388324 0.00098026154931149 0.00075916781243383 0.00080192824353071 0.00077917407510851 0.000750321535021 0.00073611917509077 0.00070829341558423
0.0011473389809492 0.0012425675447269 0.00075736562921373 0.00065567983198895 0.00066755449888731 0.0006610385515122 0.00059121386497857 0.00054305273998033 0.00051568166139258 0.00050661380080913
0.0013319676388324 0.00075736562921373 0.00086055725621597 0.00078928421385369 0.00066102134660876 0.00062682437294115 0.0005803236943041 0.0005391771544995 0.00051186848543868 0.00049536812166781
0.00098026154931149 0.00065567983198895 0.00078928421385369 0.00059172284558364 0.00057672758694806 0.00053272213424611 0.00051132275229803 0.00048145230408655 0.00046429375808305 0.00045149441824452
0.00075916781243383 0.00066755449888731 0.00066102134660876 0.00057672758694806 0.00060984453423926 0.00053662669620652 0.00053274816668978 0.00048794224608968 0.00046081407655406 0.00043786339219594
0.00080192824353071 0.0006610385515122 0.00062682437294115 0.00053272213424611 0.00053662669620652 0.00045242339142566 0.00045492146910449 0.00041898121900575 0.00039932624752969 0.00038190688553756
0.00077917407510851 0.00059121386497857 0.0005803236943041 0.00051132275229803 0.00053274816668978 0.00045492146910449 0.00045161724651844 0.00041279149579034 0.00039106547194907 0.00037206150637652
0.000750321535021 0.00054305273998033 0.0005391771544995 0.00048145230408655 0.00048794224608968 0.00041898121900575 0.00041279149579034 0.0003752122137709 0.00035472981058202 0.00033706783152092
0.00073611917509077 0.00051568166139258 0.00051186848543868 0.00046429375808305 0.00046081407655406 0.00039932624752969 0.00039106547194907 0.00035472981058202 0.00033444273884271 0.00031689400091454
0.00070829341558423 0.00050661380080913 0.00049536812166781 0.00045149441824452 0.00043786339219594 0.00038190688553756 0.00037206150637652 0.00033706783152092 0.00031689400091454 0.00029988149180205
