0.00037746612339362 0.0003194613627036 0.00026183191884945 0.00021019505988482 0.00018501989150431 0.00016981491779562 0.00015978410624959 0.00015179099563375 0.00014563335755148 0.00014100734942053
0.0003194613627036 0.0002673632064446 0.00022360961464931 0.00018315203656644 0.0001604035403689 0.00014787946173923 0.00013924222483827 0.0001316756789447 0.00012575382815385 0.00012103158016909
0.00026183191884945 0.00022360961464931 0.00016995631945336 0.00014871334133202 0.00013238828049748 0.00012420752999465 0.00011838447278618 0.00011347172530275 0.00010912545994538 0.00010546911722218
0.00021019505988482 0.00018315203656644 0.00014871334133202 0.0001285230493779 0.00011437010995399 0.00010711752354106 0.00010225212937651 9.7856287857507e-05 9.3891115123969e-05 9.0611529934802e-05
0.00018501989150431 0.0001604035403689 0.00013238828049748 0.00011437010995399 0.00010245836740694 9.6797870402849e-05 9.2258131783626e-05 8.8161651041466e-05 8.4415349556591e-05 8.140206692466e-05
0.00016981491779562 0.00014787946173923 0.00012420752999465 0.00010711752354106 9.6797870402849e-05 9.0615093751263e-05 8.5887934549661e-05 8.1794682832194e-05 7.8215918489076e-05 7.5449551593328e-05
0.00015978410624959 0.00013924222483827 0.00011838447278618 0.00010225212937651 9.2258131783626e-05 8.5887934549661e-05 8.0955250915446e-05 7.6932791307325e-05 7.3560429905677e-05 7.1020912280162e-05
0.00015179099563375 0.0001316756789447 0.00011347172530275 9.7856287857507e-05 8.8161651041466e-05 8.1794682832194e-05 7.6932791307325e-05 7.3100276138359e-05 6.9974626874461e-05 6.7660992812161e-05
0.00014563335755148 0.00012575382815385 0.00010912545994538 9.3891115123969e-05 8.4415349556591e-05 7.8215918489076e-05 7.3560429905677e-05 6.9974626874461e-05 6.7106456625117e-05 6.5016638201608e-05
0.00014100734942053 0.00012103158016909 0.00010546911722218 9.0611529934802e-05 8.140206692466e-05 7.5449551593328e-05 7.1020912280162e-05 6.7660992812161e-05 6.5016638201608e-05 6.3110609755881e-05
