0.0003379582499636 0.00025795176390881 0.00021634980050891 0.00016771470893124 0.00013844240716621 0.00012273956133862 0.00011455067628675 0.00010746150817364 0.00010284162657652 9.8765343345953e-05
0.00025795176390881 0.0002204329071124 0.00017699934356446 0.00013739408026211 0.0001130729395776 0.00010079783935443 9.488481882575e-05 8.9341923749304e-05 8.5764529241338e-05 8.2555714130216e-05
0.00021634980050891 0.00017699934356446 0.00014794788490486 0.00011493380735873 9.2739836080113e-05 8.2040615192819e-05 7.6645639629561e-05 7.1827074787541e-05 6.8606682343055e-05 6.5837748002954e-05
0.00016771470893124 0.00013739408026211 0.00011493380735873 9.0113565191681e-05 7.5286251963369e-05 6.769399073798e-05 6.3619359958568e-05 5.9840584611873e-05 5.7194923261001e-05 5.4792828747196e-05
0.00013844240716621 0.0001130729395776 9.2739836080113e-05 7.5286251963369e-05 6.1345919734167e-05 5.5389370155912e-05 5.2503321652898e-05 4.9700468026622e-05 4.7790639426172e-05 4.6058710532199e-05
0.00012273956133862 0.00010079783935443 8.2040615192819e-05 6.769399073798e-05 5.5389370155912e-05 5.0341765508424e-05 4.8124116239937e-05 4.5773614595188e-05 4.4036586400644e-05 4.2407451664061e-05
0.00011455067628675 9.488481882575e-05 7.6645639629561e-05 6.3619359958568e-05 5.2503321652898e-05 4.8124116239937e-05 4.5975453706007e-05 4.3733772593015e-05 4.2050512653573e-05 4.0510240844849e-05
0.00010746150817364 8.9341923749304e-05 7.1827074787541e-05 5.9840584611873e-05 4.9700468026622e-05 4.5773614595188e-05 4.3733772593015e-05 4.1627694406399e-05 4.0073371387572e-05 3.8630687583815e-05
0.00010284162657652 8.5764529241338e-05 6.8606682343055e-05 5.7194923261001e-05 4.7790639426172e-05 4.4036586400644e-05 4.2050512653573e-05 4.0073371387572e-05 3.861745801469e-05 3.7267764688308e-05
9.8765343345953e-05 8.2555714130216e-05 6.5837748002954e-05 5.4792828747196e-05 4.6058710532199e-05 4.2407451664061e-05 4.0510240844849e-05 3.8630687583815e-05 3.7267764688308e-05 3.5992765712585e-05
