0 3.0763386072791 -0.094072670042701 3.0436869880214 -0.00018685112287633 3.0746895562462 -0.12228077960197 2.9825094164938 -0.20693579764226 2.8746955960601
-3.0763386072791 0 -3.0860834559568 0.023173413281133 -3.0946260170308 0.073183814254695 -3.0749934933862 0.043453405867633 -3.1162200736612 -0.0022362798006026
0.094072670042701 3.0860834559568 0 -3.1269710865914 0.039266200301498 -3.1160283736545 -0.03808481892776 3.0733949728649 -0.088123058504624 3.0359518566211
-3.0436869880214 -0.023173413281133 3.1269710865914 0 -3.1312433700652 -0.00041307719865869 3.1165684188928 -0.047124422336202 3.078798681964 -0.0707131128338
0.00018685112287633 3.0946260170308 -0.039266200301498 3.1312433700652 0 3.139058742569 -0.021882950373169 3.1011232157152 -0.052813472233855 3.0828718266977
-3.0746895562462 -0.073183814254695 3.1160283736545 0.00041307719865869 -3.139058742569 0 3.1237237094464 -0.030363415591689 3.103711242065 -0.041555961619718
0.12228077960197 3.0749934933862 0.03808481892776 -3.1165684188928 0.021882950373169 -3.1237237094464 0 3.1313589109053 -0.01543859727041 3.123434617917
-2.9825094164938 -0.043453405867633 -3.0733949728649 0.047124422336202 -3.1011232157152 0.030363415591689 -3.1313589109053 0 3.1364626819338 -0.0076368184662011
0.20693579764226 3.1162200736612 0.088123058504624 -3.078798681964 0.052813472233855 -3.103711242065 0.01543859727041 -3.1364626819338 0 3.1393571463387
-2.8746955960601 0.0022362798006026 -3.0359518566211 0.0707131128338 -3.0828718266977 0.041555961619718 -3.123434617917 0.0076368184662011 -3.1393571463387 0
