-0.0073831021675929 -0.0010746407969518 -0.00074879829465991 -9.4558834927438e-05 -0.00019368131784888 -2.7261178440904e-05 9.6193221383561e-05 -0.00010996979673584 0.00014976319420674 -0.00017068020093432
-0.0010746407969518 -0.0058679227948836 0.00067516203740277 -0.00032533855335205 0.00030449992499003 -0.00026292625626061 0.00020727362173905 -0.00012644211164278 0.00010274613340774 -0.00010337481915616
-0.00074879829465991 0.00067516203740277 -0.005236983614935 0.0015597727593974 -0.00092369305023868 0.00070175215615646 -0.0006221780402822 0.00045160817048713 -0.00037181760545009 0.00032506567865073
-9.4558834927438e-05 -0.00032533855335205 0.0015597727593974 -0.002903313076084 0.0013877184949764 -0.00099467221603756 0.0007590775016338 -0.00065060309636721 0.00056597762029075 -0.00049182913562113
-0.00019368131784888 0.00030449992499003 -0.00092369305023868 0.0013877184949764 -0.001938835277072 0.0013054417435719 -0.0010288197339477 0.00084025857088186 -0.00071109394627263 0.00060424675029298
-2.7261178440904e-05 -0.00026292625626061 0.00070175215615646 -0.00099467221603756 0.0013054417435719 -0.001494305909838 0.0012472481223814 -0.0010598132157238 0.0009197542153659 -0.00081053884620112
9.6193221383561e-05 0.00020727362173905 -0.0006221780402822 0.0007590775016338 -0.0010288197339477 0.0012472481223814 -0.0011972856958356 0.0010599945535977 -0.00095096085997989 0.00086086159710765
-0.00010996979673584 -0.00012644211164278 0.00045160817048713 -0.00065060309636721 0.00084025857088186 -0.0010598132157238 0.0010599945535977 -0.0010183847601925 0.00095178908729288 -0.00088748183488699
0.00014976319420674 0.00010274613340774 -0.00037181760545009 0.00056597762029075 -0.00071109394627263 0.0009197542153659 -0.00095096085997989 0.00095178908729288 -0.00092777709259415 0.00088740060785777
-0.00017068020093432 -0.00010337481915616 0.00032506567865073 -0.00049182913562113 0.00060424675029298 -0.00081053884620112 0.00086086159710765 -0.00088748183488699 0.00088740060785777 -0.00087051085690635
