0.029008928216757 0.016783718844632 0.015348993266283 0.014698191952267 0.014228713292666 0.013806150208234 0.013392121783874 0.012976260926737 0.012560171174294 0.012147749521553
0.016783718844632 0.010071106701117 0.0094246824337901 0.00917827180936 0.0089983613788947 0.0088161154180911 0.0086161329387618 0.0083979891233139 0.008167056868192 0.0079289895365175
0.015348993266283 0.0094246824337901 0.0089639285100502 0.0088414446922579 0.0087575115604403 0.0086525812088279 0.0085156195883586 0.0083490916229979 0.0081604112602803 0.0079568752934346
0.014698191952267 0.00917827180936 0.0088414446922579 0.0088132371487972 0.0088076178587497 0.0087683479197965 0.0086861229791186 0.0085647979013944 0.0084129953474442 0.0082391882845694
0.014228713292666 0.0089983613788947 0.0087575115604403 0.0088076178587497 0.0088707941015532 0.008891895295979 0.0088620251286088 0.0087854809408159 0.0086714130398818 0.0085289908673563
0.013806150208234 0.0088161154180911 0.0086525812088279 0.0087683479197965 0.008891895295979 0.0089683206575201 0.0089883747240421 0.0089561661784973 0.0088808298762084 0.0087717908800703
0.013392121783874 0.0086161329387618 0.0085156195883586 0.0086861229791186 0.0088620251286088 0.0089883747240421 0.0090552098239357 0.0090660390909926 0.0090295856672162 0.0089551755175717
0.012976260926737 0.0083979891233139 0.0083490916229979 0.0085647979013944 0.0087854809408159 0.0089561661784973 0.0090660390909926 0.0091177956524433 0.0091194713265367 0.0090800267457059
0.012560171174294 0.008167056868192 0.0081604112602803 0.0084129953474442 0.0086714130398818 0.0088808298762084 0.0090295856672162 0.0091194713265367 0.0091576898160908 0.0091526484269475
0.012147749521553 0.0079289895365175 0.0079568752934346 0.0082391882845694 0.0085289908673563 0.0087717908800703 0.0089551755175717 0.0090800267457059 0.0091526484269475 0.0091807967223838
