0.00016676629087137 0.00084901960667814 0.00091869989210414 0.00078463439994829 0.00066724241608642 0.00056543761645224 0.00052521108966504 0.00048558197883452 0.00045489828560704 0.0004315667284797
0.00084901960667814 0.00030841423473302 0.00024965998649278 0.00020293409866077 0.00017560806644561 0.00014487675981439 0.00013696205658599 0.00012864058265959 0.00012046454087655 0.00011400514114196
0.00091869989210414 0.00024965998649278 0.00037036884365074 0.00023543057749517 0.00019650174539675 0.00016257644898758 0.00014886500532529 0.00014080468641423 0.00013380815154108 0.00012759756284836
0.00078463439994829 0.00020293409866077 0.00023543057749517 0.00025473130685839 0.00018168146299926 0.00016031659986218 0.00014440951239447 0.00012786094197527 0.00011712424836375 0.00010944214907992
0.00066724241608642 0.00017560806644561 0.00019650174539675 0.00018168146299926 0.00019336082467669 0.00015063926007768 0.00013304044036714 0.00011845123594704 0.00010875676462692 0.00010145500505395
0.00056543761645224 0.00014487675981439 0.00016257644898758 0.00016031659986218 0.00015063926007768 0.00014871647801389 0.00013229613923529 0.00011612474014362 0.00010425611795275 9.5511691127196e-05
0.00052521108966504 0.00013696205658599 0.00014886500532529 0.00014440951239447 0.00013304044036714 0.00013229613923529 0.00012884207474654 0.00011593372361422 0.00010562441285306 9.7358809372249e-05
0.00048558197883452 0.00012864058265959 0.00014080468641423 0.00012786094197527 0.00011845123594704 0.00011612474014362 0.00011593372361422 0.00010942748879602 0.00010162818524861 9.4611917749147e-05
0.00045489828560704 0.00012046454087655 0.00013380815154108 0.00011712424836375 0.00010875676462692 0.00010425611795275 0.00010562441285306 0.00010162818524861 9.6243240711061e-05 9.0547932620895e-05
0.0004315667284797 0.00011400514114196 0.00012759756284836 0.00010944214907992 0.00010145500505395 9.5511691127196e-05 9.7358809372249e-05 9.4611917749147e-05 9.0547932620895e-05 8.6151046138151e-05
