0 -3.1270830686754 -0.015032877115506 3.1137387015953 -0.082670643027182 3.0521974395848 -0.15942335987046 2.9337026200316 -0.26568867592705 2.8178117200975
3.1270830686754 0 -3.0456279201656 0.033526152133033 -3.1031917277019 0.10145110641845 -3.0039041044716 0.14748640851695 -2.9943594477105 0.15444240643692
0.015032877115506 3.0456279201656 0 3.0755685781377 -0.042794219492649 3.1292136541451 0.0031198362311292 -3.1371014192957 0.0057515889133178 -3.1277063809567
-3.1137387015953 -0.033526152133033 -3.0755685781377 0 -3.1389692189577 0.0026392913133315 -3.1400837209441 -0.0074864654611403 3.1256892236353 -0.020457581784731
0.082670643027182 3.1031917277019 0.042794219492649 3.1389692189577 0 -3.1378015706723 0.0056104647799547 -3.1382582316825 0.003591319203677 -3.1354164892055
-3.0521974395848 -0.10145110641845 -3.1292136541451 -0.0026392913133315 3.1378015706723 0 -3.1373681551199 0.0037551835697032 -3.1355616252576 0.0098380531139017
0.15942335987046 3.0039041044716 -0.0031198362311292 3.1400837209441 -0.0056104647799547 3.1373681551199 0 3.141531485184 0.0029121412478409 -3.1345677235915
-2.9337026200316 -0.14748640851695 3.1371014192957 0.0074864654611403 3.1382582316825 -0.0037551835697032 -3.141531485184 0 -3.1385466785735 0.0069136886448981
0.26568867592705 2.9943594477105 -0.0057515889133178 -3.1256892236353 -0.003591319203677 3.1355616252576 -0.0029121412478409 3.1385466785735 0 -3.1378709940285
-2.8178117200975 -0.15444240643692 3.1277063809567 0.020457581784731 3.1354164892055 -0.0098380531139017 3.1345677235915 -0.0069136886448981 3.1378709940285 0
