0 -3.01524835905 0.33394922727198 -2.991467277303 0.15678209058974 -2.7151172893879 0.59970070116458 -2.3157306890892 1.115301585257 -1.7469761817357
3.01524835905 0 -3.1173115719709 0.028450095555522 3.0709326998467 -0.046625114927464 3.0978295936831 -0.074174767493815 3.028129593997 -0.16504253809889
-0.33394922727198 3.1173115719709 0 3.0975778184354 -0.062006006871888 3.0666376927842 -0.087313713209421 3.0418021462313 -0.11254870986005 3.016344861635
2.991467277303 -0.028450095555522 -3.0975778184354 0 3.14113318337 -0.00098609738065865 -3.1401367144406 -0.0004209999657013 3.1364317929842 -0.0057960436627938
-0.15678209058974 -3.0709326998467 0.062006006871888 -3.14113318337 0 -3.1373347553334 0.010507709460046 -3.1320162207605 0.0093708647918552 -3.1302944130187
2.7151172893879 0.046625114927464 -3.0666376927842 0.00098609738065865 3.1373347553334 0 -3.1396422624686 -0.00026442392039833 3.1393249347693 -0.001984437351381
-0.59970070116458 -3.0978295936831 0.087313713209421 3.1401367144406 -0.010507709460046 3.1396422624686 0 3.139849772327 -0.0028619875867534 3.1394829325686
2.3157306890892 0.074174767493815 -3.0418021462313 0.0004209999657013 3.1320162207605 0.00026442392039833 -3.139849772327 0 3.140558910549 -0.0001099114879094
-1.115301585257 -3.028129593997 0.11254870986005 -3.1364317929842 -0.0093708647918552 -3.1393249347693 0.0028619875867534 -3.140558910549 0 -3.1407017573314
1.7469761817357 0.16504253809889 -3.016344861635 0.0057960436627938 3.1302944130187 0.001984437351381 -3.1394829325686 0.0001099114879094 3.1407017573314 0
