3.1415926535898 -1.4452585270457 -2.6870585028797 -2.7484577235574 0.24689154485965 2.834131254688 -1.0055563729266 1.9530754808622 -1.1136305467118 2.0591256020332
1.4452585270457 3.1415926535898 0.91540682397919 -2.7835902746479 -0.10318367426561 2.6305595249828 -0.27912507862166 -2.8062689727371 0.71517127026256 -2.1926881279103
2.6870585028797 -0.91540682397919 3.1415926535898 -0.23106491741381 3.1178388408764 -0.033156227734576 -3.0897874537528 0.18773127193272 -2.816763195004 0.37041604376928
2.7484577235574 2.7835902746479 0.23106491741381 3.1415926535898 -0.081314618630058 3.0859025931209 0.037819318027785 -2.9965082995072 0.20639506124539 -2.895294637535
-0.24689154485965 0.10318367426561 -3.1178388408764 0.081314618630058 3.1415926535898 -0.004218154892667 -3.1240488056409 0.062523652818048 -3.0565336990016 0.10802334482142
-2.834131254688 -2.6305595249828 0.033156227734576 -3.0859025931209 0.004218154892667 3.1415926535898 0.031323271012427 -3.0820806358223 0.067641195107178 -3.0644308917873
1.0055563729266 0.27912507862166 3.0897874537528 -0.037819318027785 3.1240488056409 -0.031323271012427 3.1415926535898 0.014547709293373 -3.1212681546124 0.024377744720002
-1.9530754808622 2.8062689727371 -0.18773127193272 2.9965082995072 -0.062523652818048 3.0820806358223 -0.014547709293373 3.1415926535898 0.0063322503037205 -3.1320214582784
1.1136305467118 -0.71517127026256 2.816763195004 -0.20639506124539 3.0565336990016 -0.067641195107178 3.1212681546124 -0.0063322503037205 3.1415926535898 0.0026256413103986
-2.0591256020332 2.1926881279103 -0.37041604376928 2.895294637535 -0.10802334482142 3.0644308917873 -0.024377744720002 3.1320214582784 -0.0026256413103986 3.1415926535898
