-0.01204626212132 0.00090817161147473 -0.00056807230395247 0.00042672755724952 -0.00026724699222651 0.00023652266618404 -0.00022633739019213 0.00020425412381838 -0.00017916937803343 0.00015862432460285
0.00090817161147473 -0.008758048428041 0.0026041532493081 -0.0016806513834341 0.0011847201785338 -0.00092373191406643 0.00072919885383527 -0.00060013228545193 0.00050618038335227 -0.00042754826450344
-0.00056807230395247 0.0026041532493081 -0.0060215721890888 0.003393399765972 -0.0024426599372079 0.0018829272655207 -0.0015332783508779 0.0012992736267426 -0.0011326408021889 0.00099941830375446
0.00042672755724952 -0.0016806513834341 0.003393399765972 -0.0041171321868127 0.0031601856207654 -0.0025383136602407 0.0021032126694145 -0.0017970563725715 0.0015689407049648 -0.0013895251497427
-0.00026724699222651 0.0011847201785338 -0.0024426599372079 0.0031601856207654 -0.0032734982231346 0.0028309326521583 -0.0024548118059956 0.0021570496681747 -0.0019212928147341 0.0017277914573333
0.00023652266618404 -0.00092373191406643 0.0018829272655207 -0.0025383136602407 0.0028309326521583 -0.0027387131770014 0.0025014085770241 -0.0022747656384905 0.0020739908800433 -0.001898859755988
-0.00022633739019213 0.00072919885383527 -0.0015332783508779 0.0021032126694145 -0.0024548118059956 0.0025014085770241 -0.0024071060885628 0.0022615532940163 -0.0021102622849629 0.0019659787470376
0.00020425412381838 -0.00060013228545193 0.0012992736267426 -0.0017970563725715 0.0021570496681747 -0.0022747656384905 0.0022615532940163 -0.0021900657534643 0.0020895849458686 -0.0019806434670432
-0.00017916937803343 0.00050618038335227 -0.0011326408021889 0.0015689407049648 -0.0019212928147341 0.0020739908800433 -0.0021102622849629 0.0020895849458686 -0.0020333989305583 0.0019582640726695
0.00015862432460285 -0.00042754826450344 0.00099941830375446 -0.0013895251497427 0.0017277914573333 -0.001898859755988 0.0019659787470376 -0.0019806434670432 0.0019582640726695 -0.0019122148141796
