0 3.0698722200371 0.014124325293932 3.0898608536267 0.0093736851173454 -3.1151093958432 0.0616297119257 -3.0396188511893 0.14130385365407 -2.9657217217267
-3.0698722200371 0 -3.13017285942 0.043093130570356 -3.0635294266915 0.084565855717994 -3.0390468875617 0.11625145081961 -3.0106675199805 0.14721238350403
-0.014124325293932 3.13017285942 0 -3.1367036879496 0.0078815320170475 -3.1382598433365 0.003465508625465 -3.1380379660921 0.0035240088359415 -3.1376435252772
-3.0898608536267 -0.043093130570356 3.1367036879496 0 3.13824179251 -0.0082797078706113 3.1296714802081 -0.014301586239957 3.126095444266 -0.015617263345542
-0.0093736851173454 3.0635294266915 -0.0078815320170475 -3.13824179251 0 3.1384373649861 -0.0052213188817413 3.1358316684944 -0.0052603214455623 3.1380290107452
3.1151093958432 -0.084565855717994 3.1382598433365 0.0082797078706113 -3.1384373649861 0 3.1393268560344 -0.0023814297090552 3.1402755223735 0.00094477260376507
-0.0616297119257 3.0390468875617 -0.003465508625465 -3.1296714802081 0.0052213188817413 -3.1393268560344 0 -3.14104406019 0.0023313818650707 -3.1363143701882
3.0396188511893 -0.11625145081961 3.1380379660921 0.014301586239957 -3.1358316684944 0.0023814297090552 3.14104406019 0 -3.1395921057253 0.0051984437427967
-0.14130385365407 3.0106675199805 -0.0035240088359415 -3.126095444266 0.0052603214455623 -3.1402755223735 -0.0023313818650707 3.1395921057253 0 -3.1383566141059
2.9657217217267 -0.14721238350403 3.1376435252772 0.015617263345542 -3.1380290107452 -0.00094477260376507 3.1363143701882 -0.0051984437427967 3.1383566141059 0
