0.10522578295729 0.033252871354616 0.020150599504418 0.014449542852428 0.010476939418083 0.0082008332308913 0.0067068611522438 0.0056395416558106 0.0048246413488327 0.004168249650288 0.0036250058031624 0.0031842826468433 0.0028374771190865 0.0025224304677863 0.0022884763418102 0.0020809633304552 0.0019060273737926 0.0017616011336429 0.0016414091326999 0.0015219491580804
0.033252871354616 0.035868979949591 0.019807143875892 0.013479921415659 0.0097424152832618 0.0074959207764554 0.006011402355007 0.0049741427702753 0.0042064079315689 0.0036068299455506 0.0031261707996432 0.0027267173196892 0.0023461539788153 0.0021154471052145 0.0018748339047207 0.0016731169281435 0.0014910976184151 0.0013463773705987 0.001201529607824 0.0011056229680098
0.020150599504418 0.019807143875892 0.023548087098573 0.017842777090883 0.013397563581102 0.010442736320397 0.0083550726544751 0.0068335502825259 0.0057057269187032 0.0048503403435268 0.004182925901636 0.0036475520286342 0.0031909653358735 0.0028690044513638 0.002584744140603 0.0023336946205855 0.0021238448797467 0.0019456547586749 0.0017957958237798 0.0016495538394169
0.014449542852428 0.013479921415659 0.017842777090883 0.018110988103521 0.015493284893469 0.013001767818887 0.010916337531271 0.0092190687126318 0.0078650047833327 0.0067916802229566 0.0059271054915323 0.0052178803413188 0.0046135746888109 0.0041568489033477 0.0037538278736385 0.0034038817625058 0.0030980606021106 0.0028455765948909 0.0026199523421298 0.002415004980957
0.010476939418083 0.0097424152832618 0.013397563581102 0.015493284893469 0.015066113305465 0.01366537235601 0.012110135740245 0.01064724247007 0.0093704027101757 0.0082951133442584 0.0073864217740945 0.0066169317243224 0.0059430951276171 0.0054100725077158 0.0049339872951678 0.004514626881263 0.0041425063832266 0.0038310892604461 0.0035493498754081 0.0032907522228026
0.0082008332308913 0.0074959207764554 0.010442736320397 0.013001767818887 0.01366537235601 0.013278454504997 0.012376278205718 0.01130652170628 0.010255447615338 0.0092997333753234 0.008445523067744 0.0076922198743858 0.0070100567556938 0.0064531721855219 0.0059446960367161 0.0054893830019853 0.0050776144982198 0.0047283004795317 0.0044077480509942 0.0041166978574861
0.0067068611522438 0.006011402355007 0.0083550726544751 0.010916337531271 0.012110135740245 0.012376278205718 0.012050540065965 0.01140090848892 0.010637202848097 0.0098689372637669 0.0091334600324057 0.0084528022433829 0.0078115884390737 0.0072709685959098 0.0067654059978159 0.00630357149415 0.0058781289318451 0.0055112824900585 0.0051702853074546 0.004858646134337
0.0056395416558106 0.0049741427702753 0.0068335502825259 0.0092190687126318 0.01064724247007 0.01130652170628 0.01140090848892 0.011118370350286 0.010640935312755 0.010083038554428 0.0094983794191268 0.0089239142952396 0.0083568378335681 0.0078616075747995 0.0073856150160088 0.0069408756326706 0.0065225097561143 0.0061559625093475 0.0058102338226867 0.0054907500279009
0.0048246413488327 0.0042064079315689 0.0057057269187032 0.0078650047833327 0.0093704027101757 0.010255447615338 0.010637202848097 0.010640935312755 0.010414199697308 0.010055692823518 0.0096267138324112 0.0091703420266331 0.0086939143241715 0.0082594050683709 0.0078291442216177 0.0074166385094892 0.0070193479680674 0.0066660537985546 0.0063273253717169 0.0060098252898539
0.004168249650288 0.0036068299455506 0.0048503403435268 0.0067916802229566 0.0082951133442584 0.0092997333753234 0.0098689372637669 0.010083038554428 0.010055692823518 0.0098728906829621 0.0095886117539756 0.0092485286339699 0.0088675568146675 0.0085004778104252 0.0081248191322075 0.0077539279133046 0.0073871342244131 0.0070564195931531 0.0067335051764196 0.0064260947963819
0.0036250058031624 0.0031261707996432 0.004182925901636 0.0059271054915323 0.0073864217740945 0.008445523067744 0.0091334600324057 0.0094983794191268 0.0096267138324112 0.0095886117539756 0.0094316156593274 0.0091991343986154 0.0089109464949591 0.0086127802015832 0.0082954164445337 0.0079711656648436 0.0076406681862556 0.0073386905748618 0.0070377839847882 0.0067464910452808
0.0031842826468433 0.0027267173196892 0.0036475520286342 0.0052178803413188 0.0066169317243224 0.0076922198743858 0.0084528022433829 0.0089239142952396 0.0091703420266331 0.0092485286339699 0.0091991343986154 0.0090694772472122 0.008859282401709 0.0086276485321176 0.0083685046790235 0.0080925761515124 0.0078013106203478 0.0075316680261879 0.0072568056203224 0.0069858797985036
0.0028374771190865 0.0023461539788153 0.0031909653358735 0.0046135746888109 0.0059430951276171 0.0070100567556938 0.0078115884390737 0.0083568378335681 0.0086939143241715 0.0088675568146675 0.0089109464949591 0.008859282401709 0.0088413646536263 0.0085686318126339 0.0083672357568722 0.008140633443528 0.0078907744043893 0.0076561890977666 0.0074105358708901 0.0071634160823197
0.0025224304677863 0.0021154471052145 0.0028690044513638 0.0041568489033477 0.0054100725077158 0.0064531721855219 0.0072709685959098 0.0078616075747995 0.0082594050683709 0.0085004778104252 0.0086127802015832 0.0086276485321176 0.0085686318126339 0.0084553643418722 0.0083040645823401 0.0081215908542106 0.0079097961709448 0.0077083525857371 0.0074910466545146 0.0072679166299076
0.0022884763418102 0.0018748339047207 0.002584744140603 0.0037538278736385 0.0049339872951678 0.0059446960367161 0.0067654059978159 0.0073856150160088 0.0078291442216177 0.0081248191322075 0.0082954164445337 0.0083685046790235 0.0083672357568722 0.0083040645823401 0.0082012203285817 0.0080603830336875 0.0078863221501849 0.0077182632083171 0.0075301713009267 0.0073322417056094
0.0020809633304552 0.0016731169281435 0.0023336946205855 0.0034038817625058 0.004514626881263 0.0054893830019853 0.00630357149415 0.0069408756326706 0.0074166385094892 0.0077539279133046 0.0079711656648436 0.0080925761515124 0.008140633443528 0.0081215908542106 0.0080603830336875 0.0079600597354415 0.0078211429905225 0.0076850173617626 0.0075253578332973 0.0073525836932577
0.0019060273737926 0.0014910976184151 0.0021238448797467 0.0030980606021106 0.0041425063832266 0.0050776144982198 0.0058781289318451 0.0065225097561143 0.0070193479680674 0.0073871342244131 0.0076406681862556 0.0078013106203478 0.0078907744043893 0.0079097961709448 0.0078863221501849 0.0078211429905225 0.0077190341809086 0.0076090901928863 0.0074766571441943 0.0073283647742614
0.0017616011336429 0.0013463773705987 0.0019456547586749 0.0028455765948909 0.0038310892604461 0.0047283004795317 0.0055112824900585 0.0061559625093475 0.0066660537985546 0.0070564195931531 0.0073386905748618 0.0075316680261879 0.0076561890977666 0.0077083525857371 0.0077182632083171 0.0076850173617626 0.0076090901928863 0.0075307216029367 0.0074238490802748 0.0072989491972095
0.0016414091326999 0.001201529607824 0.0017957958237798 0.0026199523421298 0.0035493498754081 0.0044077480509942 0.0051702853074546 0.0058102338226867 0.0063273253717169 0.0067335051764196 0.0070377839847882 0.0072568056203224 0.0074105358708901 0.0074910466545146 0.0075301713009267 0.0075253578332973 0.0074766571441943 0.0074238490802748 0.0073409033567098 0.0072381264042074
0.0015219491580804 0.0011056229680098 0.0016495538394169 0.002415004980957 0.0032907522228026 0.0041166978574861 0.004858646134337 0.0054907500279009 0.0060098252898539 0.0064260947963819 0.0067464910452808 0.0069858797985036 0.0071634160823197 0.0072679166299076 0.0073322417056094 0.0073525836932577 0.0073283647742614 0.0072989491972095 0.0072381264042074 0.0071894326438847
