3.1415926535898 0.44300326581633 -2.8104243139427 -0.6616554737374 2.0325652777882 -1.0603904281279 2.0532678294066 -1.0293311609359 2.1340463161907 -1.0014942741791
-0.44300326581633 3.1415926535898 0.0092632295227206 -3.1155697195613 0.058347092589722 -3.1180036680265 0.012357510260188 3.1305130106019 0.0072017364620616 -3.1230885092595
2.8104243139427 -0.0092632295227206 3.1415926535898 0.095973224542552 -3.1202778771103 0.026093164764339 -3.0939830067071 0.036872543530221 -3.116226136403 0.033863658422807
0.6616554737374 3.1155697195613 -0.095973224542552 3.1415926535898 -0.02635006506844 3.1058824649129 -0.033248649341914 3.1042491888674 -0.042149325328494 3.0990092518481
-2.0325652777882 -0.058347092589722 3.1202778771103 0.02635006506844 3.1415926535898 0.00025085681369247 -3.1397855196222 -0.00036003110238098 -3.1414052718203 0.0021720488191149
1.0603904281279 3.1180036680265 -0.026093164764339 -3.1058824649129 -0.00025085681369247 3.1415926535898 0.00032610626109065 3.1410078230527 0.0020843961351421 -3.1357514003965
-2.0532678294066 -0.012357510260188 3.0939830067071 0.033248649341914 3.1397855196222 -0.00032610626109065 3.1415926535898 -0.00068096377696417 -3.138936266357 0.0059788319461242
1.0293311609359 -3.1305130106019 -0.036872543530221 -3.1042491888674 0.00036003110238098 -3.1410078230527 0.00068096377696417 3.1415926535898 0.0042976776293515 -3.1333474256761
-2.1340463161907 -0.0072017364620616 3.116226136403 0.042149325328494 3.1414052718203 -0.0020843961351421 3.138936266357 -0.0042976776293515 3.1415926535898 0.0041696198112709
1.0014942741791 3.1230885092595 -0.033863658422807 -3.0990092518481 -0.0021720488191149 3.1357514003965 -0.0059788319461242 3.1333474256761 -0.0041696198112709 3.1415926535898
