0.010156424327351 -0.0019589423170047 0.0015313312330521 -0.00113966478879 0.0010079678091909 -0.00088347829906835 0.00070796258398408 -0.00061943946994902 0.00053375836154561 -0.00047187864967629
-0.0019589423170047 0.0082520576295636 -0.0019359086742909 0.0012605338066365 -0.00098679658940797 0.00078504732320586 -0.00058147461224006 0.00047967669217664 -0.00040481787297541 0.00035500054873855
0.0015313312330521 -0.0019359086742909 0.0067577695917187 -0.0024593778911286 0.0016357340653968 -0.0012304318965906 0.00099142901673998 -0.00083119654522522 0.0006962705762846 -0.00060169349220727
-0.00113966478879 0.0012605338066365 -0.0024593778911286 0.0045054873865079 -0.0025065533445518 0.0018510740086352 -0.0014433143004275 0.0011962335023839 -0.0010017484575789 0.00085869798703046
0.0010079678091909 -0.00098679658940797 0.0016357340653968 -0.0025065533445518 0.0030833415713508 -0.0022788940949433 0.0018185388332253 -0.0014970694455151 0.0012657508186252 -0.0010952205931823
-0.00088347829906835 0.00078504732320586 -0.0012304318965906 0.0018510740086352 -0.0022788940949433 0.0023430568493096 -0.0019770526637765 0.0016937697153878 -0.0014675607746962 0.0012985532953887
0.00070796258398408 -0.00058147461224006 0.00099142901673998 -0.0014433143004275 0.0018185388332253 -0.0019770526637765 0.001919834461479 -0.0017253812867952 0.0015472397209491 -0.0013996001955128
-0.00061943946994902 0.00047967669217664 -0.00083119654522522 0.0011962335023839 -0.0014970694455151 0.0016937697153878 -0.0017253812867952 0.0016483043655064 -0.0015269532503161 0.0014132171630604
0.00053375836154561 -0.00040481787297541 0.0006962705762846 -0.0010017484575789 0.0012657508186252 -0.0014675607746962 0.0015472397209491 -0.0015269532503161 0.0014657043645001 -0.0013874598144581
-0.00047187864967629 0.00035500054873855 -0.00060169349220727 0.00085869798703046 -0.0010952205931823 0.0012985532953887 -0.0013996001955128 0.0014132171630604 -0.0013874598144581 0.0013408927508315
