0 2.9737143971021 0.09870255165636 -2.8678969727307 0.32307649448256 -2.8234104636711 0.10114447827983 3.125827241191 -0.15674832045322 2.9043311766326
-2.9737143971021 0 3.0803415007775 0.14161972746947 -2.9177053503934 0.17728563131111 -3.1062500742856 0.024424543783367 3.135940678476 0.011218574241445
-0.09870255165636 -3.0803415007775 0 -3.1026545574437 0.04332545001436 -3.0188426437369 0.092931050865519 -3.0731976496222 0.088069742692511 -3.028697282397
2.8678969727307 -0.14161972746947 3.1026545574437 0 3.1159188193689 -0.011619623842778 3.0955991339495 -0.051258864285045 3.090115832463 -0.049894478036201
-0.32307649448256 2.9177053503934 -0.04332545001436 -3.1159188193689 0 3.1329163493816 -0.023729975977273 3.1180012298682 -0.026244888701987 3.1162625196671
2.8234104636711 -0.17728563131111 3.0188426437369 0.011619623842778 -3.1329163493816 0 3.1405402624707 0.0057752551409023 -3.1295933124108 0.016490004212553
-0.10114447827983 3.1062500742856 -0.092931050865519 -3.0955991339495 0.023729975977273 -3.1405402624707 0 -3.1365690399221 0.0094089013977219 -3.1293345730881
-3.125827241191 -0.024424543783367 3.0731976496222 0.051258864285045 -3.1180012298682 -0.0057752551409023 3.1365690399221 0 -3.1384938234557 0.0047438925701871
0.15674832045322 -3.135940678476 -0.088069742692511 -3.090115832463 0.026244888701987 3.1295933124108 -0.0094089013977219 3.1384938234557 0 -3.1402746996567
-2.9043311766326 -0.011218574241445 3.028697282397 0.049894478036201 -3.1162625196671 -0.016490004212553 3.1293345730881 -0.0047438925701871 3.1402746996567 0
