0.10142003344657 0.0006176744001657 -0.0004199360129887 0.00036649644405742 -0.00029773771782967 0.00024910341896096 -0.00021206751258706 0.00018827686307666 -0.00017058193063399 0.0001569756669313
0.0006176744001657 0.010392641985871 -0.0018881587634719 0.0011903955457615 -0.00080636003692468 0.00043350858952225 -0.00025935503994292 0.00019079612052921 -0.00014739713804868 0.00011970065656105
-0.0004199360129887 -0.0018881587634719 0.010359101376915 -0.0036664641029658 0.0021155707074888 -0.001692052646947 0.0013202618212469 -0.001058426701193 0.00086364689272388 -0.00072296980836802
0.00036649644405742 0.0011903955457615 -0.0036664641029658 0.0078091191645618 -0.0046715889421364 0.003391712434781 -0.0026124008509441 0.0020722448332524 -0.0017081864428218 0.001445355230246
-0.00029773771782967 -0.00080636003692468 0.0021155707074888 -0.0046715889421364 0.0058328104222689 -0.004555905986169 0.0036411751600215 -0.0029823192358945 0.0025059190387723 -0.0021561848056305
0.00024910341896096 0.00043350858952225 -0.001692052646947 0.003391712434781 -0.004555905986169 0.0045565234380307 -0.0039948008781296 0.0034672819119534 -0.0030312639716936 0.0026818332276762
-0.00021206751258706 -0.00025935503994292 0.0013202618212469 -0.0026124008509441 0.0036411751600215 -0.0039948008781296 0.0038970014685005 -0.0035833091080254 0.003250657664103 -0.002952689786334
0.00018827686307666 0.00019079612052921 -0.001058426701193 0.0020722448332524 -0.0029823192358945 0.0034672819119534 -0.0035833091080254 0.0034735631723246 -0.0032634748933799 0.0030408278828424
-0.00017058193063399 -0.00014739713804868 0.00086364689272388 -0.0017081864428218 0.0025059190387723 -0.0030312639716936 0.003250657664103 -0.0032634748933799 0.0031593033847518 -0.0030125569711503
0.0001569756669313 0.00011970065656105 -0.00072296980836802 0.001445355230246 -0.0021561848056305 0.0026818332276762 -0.002952689786334 0.0030408278828424 -0.0030125569711503 0.0029306302243053
