0 -3.0103330709361 0.11224370905204 -3.058370468596 0.078994682493352 -3.0759852120352 0.064276109598641 -3.0673519929171 0.084134230213102 -3.0456054301457
3.0103330709361 0 -3.1062083009577 0.017907718148926 3.136527664872 -0.032970047666804 3.0758776464007 -0.085007887738452 3.0419427741405 -0.11687044789029
-0.11224370905204 3.1062083009577 0 3.1249664234172 -0.027834657018761 3.0937397796286 -0.068432030132738 3.0580431101191 -0.096258721222844 3.0338328981518
3.058370468596 -0.017907718148926 -3.1249664234172 0 3.1341665673157 -0.016150226638732 3.1161343294998 -0.030635519437691 3.1060405715009 -0.040834664200398
-0.078994682493352 -3.136527664872 0.027834657018761 -3.1341665673157 0 3.1376430745339 -0.010018270046577 3.1296454171169 -0.013549546192741 3.1259227220437
3.0759852120352 0.032970047666804 -3.0937397796286 0.016150226638732 -3.1376430745339 0 3.1363923468658 -0.0064766718363057 3.1343576228131 -0.0085173140112722
-0.064276109598641 -3.0758776464007 0.068432030132738 -3.1161343294998 0.010018270046577 -3.1363923468658 0 3.1400280162273 -0.0022871437350379 3.1380519228311
3.0673519929171 0.085007887738452 -3.0580431101191 0.030635519437691 -3.1296454171169 0.0064766718363057 -3.1400280162273 0 3.1411010782226 -0.0015375105244282
-0.084134230213102 -3.0419427741405 0.096258721222844 -3.1060405715009 0.013549546192741 -3.1343576228131 0.0022871437350379 -3.1411010782226 0 3.1405639332674
3.0456054301457 0.11687044789029 -3.0338328981518 0.040834664200398 -3.1259227220437 0.0085173140112722 -3.1380519228311 0.0015375105244282 -3.1405639332674 0
