3.1415926535898 1.1066699130542 -2.6305232125016 -1.4449631429365 1.9301684734279 -0.63737066499009 2.1393428541728 -1.0237606245289 2.0985430079282 -1.1169307935294
-1.1066699130542 3.1415926535898 0.098204440414049 -2.890858356466 -0.032941108949431 3.0575004076086 0.046990926433643 -3.0853792333432 0.010420343825735 3.054798824272
2.6305232125016 -0.098204440414049 3.1415926535898 -0.062878513989663 -3.1015144451205 0.026866702087554 3.0955646324853 -0.084685885854442 3.0388474977627 -0.11264073198131
1.4449631429365 2.890858356466 0.062878513989663 3.1415926535898 0.006364826825625 3.1312985079508 -0.0095163295327962 -3.1411081632928 -0.00081170438791029 3.1377533556307
-1.9301684734279 0.032941108949431 3.1015144451205 -0.006364826825625 3.1415926535898 -0.0023018790992931 -3.1354529406431 0.021289856650572 -3.1098347835359 0.041550877789537
0.63737066499009 -3.0575004076086 -0.026866702087554 -3.1312985079508 0.0023018790992931 3.1415926535898 0.0081575218385695 -3.1176580759369 0.029949377490822 -3.1065226217664
-2.1393428541728 -0.046990926433643 -3.0955646324853 0.0095163295327962 3.1354529406431 -0.0081575218385695 3.1415926535898 0.011762934459131 -3.1259511858758 0.018654945141329
1.0237606245289 3.0853792333432 0.084685885854442 3.1411081632928 -0.021289856650572 3.1176580759369 -0.011762934459131 3.1415926535898 0.0032365348633717 -3.1372691220316
-2.0985430079282 -0.010420343825735 -3.0388474977627 0.00081170438791029 3.1098347835359 -0.029949377490822 3.1259511858758 -0.0032365348633717 3.1415926535898 0.00078107413705682
1.1169307935294 -3.054798824272 0.11264073198131 -3.1377533556307 -0.041550877789537 3.1065226217664 -0.018654945141329 3.1372691220316 -0.00078107413705682 3.1415926535898
