3.1415926535898 -0.25412377530665 -2.2014995203389 -0.030477404296073 -2.6899836597822 0.73276670618107 -2.0464102585256 0.99978353724248 -2.2053557525483 0.89611149651196
0.25412377530665 3.1415926535898 0.075607880026203 3.1367187645448 0.10175950331358 -2.6484176616017 1.6937376043557 -0.091322228840247 -2.7530337929769 0.58877902540608
2.2014995203389 -0.075607880026203 3.1415926535898 -0.041180338397191 -3.113963305078 0.037387073191639 -3.0831422333422 0.061307429751805 -3.0945018784636 0.019139641298685
0.030477404296073 -3.1367187645448 0.041180338397191 3.1415926535898 0.010849762883567 3.1408723845916 -0.012907257292139 3.1208927451851 -0.03009652859056 3.1024327513185
2.6899836597822 -0.10175950331358 3.113963305078 -0.010849762883567 3.1415926535898 0.0017944722068707 -3.1357622602797 0.0076161655897379 -3.1334766854647 0.0076551724255659
-0.73276670618107 2.6484176616017 -0.037387073191639 -3.1408723845916 -0.0017944722068707 3.1415926535898 -0.0022741448875181 3.134894537832 -0.009502302636293 3.128144067823
2.0464102585256 -1.6937376043557 3.0831422333422 0.012907257292139 3.1357622602797 0.0022741448875181 3.1415926535898 -0.0058609771535586 3.1324863398624 -0.013848893995628
-0.99978353724248 0.091322228840247 -0.061307429751805 -3.1208927451851 -0.0076161655897379 -3.134894537832 0.0058609771535586 3.1415926535898 -0.00291249369789 3.1344102368354
2.2053557525483 2.7530337929769 3.0945018784636 0.03009652859056 3.1334766854647 0.009502302636293 -3.1324863398624 0.00291249369789 3.1415926535898 -0.003922798826605
-0.89611149651196 -0.58877902540608 -0.019139641298685 -3.1024327513185 -0.0076551724255659 -3.128144067823 0.013848893995628 -3.1344102368354 0.003922798826605 3.1415926535898
