0.026722486757827 -0.008659871104151 0.0075765426432576 -0.0056598555548055 0.0048093856319777 -0.0043053924465813 0.0037036879102999 -0.0032085970849615 0.0028551464129098 -0.0025754097724972
-0.008659871104151 0.014608956977617 -0.0056312802965104 0.004239320383062 -0.0032980989637934 0.0028155692012493 -0.0022765076443694 0.0019141497410482 -0.0016055500403782 0.0013721036749838
0.0075765426432576 -0.0056312802965104 0.009945897005134 -0.0053814576021704 0.0041790388353204 -0.0033137909617246 0.002680234513899 -0.0021991196762618 0.0018574341432386 -0.0016043823101057
-0.0056598555548055 0.004239320383062 -0.0053814576021704 0.0064622581715208 -0.0048835133962642 0.0040640546862861 -0.0033215168382174 0.0028218273455875 -0.0024367693267576 0.0021329848444386
0.0048093856319777 -0.0032980989637934 0.0041790388353204 -0.0048835133962642 0.0050624423832169 -0.0043990958976674 0.0038030220334976 -0.0033284445073759 0.0029578019749252 -0.0026504422098863
-0.0043053924465813 0.0028155692012493 -0.0033137909617246 0.0040640546862861 -0.0043990958976674 0.0042992408756699 -0.0038799036897984 0.0035005894482614 -0.0031690431297865 0.0028797857311034
0.0037036879102999 -0.0022765076443694 0.002680234513899 -0.0033215168382174 0.0038030220334976 -0.0038799036897984 0.0036995910883826 -0.0034345296546466 0.0031720891002628 -0.002926180647892
-0.0032085970849615 0.0019141497410482 -0.0021991196762618 0.0028218273455875 -0.0033284445073759 0.0035005894482614 -0.0034345296546466 0.0032765514057956 -0.0030823278945492 0.0028847217807403
0.0028551464129098 -0.0016055500403782 0.0018574341432386 -0.0024367693267576 0.0029578019749252 -0.0031690431297865 0.0031720891002628 -0.0030823278945492 0.0029465776305275 -0.0027926493603649
-0.0025754097724972 0.0013721036749838 -0.0016043823101057 0.0021329848444386 -0.0026504422098863 0.0028797857311034 -0.002926180647892 0.0028847217807403 -0.0027926493603649 0.0026760968014129
