3.1415926535898 -0.18749336861935 2.7648726643462 -0.54382032341709 2.3791575380598 -0.89429132178635 2.2454854244479 -0.9612193112849 2.0552841675296 -1.2020846389435
0.18749336861935 3.1415926535898 0.0030926286851699 -3.1104698071771 0.073800183839945 -3.0163787882664 0.14526645724423 -2.9783397023419 0.17962808481583 -2.9341010937204
-2.7648726643462 -0.0030926286851699 3.1415926535898 -0.020543677305663 3.1224283619568 -0.020918067993875 3.1253573036311 -0.013318333201719 3.130310153153 -0.0076024769199908
0.54382032341709 3.1104698071771 0.020543677305663 3.1415926535898 0.011451630999758 -3.1255615402774 0.024152359471387 -3.112400354659 0.031165920584178 -3.1082693731373
-2.3791575380598 -0.073800183839945 -3.1224283619568 -0.011451630999758 3.1415926535898 0.0048787123192445 -3.1306764586758 0.015292094526422 -3.123382672091 0.02135251367642
0.89429132178635 3.0163787882664 0.020918067993875 3.1255615402774 -0.0048787123192445 3.1415926535898 0.006040805320163 -3.1318082361254 0.011985786145697 -3.127617441422
-2.2454854244479 -0.14526645724423 -3.1253573036311 -0.024152359471387 3.1306764586758 -0.006040805320163 3.1415926535898 0.0029135118589381 -3.1373525725365 0.005146028120206
0.9612193112849 2.9783397023419 0.013318333201719 3.112400354659 -0.015292094526422 3.1318082361254 -0.0029135118589381 3.1415926535898 0.0012950610109796 -3.1395931540422
-2.0552841675296 -0.17962808481583 -3.130310153153 -0.031165920584178 3.123382672091 -0.011985786145697 3.1373525725365 -0.0012950610109796 3.1415926535898 0.00054902773371189
1.2020846389435 2.9341010937204 0.0076024769199908 3.1082693731373 -0.02135251367642 3.127617441422 -0.005146028120206 3.1395931540422 -0.00054902773371189 3.1415926535898
