0.00020483696452724 0.0010605994376243 0.0010450328157911 0.00088124247522624 0.00074860605925268 0.00067660247736275 0.00063118537628593 0.00059679652245049 0.00056813041225019 0.00054417976854783
0.0010605994376243 0.00050678453058151 0.0003442103145591 0.00029805364734837 0.00025367881132901 0.0002357018293465 0.00022051591205086 0.00020898875413964 0.00019844737992209 0.00018907473310215
0.0010450328157911 0.0003442103145591 0.00042964647772122 0.00030004233791699 0.00024256475238683 0.00022149739076453 0.00020961046168729 0.00019975907092571 0.00018950090791695 0.00018035334317838
0.00088124247522624 0.00029805364734837 0.00030004233791699 0.00032056912013914 0.00023718154688123 0.00020435333336875 0.00018265329374793 0.00016929031843437 0.0001579170297636 0.00014898944272526
0.00074860605925268 0.00025367881132901 0.00024256475238683 0.00023718154688123 0.00024558977037347 0.00020730571821325 0.00018243543873825 0.00016537043146574 0.00015189736672237 0.00014131663257881
0.00067660247736275 0.0002357018293465 0.00022149739076453 0.00020435333336875 0.00020730571821325 0.00019966477129524 0.0001836323073682 0.00016880702103649 0.0001552396469578 0.00014341896742487
0.00063118537628593 0.00022051591205086 0.00020961046168729 0.00018265329374793 0.00018243543873825 0.0001836323073682 0.00017660014504638 0.00016559155486691 0.00015366168537161 0.00014232977728885
0.00059679652245049 0.00020898875413964 0.00019975907092571 0.00016929031843437 0.00016537043146574 0.00016880702103649 0.00016559155486691 0.00015863507802342 0.00014946654651041 0.00013985397890337
0.00056813041225019 0.00019844737992209 0.00018950090791695 0.0001579170297636 0.00015189736672237 0.0001552396469578 0.00015366168537161 0.00014946654651041 0.00014304407516547 0.00013550806254856
0.00054417976854783 0.00018907473310215 0.00018035334317838 0.00014898944272526 0.00014131663257881 0.00014341896742487 0.00014232977728885 0.00013985397890337 0.00013550806254856 0.00012987768038377
