0.019600356515989 -0.0060073282934331 0.0048506623273961 -0.0039919566764333 0.0031077287333658 -0.0026392884988331 0.0022553115782942 -0.0019749137756843 0.0017410527197807 -0.0015507606612065
-0.0060073282934331 0.012190955086098 -0.0042212093740775 0.0032581821962661 -0.0024273171789014 0.0019146519884981 -0.0016346753494242 0.0014172953777145 -0.0012463165558297 0.0011124342365119
0.0048506623273961 -0.0042212093740775 0.008376251297873 -0.0045396410261899 0.003136040014584 -0.0025179992630162 0.0020787226834716 -0.0017993210251084 0.001568988356178 -0.0013804855489752
-0.0039919566764333 0.0032581821962661 -0.0045396410261899 0.0062198745202086 -0.0042014672103408 0.0033673321409278 -0.0027695513709656 0.0023492060879712 -0.0020364114813692 0.0017902560972613
0.0031077287333658 -0.0024273171789014 0.003136040014584 -0.0042014672103408 0.0043047599778884 -0.0035781338172273 0.0030163443283582 -0.0025914118162391 0.0022576350371134 -0.001994671846635
-0.0026392884988331 0.0019146519884981 -0.0025179992630162 0.0033673321409278 -0.0035781338172273 0.0034575635637717 -0.0030520579784689 0.0026979899062013 -0.0023949719199685 0.0021437671366871
0.0022553115782942 -0.0016346753494242 0.0020787226834716 -0.0027695513709656 0.0030163443283582 -0.0030520579784689 0.0028826568442239 -0.0026382720227275 0.0023991899753553 -0.0021882873773292
-0.0019749137756843 0.0014172953777145 -0.0017993210251084 0.0023492060879712 -0.0025914118162391 0.0026979899062013 -0.0026382720227275 0.0025080348742994 -0.0023392276809238 0.0021749884656679
0.0017410527197807 -0.0012463165558297 0.001568988356178 -0.0020364114813692 0.0022576350371134 -0.0023949719199685 0.0023991899753553 -0.0023392276809238 0.0022344912876926 -0.0021165748579081
-0.0015507606612065 0.0011124342365119 -0.0013804855489752 0.0017902560972613 -0.001994671846635 0.0021437671366871 -0.0021882873773292 0.0021749884656679 -0.0021165748579081 0.0020382372609118
