0.00027403907953052 0.00026421079674161 0.00023377795724555 0.00018538321796003 0.00015527528951835 0.00013450207848677 0.00012135768897539 0.00011327376982477 0.00010709729294328 0.00010273174735669
0.00026421079674161 0.0002671260629838 0.00022701583809244 0.00017883051421698 0.00015012652195731 0.00012865496249496 0.00011642018945366 0.00010929033068089 0.0001032628665708 9.8853994483246e-05
0.00023377795724555 0.00022701583809244 0.00018512413782751 0.00016100321561056 0.00013284542007913 0.00011562432592668 0.00010596031827929 9.9407140169595e-05 9.4336218749746e-05 9.0677949757084e-05
0.00018538321796003 0.00017883051421698 0.00016100321561056 0.00013628818910272 0.00011520355873929 9.78193921812e-05 8.8873997200538e-05 8.4144136220249e-05 8.0181110634062e-05 7.7133060425822e-05
0.00015527528951835 0.00015012652195731 0.00013284542007913 0.00011520355873929 9.6041396901564e-05 8.2250132316775e-05 7.552794919264e-05 7.1268560966346e-05 6.7649429673226e-05 6.4881254155467e-05
0.00013450207848677 0.00012865496249496 0.00011562432592668 9.78193921812e-05 8.2250132316775e-05 7.1589805298633e-05 6.6707392001628e-05 6.3202701608484e-05 5.991612081906e-05 5.7154658291247e-05
0.00012135768897539 0.00011642018945366 0.00010596031827929 8.8873997200538e-05 7.552794919264e-05 6.6707392001628e-05 6.2922025419348e-05 5.9983119040454e-05 5.6952202205825e-05 5.4159455754449e-05
0.00011327376982477 0.00010929033068089 9.9407140169595e-05 8.4144136220249e-05 7.1268560966346e-05 6.3202701608484e-05 5.9983119040454e-05 5.7025322520377e-05 5.4142807564296e-05 5.1443187509675e-05
0.00010709729294328 0.0001032628665708 9.4336218749746e-05 8.0181110634062e-05 6.7649429673226e-05 5.991612081906e-05 5.6952202205825e-05 5.4142807564296e-05 5.1575882043635e-05 4.912407873946e-05
0.00010273174735669 9.8853994483246e-05 9.0677949757084e-05 7.7133060425822e-05 6.4881254155467e-05 5.7154658291247e-05 5.4159455754449e-05 5.1443187509675e-05 4.912407873946e-05 4.6942246566553e-05
