0.00016728393226361 0.00083989254358712 0.0009385226943037 0.00081402148142175 0.00068535976536292 0.00057296043324229 0.000523892081205 0.00049221012326398 0.00046600502189459 0.00044635618199221
0.00083989254358712 0.0002957762940012 0.00023925742442924 0.00021780340200996 0.000182823427612 0.00014850303453054 0.00013628217603237 0.00012916088924373 0.00012274127158304 0.00011795407106772
0.0009385226943037 0.00023925742442924 0.00039992143490179 0.0002570256423778 0.00020888918359748 0.00017389574445904 0.00015651312592292 0.00014362368806947 0.00013661706922461 0.00013128451843424
0.00081402148142175 0.00021780340200996 0.0002570256423778 0.00028638820786554 0.00019350642619792 0.00016542942353469 0.00014921841535718 0.00014057864705106 0.00013144607807952 0.00012476961444417
0.00068535976536292 0.000182823427612 0.00020888918359748 0.00019350642619792 0.0001958698725882 0.00014900504410902 0.00013238282201292 0.00012187236425851 0.0001145729892874 0.000109674364649
0.00057296043324229 0.00014850303453054 0.00017389574445904 0.00016542942353469 0.00014900504410902 0.00014899316897604 0.00013167807853768 0.00012282475457721 0.00011524840749841 0.00010971446446261
0.000523892081205 0.00013628217603237 0.00015651312592292 0.00014921841535718 0.00013238282201292 0.00013167807853768 0.00012545000105567 0.00011807836939476 0.00011061466526105 0.00010470206084351
0.00049221012326398 0.00012916088924373 0.00014362368806947 0.00014057864705106 0.00012187236425851 0.00012282475457721 0.00011807836939476 0.00011518604818928 0.00010920384096904 0.00010418396614254
0.00046600502189459 0.00012274127158304 0.00013661706922461 0.00013144607807952 0.0001145729892874 0.00011524840749841 0.00011061466526105 0.00010920384096904 0.00010495154882853 0.00010094538564253
0.00044635618199221 0.00011795407106772 0.00013128451843424 0.00012476961444417 0.000109674364649 0.00010971446446261 0.00010470206084351 0.00010418396614254 0.00010094538564253 9.8049995215454e-05
