-0.00048969764168327 -0.0012990095194039 0.00087017713505753 -0.00069381164468492 0.00058095821224054 -0.00050597217198045 0.00046836769195088 -0.00042883018052797 0.00039522999946471 -0.00036695389878093
-0.0012990095194039 -0.0093309805382193 0.0021761802907887 -0.001367208195877 0.00098951544263981 -0.00081045170313642 0.00074229192934544 -0.00066802821348033 0.00059868701699334 -0.00053891733415905
0.00087017713505753 0.0021761802907887 -0.008268007462051 0.0034628977969779 -0.0023603416110196 0.0018042876538146 -0.0015019718152741 0.0012525745866708 -0.0010622764101721 0.0009219996966572
-0.00069381164468492 -0.001367208195877 0.0034628977969779 -0.0061550481214078 0.003803199306128 -0.0028417150939575 0.0022945536576614 -0.0019542804473326 0.0017137096359035 -0.0015250861009461
0.00058095821224054 0.00098951544263981 -0.0023603416110196 0.003803199306128 -0.0044593105420943 0.0035325411291824 -0.0029314431466685 0.0025073621740763 -0.0021965653891725 0.0019586564672744
-0.00050597217198045 -0.00081045170313642 0.0018042876538146 -0.0028417150939575 0.0035325411291824 -0.003565072686486 0.003160294539343 -0.0028012959518625 0.0025057246441289 -0.0022649902332697
0.00046836769195088 0.00074229192934544 -0.0015019718152741 0.0022945536576614 -0.0029314431466685 0.003160294539343 -0.0030920416844055 0.0028679113955631 -0.0026374253452811 0.0024278046521304
-0.00042883018052797 -0.00066802821348033 0.0012525745866708 -0.0019542804473326 0.0025073621740763 -0.0028012959518625 0.0028679113955631 -0.0027827747591031 0.0026321826494795 -0.0024703531795142
0.00039522999946471 0.00059868701699334 -0.0010622764101721 0.0017137096359035 -0.0021965653891725 0.0025057246441289 -0.0026374253452811 0.0026321826494795 -0.0025541296989164 0.0024419643267228
-0.00036695389878093 -0.00053891733415905 0.0009219996966572 -0.0015250861009461 0.0019586564672744 -0.0022649902332697 0.0024278046521304 -0.0024703531795142 0.0024419643267228 -0.0023727327898155
