0.014265958009151 -0.0014725111935862 0.0011675778196208 -0.00077423792810107 0.00054873959478947 -0.00041213424598623 0.00032789104454939 -0.00027045323323267 0.00022684455688993 -0.00019779377253506
-0.0014725111935862 0.0077420841661026 -0.0027146754562574 0.0018742668395713 -0.0014812665282244 0.0012343880251573 -0.0010467821722221 0.00090746322956428 -0.00079324049712826 0.00070329284190045
0.0011675778196208 -0.0027146754562574 0.0048651165546344 -0.0030257558527513 0.0022512342913425 -0.0018119769782384 0.0015113232131745 -0.0012995109952466 0.0011305241002225 -0.0010019061245968
-0.00077423792810107 0.0018742668395713 -0.0030257558527513 0.0034014823647032 -0.0027314434404325 0.0022845132559911 -0.0019517319428426 0.0017020031288702 -0.001504137209724 0.0013450225935378
0.00054873959478947 -0.0014812665282244 0.0022512342913425 -0.0027314434404325 0.0027399498331324 -0.00244548320392 0.0021717652226414 -0.0019418411175138 0.0017462872112814 -0.0015815265321718
-0.00041213424598623 0.0012343880251573 -0.0018119769782384 0.0022845132559911 -0.00244548320392 0.0023776873089012 -0.0022073695262367 0.0020311414986669 -0.0018648217455236 0.0017162449817485
0.00032789104454939 -0.0010467821722221 0.0015113232131745 -0.0019517319428426 0.0021717652226414 -0.0022073695262367 0.0021420343761437 -0.0020269380298701 0.0019002942049288 -0.0017778159854207
-0.00027045323323267 0.00090746322956428 -0.0012995109952466 0.0017020031288702 -0.0019418411175138 0.0020311414986669 -0.0020269380298701 0.0019669126916326 -0.001880031343422 0.001786326032264
0.00022684455688993 -0.00079324049712826 0.0011305241002225 -0.001504137209724 0.0017462872112814 -0.0018648217455236 0.0019002942049288 -0.001880031343422 0.0018283483347264 -0.0017622388474408
-0.00019779377253506 0.00070329284190045 -0.0010019061245968 0.0013450225935378 -0.0015815265321718 0.0017162449817485 -0.0017778159854207 0.001786326032264 -0.0017622388474408 0.0017199467189997
