-0.0080149100315189 0.0011996328472831 -0.0011074715903005 0.001126098678697 -0.00087640800262407 0.00084233666371984 -0.0007257375360231 0.00068174010796583 -0.0005743934881807 0.00053501503707878
0.0011996328472831 -0.0069334951707538 0.0015104208578641 -0.0012943313173707 0.0010167741839169 -0.0009643722467433 0.00083983966305754 -0.00079477470376895 0.0007548032248989 -0.00068224662756664
-0.0011074715903005 0.0015104208578641 -0.0066915723162389 0.0023136916311443 -0.0016040763321114 0.0012888816724501 -0.0010653125427339 0.00097844132193144 -0.00090157554865419 0.00081872960826257
0.001126098678697 -0.0012943313173707 0.0023136916311443 -0.0049730989195964 0.0024945144521117 -0.0017714006502629 0.0014219777587123 -0.0012474107637323 0.0011580446031009 -0.0010746656439586
-0.00087640800262407 0.0010167741839169 -0.0016040763321114 0.0024945144521117 -0.0039382977531372 0.0025310238917957 -0.0019426768326061 0.0016326065395587 -0.0014497488872681 0.001317559805775
0.00084233666371984 -0.0009643722467433 0.0012888816724501 -0.0017714006502629 0.0025310238917957 -0.0029991341243913 0.0023529954772218 -0.001996436128193 0.0017473539294843 -0.0015758928968027
-0.0007257375360231 0.00083983966305754 -0.0010653125427339 0.0014219777587123 -0.0019426768326061 0.0023529954772218 -0.0025729895984829 0.0022767767851716 -0.0020140121342682 0.0018042222242308
0.00068174010796583 -0.00079477470376895 0.00097844132193144 -0.0012474107637323 0.0016326065395587 -0.001996436128193 0.0022767767851716 -0.0023057876762685 0.0021239697083821 -0.0019428911391029
-0.0005743934881807 0.0007548032248989 -0.00090157554865419 0.0011580446031009 -0.0014497488872681 0.0017473539294843 -0.0020140121342682 0.0021239697083821 -0.0021051160821699 0.0019971466465652
0.00053501503707878 -0.00068224662756664 0.00081872960826257 -0.0010746656439586 0.001317559805775 -0.0015758928968027 0.0018042222242308 -0.0019428911391029 0.0019971466465652 -0.0019659986406581
