3.1415926535898 -0.062594939624495 3.1186511471509 -0.015767878592425 -3.1380414308675 0.02453669762598 -3.0946999095732 0.074724703371921 -3.0329261129255 0.14127002835373
0.062594939624495 3.1415926535898 -0.01231474640276 3.128958301818 0.0018788179950855 -3.1147654669684 0.054842208662511 -3.0543156877688 0.12224983581814 -2.9871822803185
-3.1186511471509 0.01231474640276 3.1415926535898 0.0011735611194033 -3.1288789924788 0.034839982084138 -3.0814916870092 0.088146599386695 -3.0251769975403 0.14159463438739
0.015767878592425 -3.128958301818 -0.0011735611194033 3.1415926535898 0.010074714899771 -3.1120232346322 0.05226422397405 -3.0638036626183 0.10361938673423 -3.0146125116708
3.1380414308675 -0.0018788179950855 3.1288789924788 -0.010074714899771 3.1415926535898 0.017333646292587 -3.1050995678653 0.057732478434867 -3.062603826955 0.09812854223829
-0.02453669762598 3.1147654669684 -0.034839982084138 3.1120232346322 -0.017333646292587 3.1415926535898 0.017598740385996 -3.1051258271614 0.054834395140729 -3.0704445733582
3.0946999095732 -0.054842208662511 3.0814916870092 -0.05226422397405 3.1050995678653 -0.017598740385996 3.1415926535898 0.017996942047155 -3.1067365432798 0.049524383923425
-0.074724703371921 3.0543156877688 -0.088146599386695 3.0638036626183 -0.057732478434867 3.1051258271614 -0.017996942047155 3.1415926535898 0.016165732829184 -3.1116904762858
3.0329261129255 -0.12224983581814 3.0251769975403 -0.10361938673423 3.062603826955 -0.054834395140729 3.1067365432798 -0.016165732829184 3.1415926535898 0.01342420180982
-0.14127002835373 2.9871822803185 -0.14159463438739 3.0146125116708 -0.09812854223829 3.0704445733582 -0.049524383923425 3.1116904762858 -0.01342420180982 3.1415926535898
