0.10150205366108 0.00015867033675388 -0.00013749391612819 0.00011813545541506 -5.6648522874661e-05 8.3797280416383e-05 -6.195167010609e-05 5.4687495711968e-05 -4.6311887649555e-05 4.2713487120979e-05
0.00015867033675388 0.0053567341664261 -1.3532440769974e-05 0.00022732586260238 2.7926365599063e-05 -0.00012576526145116 5.6062787435738e-06 2.7182171958162e-05 4.6201919041082e-06 -2.7790444751441e-05
-0.00013749391612819 -1.3532440769974e-05 0.0064494330783603 -0.00070106237324095 0.00056361594225733 -0.0003807555518955 0.00013638402470776 -4.6023833219427e-05 2.0532207594386e-05 9.0331773847818e-06
0.00011813545541506 0.00022732586260238 -0.00070106237324095 0.0054241833673075 -0.0014356202830906 0.0010132508300528 -0.00067044384705149 0.00046465469782218 -0.00038338323312309 0.00032409149017811
-5.6648522874661e-05 2.7926365599063e-05 0.00056361594225733 -0.0014356202830906 0.0038513748704637 -0.0017661351960579 0.0011325054601239 -0.00082833897954279 0.00062203165831982 -0.00051318602572548
8.3797280416383e-05 -0.00012576526145116 -0.0003807555518955 0.0010132508300528 -0.0017661351960579 0.0025342191119077 -0.0015987268164096 0.0011691508890603 -0.00093825362688665 0.00078977658478022
-6.195167010609e-05 5.6062787435738e-06 0.00013638402470776 -0.00067044384705149 0.0011325054601239 -0.0015987268164096 0.0017938552788058 -0.0013859041815747 0.001157831713631 -0.00098892889620723
5.4687495711968e-05 2.7182171958162e-05 -4.6023833219427e-05 0.00046465469782218 -0.00082833897954279 0.0011691508890603 -0.0013859041815747 0.001370304463674 -0.0012189511132196 0.0010834415294215
-4.6311887649555e-05 4.6201919041082e-06 2.0532207594386e-05 -0.00038338323312309 0.00062203165831982 -0.00093825362688665 0.001157831713631 -0.0012189511132196 0.0012107650451333 -0.0011251441737345
4.2713487120979e-05 -2.7790444751441e-05 9.0331773847818e-06 0.00032409149017811 -0.00051318602572548 0.00078977658478022 -0.00098892889620723 0.0010834415294215 -0.0011251441737345 0.001101080707291
