0 0.46763108307441 -0.98196472951705 1.941176972186 0.35713952331026 -2.3190339323556 0.81990554152094 -2.3695910105059 0.98574877700226 -1.8620467918902
-0.46763108307441 0 3.1247781533966 0.096212013275446 -3.0384539902066 0.24615761630262 -2.9374161381402 0.22334965365368 -2.868930274871 0.26631256059561
0.98196472951705 -3.1247781533966 0 3.1298768335412 0.026637175131495 -3.0897523649912 0.042792452919126 -3.0922080243028 0.073882793791247 -3.0393984395627
-1.941176972186 -0.096212013275446 -3.1298768335412 0 -3.1216177955647 0.042384347392614 -3.0889044997914 0.064833182109781 -3.0617776643902 0.095258676694444
-0.35713952331026 3.0384539902066 -0.026637175131495 3.1216177955647 0 -3.1260091765269 0.025213214479342 -3.106113700762 0.051343174880331 -3.0725644481857
2.3190339323556 -0.24615761630262 3.0897523649912 -0.042384347392614 3.1260091765269 0 -3.1351820678062 0.011876221071991 -3.1212799467011 0.030851344077766
-0.81990554152094 2.9374161381402 -0.042792452919126 3.0889044997914 -0.025213214479342 3.1351820678062 0 -3.1372361033172 0.011578993366432 -3.1209589796877
2.3695910105059 -0.22334965365368 3.0922080243028 -0.064833182109781 3.106113700762 -0.011876221071991 3.1372361033172 0 -3.1330746693518 0.01746805315367
-0.98574877700226 2.868930274871 -0.073882793791247 3.0617776643902 -0.051343174880331 3.1212799467011 -0.011578993366432 3.1330746693518 0 -3.133550283998
1.8620467918902 -0.26631256059561 3.0393984395627 -0.095258676694444 3.0725644481857 -0.030851344077766 3.1209589796877 -0.01746805315367 3.133550283998 0
