0.0055501586107047 0.0036754977188687 0.0036997512060956 0.0038538316683135 0.0040338383452819 0.0042150958456249 0.004389458403158 0.0045535899255853 0.0047061958938568 0.0048469760523397
0.0036754977188687 0.002434431668766 0.0024508525877468 0.0025532956284132 0.002672951568315 0.0027934816278173 0.0029094858522011 0.0030187542910982 0.0031204205315308 0.0032142867048808
0.0036997512060956 0.0024508525877468 0.0024677227272264 0.0025712304872882 0.0026921107962272 0.0028139182770064 0.0029312122588369 0.0030417673829354 0.0031447026003407 0.0032398193469387
0.0038538316683135 0.0025532956284132 0.0025712304872882 0.0026794679233878 0.002805852256568 0.0029332572591882 0.0030560091159124 0.0031717889207091 0.0032796701844859 0.0033794461872911
0.0040338383452819 0.002672951568315 0.0026921107962272 0.002805852256568 0.0029386518363125 0.0030725765878781 0.0032016884801125 0.0033235570667365 0.0034372033785621 0.0035424108761518
0.0042150958456249 0.0027934816278173 0.0028139182770064 0.0029332572591882 0.0030725765878781 0.0032131447493116 0.0033487442668069 0.0034768372751279 0.0035963904674646 0.0037071784574061
0.004389458403158 0.0029094858522011 0.0029312122588369 0.0030560091159124 0.0032016884801125 0.0033487442668069 0.0034907032367373 0.0036249033206881 0.003750274117225 0.0038665763594885
0.0045535899255853 0.0030187542910982 0.0030417673829354 0.0031717889207091 0.0033235570667365 0.0034768372751279 0.0036249033206881 0.0037650080886962 0.0038960139933257 0.0040176781791833
0.0047061958938568 0.0031204205315308 0.0031447026003407 0.0032796701844859 0.0034372033785621 0.0035963904674646 0.003750274117225 0.0038960139933257 0.0040324237855717 0.0041592511569289
0.0048469760523397 0.0032142867048808 0.0032398193469387 0.0033794461872911 0.0035424108761518 0.0037071784574061 0.0038665763594885 0.0040176781791833 0.0041592511569289 0.0042910380240612
