0.0002012909323322 0.0010355907428764 0.0010302363510307 0.00089417658136959 0.00077116553531122 0.00067905677459865 0.00062680868495752 0.00059112309081546 0.0005631207564286 0.00054188727107347
0.0010355907428764 0.00050633560894712 0.00035123783035469 0.00029560705799775 0.00025892473193841 0.00022672881019282 0.00020873805923126 0.00019732993213223 0.00018880824427668 0.00018302081740732
0.0010302363510307 0.00035123783035469 0.00045375045582578 0.00031638257309213 0.00024843889247186 0.00021108968372299 0.00019713119955861 0.00018824728792151 0.00018124689393733 0.00017589085195111
0.00089417658136959 0.00029560705799775 0.00031638257309213 0.00035454203027876 0.0002744676983761 0.00022813272649584 0.0002047032086293 0.00019034344425973 0.00018025889281249 0.00017287532590657
0.00077116553531122 0.00025892473193841 0.00024843889247186 0.0002744676983761 0.00027461479221392 0.00023069712078214 0.00020743824862571 0.00019240810235069 0.00018131135362272 0.00017300488814504
0.00067905677459865 0.00022672881019282 0.00021108968372299 0.00022813272649584 0.00023069712078214 0.00021470856433494 0.00019785683010201 0.00018448747955288 0.00017435695860297 0.00016658879241083
0.00062680868495752 0.00020873805923126 0.00019713119955861 0.0002047032086293 0.00020743824862571 0.00019785683010201 0.00019031904336227 0.00018108379181755 0.00017304398866099 0.0001663409150926
0.00059112309081546 0.00019732993213223 0.00018824728792151 0.00019034344425973 0.00019240810235069 0.00018448747955288 0.00018108379181755 0.0001756835583854 0.00016995435865046 0.00016452985827562
0.0005631207564286 0.00018880824427668 0.00018124689393733 0.00018025889281249 0.00018131135362272 0.00017435695860297 0.00017304398866099 0.00016995435865046 0.00016614543260742 0.00016199683095803
0.00054188727107347 0.00018302081740732 0.00017589085195111 0.00017287532590657 0.00017300488814504 0.00016658879241083 0.0001663409150926 0.00016452985827562 0.00016199683095803 0.00015889695732404
