0.1014029416833 0.00046036021278307 -0.000356960875343 0.00031889328172883 -0.00027584065773215 0.00022832073849317 -0.00019342869252779 0.00017126558715969 -0.00015428871476921 0.00014119309142272
0.00046036021278307 0.0086059735278837 -0.00081595843242363 0.00092027186364401 -0.00042926419039591 0.00018973462573933 -3.5142999283814e-05 -3.7993809348984e-05 7.473382164232e-05 -9.5434244748421e-05
-0.000356960875343 -0.00081595843242363 0.0091197232554644 -0.0030447045976873 0.0022014580018462 -0.0014055270298079 0.0010474472851244 -0.00081508956244133 0.00064473242609741 -0.00053385219855399
0.00031889328172883 0.00092027186364401 -0.0030447045976873 0.0071718110390396 -0.0037810895406066 0.0027184965597927 -0.0019525258947453 0.0015065495083517 -0.0012000528785198 0.00096561808866525
-0.00027584065773215 -0.00042926419039591 0.0022014580018462 -0.0037810895406066 0.0052857504338548 -0.0040717625140033 0.0032657307795846 -0.002689141873349 0.0022512982421494 -0.0019251620542736
0.00022832073849317 0.00018973462573933 -0.0014055270298079 0.0027184965597927 -0.0040717625140033 0.0043019664638758 -0.0037580662178397 0.003271503224748 -0.0028421421202803 0.0024902653211043
-0.00019342869252779 -3.5142999283814e-05 0.0010474472851244 -0.0019525258947453 0.0032657307795846 -0.0037580662178397 0.0037246148775789 -0.0034339557466159 0.0031038003602001 -0.0027937079127177
0.00017126558715969 -3.7993809348984e-05 -0.00081508956244133 0.0015065495083517 -0.002689141873349 0.003271503224748 -0.0034339557466159 0.0033536205206057 -0.0031436985536256 0.0029065939736715
-0.00015428871476921 7.473382164232e-05 0.00064473242609741 -0.0012000528785198 0.0022512982421494 -0.0028421421202803 0.0031038003602001 -0.0031436985536256 0.0030471190174445 -0.0028888564254711
0.00014119309142272 -9.5434244748421e-05 -0.00053385219855399 0.00096561808866525 -0.0019251620542736 0.0024902653211043 -0.0027937079127177 0.0029065939736715 -0.0028888564254711 0.0027999775326298
