0.011228058735448 -0.0024967854660308 0.0019491851686421 -0.0016000254876491 0.001250642446232 -0.0011482085275801 0.0010087111119404 -0.00087175283773695 0.00074579817953488 -0.00064622134277255
-0.0024967854660308 0.0089002523105138 -0.0024019843012664 0.0017216072886812 -0.0013886933336061 0.0011881979856241 -0.0010225378144561 0.00087526580645155 -0.00074768700372437 0.00064544901745963
0.0019491851686421 -0.0024019843012664 0.0069416833721809 -0.002884894250498 0.0019919434750843 -0.0016177809477607 0.0013194799296178 -0.001131495211134 0.00098207756916731 -0.00086368337541297
-0.0016000254876491 0.0017216072886812 -0.002884894250498 0.0047151844494786 -0.0028594558884071 0.0021606839878074 -0.0017449018874439 0.0014663507887124 -0.0012589901217905 0.0010929687197094
0.001250642446232 -0.0013886933336061 0.0019919434750843 -0.0028594558884071 0.0033568577568249 -0.002543647460858 0.0020668660318842 -0.0017449635942744 0.0014959243515658 -0.0012982196965993
-0.0011482085275801 0.0011881979856241 -0.0016177809477607 0.0021606839878074 -0.002543647460858 0.0025335546901038 -0.0021978016429905 0.0019195030512693 -0.001683295433846 0.001490834190963
0.0010087111119404 -0.0010225378144561 0.0013194799296178 -0.0017449018874439 0.0020668660318842 -0.0021978016429905 0.0021314859929435 -0.0019431345511565 0.0017530087755113 -0.0015847731337358
-0.00087175283773695 0.00087526580645155 -0.001131495211134 0.0014663507887124 -0.0017449635942744 0.0019195030512693 -0.0019431345511565 0.0018640843065605 -0.0017310241266556 0.0015980527129739
0.00074579817953488 -0.00074768700372437 0.00098207756916731 -0.0012589901217905 0.0014959243515658 -0.001683295433846 0.0017530087755113 -0.0017310241266556 0.0016570456282299 -0.0015626875371258
-0.00064622134277255 0.00064544901745963 -0.00086368337541297 0.0010929687197094 -0.0012982196965993 0.001490834190963 -0.0015847731337358 0.0015980527129739 -0.0015626875371258 0.0015030092385228
