-0.00032706409540015 -0.00090074019428566 0.00051003258596989 -0.00045044062534054 0.00035440598662969 -0.00030715512945178 0.000266163345247 -0.00022835821545711 0.00020711105965687 -0.00019172696609211
-0.00090074019428566 -0.0070998195035822 0.0012180399953019 -0.0011130456245479 0.00088529082165217 -0.00076690423787915 0.00067096858656071 -0.00058160985305153 0.0005454040388337 -0.0005160449137541
0.00051003258596989 0.0012180399953019 -0.0070252859632672 0.0023258610580033 -0.0016007990030606 0.0012084104960769 -0.0010451463801877 0.00089603679850805 -0.00081106686486781 0.00072407183978314
-0.00045044062534054 -0.0011130456245479 0.0023258610580033 -0.005527182682294 0.0025504996399819 -0.0017816826966629 0.0014901714304449 -0.0012265579814097 0.0010506894057263 -0.00092075569983254
0.00035440598662969 0.00088529082165217 -0.0016007990030606 0.0025504996399819 -0.003758819027913 0.0025036157311188 -0.001935629541745 0.0015918071448557 -0.0013549125023238 0.0011829601772911
-0.00030715512945178 -0.00076690423787915 0.0012084104960769 -0.0017816826966629 0.0025036157311188 -0.0028566829076909 0.002297174373036 -0.0019056813606963 0.0016445393987439 -0.0014418080970995
0.000266163345247 0.00067096858656071 -0.0010451463801877 0.0014901714304449 -0.001935629541745 0.002297174373036 -0.0022927187782024 0.0020091109449484 -0.001775523144917 0.001585079384101
-0.00022835821545711 -0.00058160985305153 0.00089603679850805 -0.0012265579814097 0.0015918071448557 -0.0019056813606963 0.0020091109449484 -0.0019280898742503 0.0017663580706664 -0.0016116929617321
0.00020711105965687 0.0005454040388337 -0.00081106686486781 0.0010506894057263 -0.0013549125023238 0.0016445393987439 -0.001775523144917 0.0017663580706664 -0.0016905132030554 0.0015805921999532
-0.00019172696609211 -0.0005160449137541 0.00072407183978314 -0.00092075569983254 0.0011829601772911 -0.0014418080970995 0.001585079384101 -0.0016116929617321 0.0015805921999532 -0.0015151371335222
