0.010094131063863 -0.0018606305502195 0.001442578064129 -0.0011239118241887 0.0010068740075445 -0.00092390092037985 0.00077013368402166 -0.00068742522212649 0.00061203672650164 -0.00053285142768405
-0.0018606305502195 0.0081517280388272 -0.0018682933077836 0.001234646810674 -0.00088107380250402 0.0007473430719135 -0.00057227362934146 0.00050071812619451 -0.00044341572414061 0.00039549315853616
0.001442578064129 -0.0018682933077836 0.0065907069434117 -0.0024617595925196 0.001630374773412 -0.0011839454788048 0.00094287076990545 -0.0008009093183391 0.00069181564278923 -0.000599402122914
-0.0011239118241887 0.001234646810674 -0.0024617595925196 0.0044170666872087 -0.0025173923729375 0.0018326466607016 -0.0014214649594395 0.0011729139252207 -0.00099158587826315 0.00084693007214496
0.0010068740075445 -0.00088107380250402 0.001630374773412 -0.0025173923729375 0.0030393285348168 -0.0022166471402502 0.0017592806530539 -0.0014534211516018 0.0012384587730436 -0.0010708986178257
-0.00092390092037985 0.0007473430719135 -0.0011839454788048 0.0018326466607016 -0.0022166471402502 0.0022713857857117 -0.001921392359134 0.001650440442939 -0.0014382910659643 0.0012700980624051
0.00077013368402166 -0.00057227362934146 0.00094287076990545 -0.0014214649594395 0.0017592806530539 -0.001921392359134 0.0018630879442767 -0.0016790318568392 0.0015083039110732 -0.0013579650237762
-0.00068742522212649 0.00050071812619451 -0.0008009093183391 0.0011729139252207 -0.0014534211516018 0.001650440442939 -0.0016790318568392 0.0016100674110024 -0.0014976222793342 0.001382391347481
0.00061203672650164 -0.00044341572414061 0.00069181564278923 -0.00099158587826315 0.0012384587730436 -0.0014382910659643 0.0015083039110732 -0.0014976222793342 0.0014449196039636 -0.0013671228740544
-0.00053285142768405 0.00039549315853616 -0.000599402122914 0.00084693007214496 -0.0010708986178257 0.0012700980624051 -0.0013579650237762 0.001382391347481 -0.0013671228740544 0.0013226454669162
