0.040296289266376 -0.01616956258335 0.011862255987456 -0.0086102591823247 0.0074010134773536 -0.0062276352044228 0.0053283520719801 -0.0046933577993143 0.0041928759082697 -0.0037901281399877
-0.01616956258335 0.021715768925457 -0.010793806255971 0.0078596887992814 -0.0063925569770177 0.0054292813606306 -0.0047119996057106 0.0041792385867712 -0.0037593902856495 0.0034228984699111
0.011862255987456 -0.010793806255971 0.017096572803662 -0.010032096628148 0.007966683420575 -0.00662017378936 0.0057235043331947 -0.0050309832777318 0.0044737671241982 -0.004021098242269
-0.0086102591823247 0.0078596887992814 -0.010032096628148 0.012209775715285 -0.0090840595071346 0.0074548865258771 -0.0063318073303833 0.0055378197750683 -0.0049166508606703 0.0044170043756862
0.0074010134773536 -0.0063925569770177 0.007966683420575 -0.0090840595071346 0.0097221252970878 -0.0082799435338595 0.0071972389154569 -0.0063648333072695 0.0056928810173555 -0.0051390657066854
-0.0062276352044228 0.0054292813606306 -0.00662017378936 0.0074548865258771 -0.0082799435338595 0.0080894358818227 -0.0073608050782879 0.0066679235336162 -0.006052435793791 0.005522722539039
0.0053283520719801 -0.0047119996057106 0.0057235043331947 -0.0063318073303833 0.0071972389154569 -0.0073608050782879 0.0071277713154983 -0.0066944793965674 0.0062251698020689 -0.0057782300992276
-0.0046933577993143 0.0041792385867712 -0.0050309832777318 0.0055378197750683 -0.0063648333072695 0.0066679235336162 -0.0066944793965674 0.0065051340435584 -0.0062040839214547 0.0058708887418587
0.0041928759082697 -0.0037593902856495 0.0044737671241982 -0.0049166508606703 0.0056928810173555 -0.006052435793791 0.0062251698020689 -0.0062040839214547 0.0060485560608642 -0.0058281778290171
-0.0037901281399877 0.0034228984699111 -0.004021098242269 0.0044170043756862 -0.0051390657066854 0.005522722539039 -0.0057782300992276 0.0058708887418587 -0.0058281778290171 0.0057056490495037
