0.0004547191693937 0.00039657787806453 0.0003501860438891 0.00029062973994748 0.00024882100620305 0.00021759671307479 0.00019979015566304 0.00018819330534492 0.00017957709807047 0.00017293504022966
0.00039657787806453 0.00033345379546358 0.00028396096254069 0.00024405359982949 0.00020774567553754 0.00018028369485154 0.00016620314596838 0.00015854760704998 0.00015237641232007 0.00014782127533605
0.0003501860438891 0.00028396096254069 0.0002465895342559 0.000205475203291 0.00017753543905961 0.00015594440644695 0.00014279469420703 0.00013611299389393 0.00013033230198852 0.00012591723469805
0.00029062973994748 0.00024405359982949 0.000205475203291 0.0001711682598341 0.00015039922590092 0.00013144050957487 0.00012033918652501 0.00011330337614854 0.00010783904496815 0.00010364181185323
0.00024882100620305 0.00020774567553754 0.00017753543905961 0.00015039922590092 0.00013016292115227 0.00011405078555231 0.00010456948310004 9.9162668263808e-05 9.5051845008274e-05 9.1906298146455e-05
0.00021759671307479 0.00018028369485154 0.00015594440644695 0.00013144050957487 0.00011405078555231 9.9907044571668e-05 9.2130792389339e-05 8.8276914238571e-05 8.5421535243211e-05 8.3211337329615e-05
0.00019979015566304 0.00016620314596838 0.00014279469420703 0.00012033918652501 0.00010456948310004 9.2130792389339e-05 8.4720124018871e-05 8.1442881505405e-05 7.9156930875228e-05 7.7433974855215e-05
0.00018819330534492 0.00015854760704998 0.00013611299389393 0.00011330337614854 9.9162668263808e-05 8.8276914238571e-05 8.1442881505405e-05 7.8523866937865e-05 7.6528213775329e-05 7.5039145081977e-05
0.00017957709807047 0.00015237641232007 0.00013033230198852 0.00010783904496815 9.5051845008274e-05 8.5421535243211e-05 7.9156930875228e-05 7.6528213775329e-05 7.4698349963229e-05 7.3334627812244e-05
0.00017293504022966 0.00014782127533605 0.00012591723469805 0.00010364181185323 9.1906298146455e-05 8.3211337329615e-05 7.7433974855215e-05 7.5039145081977e-05 7.3334627812244e-05 7.2037639052314e-05
