0.00024276885059329 0.00054324355534435 0.00036238178909329 0.00027650899017398 0.00026084407928699 0.00022238738168934 0.00020338784607569 0.00016538352484282 0.00015393019043398 0.00014047492648174 0.00012622699634683 0.00011436850448593 0.00010724001079698 0.00010172423455265 9.794043808103e-05 9.4592081538054e-05 9.0505791791461e-05 8.8939664289341e-05 8.7362417479629e-05 8.9318117482672e-05
0.00054324355534435 0.0053334508247848 0.00086656697393876 0.00049516194661485 0.00054295491637795 0.00047225739709268 0.00041953587152907 0.00038597143315389 0.00032722654290591 0.00029807718762377 0.00026917648426242 0.00022989559290164 0.00021857521082515 0.00019619393720628 0.00018494756099817 0.0001743192679857 0.00014434979785261 0.00015510255660588 0.00015065475603615 0.0001664798609012
0.00036238178909329 0.00086656697393876 0.0058282213745123 0.0013084208399939 0.0010715645581027 0.00089267668563386 0.00074661834638232 0.00057484913877881 0.00052600225206787 0.00050451647142892 0.00046037014970987 0.00043032901469951 0.00040588276245913 0.00038417502848432 0.00035902570008921 0.00033516493165676 0.00032234880915866 0.00029526514304898 0.00028064171852837 0.00029153504226377
0.00027650899017398 0.00049516194661485 0.0013084208399939 0.0054655388837454 0.0021067171311859 0.0012480582224326 0.0010562839688617 0.00087552097161028 0.00076398349067587 0.00068098509509645 0.00063969421744784 0.00057403295557679 0.0005219249223953 0.00048107826233657 0.00044331016779857 0.00041012395051141 0.00038305536149967 0.00035973642293053 0.00033683590316791 0.00032134641592962
0.00026084407928699 0.00054295491637795 0.0010715645581027 0.0021067171311859 0.0042613416771136 0.0021706256371136 0.0017572851367072 0.0015156576227623 0.0012583016225707 0.0011320117493178 0.0010032372546993 0.00090286452388855 0.00081712560987178 0.00074563817956911 0.00068858673676748 0.00063766242466603 0.00059204395239194 0.00055996986378094 0.00052564719731058 0.00049068235825952
0.00022238738168934 0.00047225739709268 0.00089267668563386 0.0012480582224326 0.0021706256371136 0.0033373768046751 0.0023673398859491 0.0019322007487803 0.0016426465948332 0.0014400498051109 0.0012779125205118 0.0011431464752369 0.0010307036294812 0.00095225913528402 0.00087685508871308 0.00081299050112848 0.00075362126785912 0.00071943042043533 0.00067173864461913 0.00063714138969922
0.00020338784607569 0.00041953587152907 0.00074661834638232 0.0010562839688617 0.0017572851367072 0.0023673398859491 0.0028309157427401 0.0022856335930955 0.0019420386778692 0.0017274443360874 0.0015432672693099 0.0013929742191484 0.0012661131360002 0.0011718384741265 0.0010848020303581 0.0010083989825433 0.00094757896894393 0.00088855642484738 0.00083275504971799 0.00079858868786337
0.00016538352484282 0.00038597143315389 0.00057484913877881 0.00087552097161028 0.0015156576227623 0.0019322007487803 0.0022856335930955 0.0023375663090018 0.0020260883926433 0.0018247477715778 0.001652795540822 0.0015046402612974 0.0013774353502329 0.001278993170015 0.0011902240136266 0.0011112684142059 0.0010412096391228 0.00098575797741507 0.00092766818338518 0.00088836880039032
0.00015393019043398 0.00032722654290591 0.00052600225206787 0.00076398349067587 0.0012583016225707 0.0016426465948332 0.0019420386778692 0.0020260883926433 0.0019717494439961 0.0018355831548656 0.0016959826405559 0.0015698266900621 0.0014566191839001 0.0013652531098008 0.0012789514492104 0.0012017974152458 0.0011333277173949 0.0010751727948361 0.0010154567617697 0.00097460921141789
0.00014047492648174 0.00029807718762377 0.00050451647142892 0.00068098509509645 0.0011320117493178 0.0014400498051109 0.0017274443360874 0.0018247477715778 0.0018355831548656 0.0018144856689621 0.0017144500202218 0.0016129733270885 0.0015162345667348 0.0014337518235445 0.0013537185372719 0.0012796117031455 0.0012130122254455 0.0011554350830679 0.0010951181063917 0.001052944811316
0.00012622699634683 0.00026917648426242 0.00046037014970987 0.00063969421744784 0.0010032372546993 0.0012779125205118 0.0015432672693099 0.001652795540822 0.0016959826405559 0.0017144500202218 0.0016748409402279 0.0016022742376672 0.0015250381233197 0.00145418170101 0.0013824136785724 0.0013140120347625 0.0012484438714827 0.0011959090947726 0.0011370951273226 0.0010955026469345
0.00011436850448593 0.00022989559290164 0.00043032901469951 0.00057403295557679 0.00090286452388855 0.0011431464752369 0.0013929742191484 0.0015046402612974 0.0015698266900621 0.0016129733270885 0.0016022742376672 0.0015636113372921 0.0015075140686441 0.0014504488337254 0.0013892911898343 0.0013289354534271 0.0012699471549413 0.0012206866494074 0.0011654111360242 0.001126199448645
0.00010724001079698 0.00021857521082515 0.00040588276245913 0.0005219249223953 0.00081712560987178 0.0010307036294812 0.0012661131360002 0.0013774353502329 0.0014566191839001 0.0015162345667348 0.0015250381233197 0.0015075140686441 0.00147703510601 0.0014300212270191 0.0013797341332153 0.0013279092254924 0.0012763240864291 0.0012311382895974 0.0011801059508516 0.0011438828350077
0.00010172423455265 0.00019619393720628 0.00038417502848432 0.00048107826233657 0.00074563817956911 0.00095225913528402 0.0011718384741265 0.001278993170015 0.0013652531098008 0.0014337518235445 0.00145418170101 0.0014504488337254 0.0014300212270191 0.0014013125515241 0.0013618680834074 0.0013188942250402 0.0012744219246065 0.0012347756742946 0.0011887766759718 0.0011561600310749
9.794043808103e-05 0.00018494756099817 0.00035902570008921 0.00044331016779857 0.00068858673676748 0.00087685508871308 0.0010848020303581 0.0011902240136266 0.0012789514492104 0.0013537185372719 0.0013824136785724 0.0013892911898343 0.0013797341332153 0.0013618680834074 0.0013325531331629 0.001298028565199 0.0012603539576966 0.0012264418471039 0.0011856230221306 0.0011570022078978
9.4592081538054e-05 0.0001743192679857 0.00033516493165676 0.00041012395051141 0.00063766242466603 0.00081299050112848 0.0010083989825433 0.0011112684142059 0.0012017974152458 0.0012796117031455 0.0013140120347625 0.0013289354534271 0.0013279092254924 0.0013188942250402 0.001298028565199 0.0012713329570216 0.0012403365804439 0.0012118923786103 0.0011761786908808 0.0011513428621461
9.0505791791461e-05 0.00014434979785261 0.00032234880915866 0.00038305536149967 0.00059204395239194 0.00075362126785912 0.00094757896894393 0.0010412096391228 0.0011333277173949 0.0012130122254455 0.0012484438714827 0.0012699471549413 0.0012763240864291 0.0012744219246065 0.0012603539576966 0.0012403365804439 0.0012566673234957 0.0011921340195625 0.0011612629525661 0.0011399892251977
8.8939664289341e-05 0.00015510255660588 0.00029526514304898 0.00035973642293053 0.00055996986378094 0.00071943042043533 0.00088855642484738 0.00098575797741507 0.0010751727948361 0.0011554350830679 0.0011959090947726 0.0012206866494074 0.0012311382895974 0.0012347756742946 0.0012264418471039 0.0012118923786103 0.0011921340195625 0.0011764487476539 0.0011466971862032 0.0011268521333401
8.7362417479629e-05 0.00015065475603615 0.00028064171852837 0.00033683590316791 0.00052564719731058 0.00067173864461913 0.00083275504971799 0.00092766818338518 0.0010154567617697 0.0010951181063917 0.0011370951273226 0.0011654111360242 0.0011801059508516 0.0011887766759718 0.0011856230221306 0.0011761786908808 0.0011612629525661 0.0011466971862032 0.001124592187578 0.0011097331119094
8.9318117482672e-05 0.0001664798609012 0.00029153504226377 0.00032134641592962 0.00049068235825952 0.00063714138969922 0.00079858868786337 0.00088836880039032 0.00097460921141789 0.001052944811316 0.0010955026469345 0.001126199448645 0.0011438828350077 0.0011561600310749 0.0011570022078978 0.0011513428621461 0.0011399892251977 0.0011268521333401 0.0011097331119094 0.0011159481584949
