3.1415926535898 -0.092598667106369 2.9324329589237 -0.040128665911621 2.1617016924489 -1.332466251161 1.6038438097598 -1.7768518816572 0.96280641682188 -2.5375161652871
0.092598667106369 3.1415926535898 0.13507195515212 -2.7702814977102 0.446087745809 -2.6191037150338 0.57149827641775 -2.5145162482958 0.70700476321925 -2.3507987289593
-2.9324329589237 -0.13507195515212 3.1415926535898 0.076469259816726 -3.0733498735252 0.06760204161565 -3.1126334109033 -0.024347967108343 3.0705886340807 -0.11983995030161
0.040128665911621 2.7702814977102 -0.076469259816726 3.1415926535898 -0.01042776597275 3.1373834626833 -0.011344897273062 3.1204014628363 -0.028749030165143 3.1059926283315
-2.1617016924489 -0.446087745809 3.0733498735252 0.01042776597275 3.1415926535898 0.017021577248683 -3.1242603860888 0.014813433434543 -3.1289378095052 0.010908137487969
1.332466251161 2.6191037150338 -0.06760204161565 -3.1373834626833 -0.017021577248683 3.1415926535898 0.0034386674379796 -3.1360759695075 0.0066332849603815 -3.1336087176722
-1.6038438097598 -0.57149827641775 3.1126334109033 0.011344897273062 3.1242603860888 -0.0034386674379796 3.1415926535898 0.0042449959012168 -3.1344632461022 0.010022565204978
1.7768518816572 2.5145162482958 0.024347967108343 -3.1204014628363 -0.014813433434543 3.1360759695075 -0.0042449959012168 3.1415926535898 0.0028358651241886 -3.1361521410395
-0.96280641682188 -0.70700476321925 -3.0705886340807 0.028749030165143 3.1289378095052 -0.0066332849603815 3.1344632461022 -0.0028358651241886 3.1415926535898 0.0022868930817083
2.5375161652871 2.3507987289593 0.11983995030161 -3.1059926283315 -0.010908137487969 3.1336087176722 -0.010022565204978 3.1361521410395 -0.0022868930817083 3.1415926535898
