-0.012636969252526 0.0012064580687261 -0.00065197723389879 0.00035937968142384 -0.00024660961435813 0.0002302489125885 -0.00021565802638182 0.00018985898273473 -0.00016398398477365 0.00013779041294544
0.0012064580687261 -0.0087951003517442 0.0025572590720141 -0.0016090352743795 0.0011222349005557 -0.00085711567631614 0.00066975363108641 -0.00052432853118304 0.00041389512575533 -0.00032417964577053
-0.00065197723389879 0.0025572590720141 -0.0059484431675237 0.0032254956402938 -0.0022699812503272 0.0017243589678228 -0.0013894906177994 0.0011525394399103 -0.00097797390001967 0.00084846464257763
0.00035937968142384 -0.0016090352743795 0.0032254956402938 -0.0039916753371859 0.0029917291140863 -0.0024089047088157 0.0020047461805711 -0.0017098076762086 0.0014886055668597 -0.0013199910693487
-0.00024660961435813 0.0011222349005557 -0.0022699812503272 0.0029917291140863 -0.0030798192750689 0.0026736551578826 -0.0023258911106773 0.002037722189984 -0.0018096144035725 0.0016283853808747
0.0002302489125885 -0.00085711567631614 0.0017243589678228 -0.0024089047088157 0.0026736551578826 -0.0026289482397413 0.0024181666737774 -0.002198454670753 0.0020025166048158 -0.0018356241114931
-0.00021565802638182 0.00066975363108641 -0.0013894906177994 0.0020047461805711 -0.0023258911106773 0.0024181666737774 -0.0023563242475179 0.0022188916340474 -0.0020717939351794 0.0019329264572894
0.00018985898273473 -0.00052432853118304 0.0011525394399103 -0.0017098076762086 0.002037722189984 -0.002198454670753 0.0022188916340474 -0.0021566960674418 0.0020595808140347 -0.0019541523977773
-0.00016398398477365 0.00041389512575533 -0.00097797390001967 0.0014886055668597 -0.0018096144035725 0.0020025166048158 -0.0020717939351794 0.0020595808140347 -0.0020063722530642 0.0019329141645961
0.00013779041294544 -0.00032417964577053 0.00084846464257763 -0.0013199910693487 0.0016283853808747 -0.0018356241114931 0.0019329264572894 -0.0019541523977773 0.0019329141645961 -0.0018866333015796
