-0.010763630732036 0.0014411475669635 -0.0002684697626621 0.000485433309919 -0.00019626564369811 -3.0552035865681e-05 4.6618866700543e-05 -0.00010257026778663 0.00012835150720991 -0.00015312100120134
0.0014411475669635 -0.0067833883497295 0.0012483933309083 -0.00070186538385626 0.00037523487529454 -0.00023072184694718 0.00016870973215536 -9.1848041244053e-05 6.2521403822001e-05 -4.3002700416133e-05
-0.0002684697626621 0.0012483933309083 -0.0041875083556474 0.0021957435961432 -0.001480241406892 0.0011879271209188 -0.0009570771544697 0.00081005590276067 -0.00068215652054917 0.00057855126759151
0.000485433309919 -0.00070186538385626 0.0021957435961432 -0.0032273486742246 0.0023865387801446 -0.0019894364264106 0.0016686433715812 -0.0014176657346356 0.0012231344572835 -0.0010590352750946
-0.00019626564369811 0.00037523487529454 -0.001480241406892 0.0023865387801446 -0.0027513211975994 0.0024024656887889 -0.0021236125878893 0.0018424812979158 -0.0016127694546568 0.0014225064821164
-3.0552035865681e-05 -0.00023072184694718 0.0011879271209188 -0.0019894364264106 0.0024024656887889 -0.0024497203758791 0.0022651544014428 -0.0020406337611684 0.0018361991464128 -0.0016559459381215
4.6618866700543e-05 0.00016870973215536 -0.0009570771544697 0.0016686433715812 -0.0021236125878893 0.0022651544014428 -0.0022274939558447 0.002071167529364 -0.0019118593103652 0.0017588477854035
-0.00010257026778663 -9.1848041244053e-05 0.00081005590276067 -0.0014176657346356 0.0018424812979158 -0.0020406337611684 0.002071167529364 -0.0019886855027995 0.001873950323285 -0.0017529067809312
0.00012835150720991 6.2521403822001e-05 -0.00068215652054917 0.0012231344572835 -0.0016127694546568 0.0018361991464128 -0.0019118593103652 0.001873950323285 -0.0017981667854846 0.0017063859898956
-0.00015312100120134 -4.3002700416133e-05 0.00057855126759151 -0.0010590352750946 0.0014225064821164 -0.0016559459381215 0.0017588477854035 -0.0017529067809312 0.0017063859898956 -0.0016407885257262
