0.0027159246689253 0.0013567894048268 0.0010784867092085 0.00098722122337648 0.00090970642061336 0.00087236767898213 0.00084530340085903 0.00081905585537177 0.00079918400848757 0.00078537230643627
0.0013567894048268 0.0006725928216523 0.00056197681609652 0.00054035540233477 0.00049063935483467 0.00045730092185798 0.00043447912185716 0.00041500838246678 0.00040092566909157 0.00039058046516827
0.0010784867092085 0.00056197681609652 0.00043564801340151 0.00042243139585572 0.00038889175679101 0.00036588602590171 0.00034673411296388 0.00033059509199244 0.00031959530844451 0.00031166273858718
0.00098722122337648 0.00054035540233477 0.00042243139585572 0.00040123867867474 0.00036370634960806 0.00033846835321283 0.0003184930170358 0.00030153755588429 0.00028983684657376 0.00028143174761928
0.00090970642061336 0.00049063935483467 0.00038889175679101 0.00036370634960806 0.00033351717124447 0.00031210274149605 0.00029401739004657 0.00027825369141452 0.0002675009189942 0.00025979732698878
0.00087236767898213 0.00045730092185798 0.00036588602590171 0.00033846835321283 0.00031210274149605 0.00029343254749812 0.00027745047183508 0.00026344730551349 0.00025409290386267 0.00024751378943639
0.00084530340085903 0.00043447912185716 0.00034673411296388 0.0003184930170358 0.00029401739004657 0.00027745047183508 0.00026389486768777 0.00025217165182094 0.000244656328745 0.00023954992734379
0.00081905585537177 0.00041500838246678 0.00033059509199244 0.00030153755588429 0.00027825369141452 0.00026344730551349 0.00025217165182094 0.00024269923256739 0.0002369910538825 0.00023331244247377
0.00079918400848757 0.00040092566909157 0.00031959530844451 0.00028983684657376 0.0002675009189942 0.00025409290386267 0.000244656328745 0.0002369910538825 0.00023267128104807 0.0002300494728545
0.00078537230643627 0.00039058046516827 0.00031166273858718 0.00028143174761928 0.00025979732698878 0.00024751378943639 0.00023954992734379 0.00023331244247377 0.0002300494728545 0.00022823112841646
