0.00017759229793539 0.00088434460916581 0.00095133175336573 0.00082531009190208 0.00070467163782962 0.0006110248125213 0.00054055905833713 0.00049323159141403 0.00046635282163963 0.00044601425382736
0.00088434460916581 0.00035953137027711 0.00025686587244138 0.00022405358582955 0.0001831480624685 0.00016548355999219 0.00014369346485423 0.00013262836220737 0.00012662437419884 0.00012174495326382
0.00095133175336573 0.00025686587244138 0.00039588031534355 0.0002674975625834 0.00021869623078151 0.00019498564254341 0.00016952379597227 0.00015426198995255 0.00014512972845586 0.00013722006156631
0.00082531009190208 0.00022405358582955 0.0002674975625834 0.00031063896188395 0.00021340925806112 0.0001775992369446 0.00015828747050621 0.00014424130557105 0.00013731809922442 0.00013102803317865
0.00070467163782962 0.0001831480624685 0.00021869623078151 0.00021340925806112 0.00020783332759535 0.00016122446644521 0.00013425344779861 0.00012024516131486 0.00011274490517511 0.00010682633657554
0.0006110248125213 0.00016548355999219 0.00019498564254341 0.0001775992369446 0.00016122446644521 0.00016109963027568 0.00013506089972811 0.00012095573103254 0.00011309416393403 0.00010631845757026
0.00054055905833713 0.00014369346485423 0.00016952379597227 0.00015828747050621 0.00013425344779861 0.00013506089972811 0.00012728242221479 0.00011702573175863 0.00011030348254544 0.00010399842053772
0.00049323159141403 0.00013262836220737 0.00015426198995255 0.00014424130557105 0.00012024516131486 0.00012095573103254 0.00011702573175863 0.00011146392561536 0.00010668879898203 0.00010139882894988
0.00046635282163963 0.00012662437419884 0.00014512972845586 0.00013731809922442 0.00011274490517511 0.00011309416393403 0.00011030348254544 0.00010668879898203 0.00010389793996624 9.9873956952526e-05
0.00044601425382736 0.00012174495326382 0.00013722006156631 0.00013102803317865 0.00010682633657554 0.00010631845757026 0.00010399842053772 0.00010139882894988 9.9873956952526e-05 9.7195609465331e-05
