0.010282881923907 0.0012982119697031 0.00064374605230909 0.00049610872092187 0.00034834611876422 0.00040886487008899 0.00035055035665603 0.00036190320987206 0.00032299903412046 0.00026852501671996 0.00023057994426782 0.00021638187683833 0.00020931894521495 0.00019852022175617 0.00019214322663166 0.00020323217021575 0.00018266261832654 0.00017997100444413 0.00017857893474583 0.00018158448268205
0.0012982119697031 0.0052109082730516 0.0011481673386583 0.00097479419181751 0.00064040221521412 0.00040022433303598 0.00034115690624837 0.00027395844520916 0.00023370306081238 0.00019326081756594 0.00015467887521542 0.00012572404196011 0.00010874142815198 9.1136756612978e-05 7.9947633332903e-05 6.0038061995336e-05 6.9398022744209e-05 6.7632973799463e-05 6.7890117122291e-05 6.5002801330045e-05
0.00064374605230909 0.0011481673386583 0.0044277768153546 0.0018115707490775 0.0012738194279364 0.00097238360691343 0.00075117630251897 0.00060722091136718 0.00051313908308225 0.00044993551936735 0.00039430775877735 0.00035278289844385 0.00031350174962822 0.00029453976599674 0.00027322522572249 0.00025611346948958 0.00023965505179755 0.00022586255706029 0.00021339082930676 0.00020330574754333
0.00049610872092187 0.00097479419181751 0.0018115707490775 0.0033381411324157 0.001958045126478 0.0014366249751271 0.0011714566198037 0.00096421387937269 0.00081276540105396 0.00070791683435274 0.00063638922332512 0.00057428311087067 0.00052658013054929 0.00048038175882762 0.00044628289187172 0.00042028641717565 0.00039364844465063 0.00037239245394652 0.00035338242210228 0.00033920217971681
0.00034834611876422 0.00064040221521412 0.0012738194279364 0.001958045126478 0.0024035578974108 0.00175077210187 0.0014396735317405 0.0012119081843616 0.0010467682879616 0.00092593501146901 0.00083071694809522 0.00075115598809387 0.00068634747992782 0.00063723295882655 0.00059540892514319 0.00056369555434763 0.00052740070009364 0.0004990644305322 0.00047348340063219 0.00045300366097307
0.00040886487008899 0.00040022433303598 0.00097238360691343 0.0014366249751271 0.00175077210187 0.0018266329796187 0.0015510270621118 0.0013454308044764 0.0011895921393101 0.0010671256399896 0.00096811228461836 0.00088378521496079 0.00081672572096718 0.0007610457916075 0.00071477246998186 0.00067597683224832 0.0006373770302329 0.00060475135029678 0.00057523074524708 0.0005502856999348
0.00035055035665603 0.00034115690624837 0.00075117630251897 0.0011714566198037 0.0014396735317405 0.0015510270621118 0.0015714012527854 0.0014196346734721 0.0012869472460699 0.0011790227191625 0.0010830615359533 0.00099809753436511 0.0009295838132434 0.00086907152838129 0.00081851496502518 0.0007743459652576 0.00073250400615083 0.0006957553258977 0.00066233156929167 0.00063169239648552
0.00036190320987206 0.00027395844520916 0.00060722091136718 0.00096421387937269 0.0012119081843616 0.0013454308044764 0.0014196346734721 0.0013952890112538 0.0013003499756737 0.0012130057941116 0.0011284509741849 0.0010511683054616 0.00098547891347745 0.00092765808793241 0.00087751485926538 0.00083229689803265 0.00079054073604958 0.00075281201375936 0.00071827945972389 0.00068591967148434
0.00032299903412046 0.00023370306081238 0.00051313908308225 0.00081276540105396 0.0010467682879616 0.0011895921393101 0.0012869472460699 0.0013003499756737 0.0012681250530648 0.0012084320452708 0.0011407253423468 0.0010750901238769 0.0010173460986644 0.00096400194649115 0.00091681454972572 0.00087413981499217 0.00083292909672004 0.00079572611486417 0.00076126537907613 0.00072779191394732
0.00026852501671996 0.00019326081756594 0.00044993551936735 0.00070791683435274 0.00092593501146901 0.0010671256399896 0.0011790227191625 0.0012130057941116 0.0012084320452708 0.0011804706780394 0.0011302053683688 0.0010770546173881 0.0010279641952875 0.00098105171477127 0.00093832366064692 0.00089952860654912 0.00085997180605642 0.00082445865840965 0.00079118702347495 0.00075848566590605
0.00023057994426782 0.00015467887521542 0.00039430775877735 0.00063638922332512 0.00083071694809522 0.00096811228461836 0.0010830615359533 0.0011284509741849 0.0011407253423468 0.0011302053683688 0.0010994382859702 0.0010596863252127 0.0010201689497378 0.00098096797505278 0.00094400425910503 0.0009099541317077 0.00087382594874407 0.00084123057373631 0.00081030000495625 0.00077979885969048
0.00021638187683833 0.00012572404196011 0.00035278289844385 0.00057428311087067 0.00075115598809387 0.00088378521496079 0.00099809753436511 0.0010511683054616 0.0010750901238769 0.0010770546173881 0.0010596863252127 0.0010333673409829 0.001003692906187 0.0009722066050035 0.00094130862913245 0.00091233919074124 0.00088000714801268 0.00085066787040401 0.00082243164588979 0.00079454501496805
0.00020931894521495 0.00010874142815198 0.00031350174962822 0.00052658013054929 0.00068634747992782 0.00081672572096718 0.0009295838132434 0.00098547891347745 0.0010173460986644 0.0010279641952875 0.0010201689497378 0.001003692906187 0.00098799319614828 0.00095882423419433 0.0009338014820338 0.00091010307635768 0.0008814105888136 0.00085544107707027 0.00083002667811194 0.00080469573749171
0.00019852022175617 9.1136756612978e-05 0.00029453976599674 0.00048038175882762 0.00063723295882655 0.0007610457916075 0.00086907152838129 0.00092765808793241 0.00096400194649115 0.00098105171477127 0.00098096797505278 0.0009722066050035 0.00095882423419433 0.00094146410569973 0.00092209852185331 0.00090351378900001 0.00087843746470763 0.00085585740820887 0.00083330958816142 0.00081059692518661
0.00019214322663166 7.9947633332903e-05 0.00027322522572249 0.00044628289187172 0.00059540892514319 0.00071477246998186 0.00081851496502518 0.00087751485926538 0.00091681454972572 0.00093832366064692 0.00094400425910503 0.00094130862913245 0.0009338014820338 0.00092209852185331 0.00090779569205371 0.00089398359651751 0.00087230378878092 0.00085300214823784 0.00083328236756681 0.00081310804963261
0.00020323217021575 6.0038061995336e-05 0.00025611346948958 0.00042028641717565 0.00056369555434763 0.00067597683224832 0.0007743459652576 0.00083229689803265 0.00087413981499217 0.00089952860654912 0.0009099541317077 0.00091233919074124 0.00091010307635768 0.00090351378900001 0.00089398359651751 0.00089150674449122 0.00086655331733547 0.0008505483954471 0.00083372207829548 0.00081617184915145
0.00018266261832654 6.9398022744209e-05 0.00023965505179755 0.00039364844465063 0.00052740070009364 0.0006373770302329 0.00073250400615083 0.00079054073604958 0.00083292909672004 0.00085997180605642 0.00087382594874407 0.00088000714801268 0.0008814105888136 0.00087843746470763 0.00087230378878092 0.00086655331733547 0.00085105406344002 0.00083774792364853 0.0008233306869219 0.00080803143350971
0.00017997100444413 6.7632973799463e-05 0.00022586255706029 0.00037239245394652 0.0004990644305322 0.00060475135029678 0.0006957553258977 0.00075281201375936 0.00079572611486417 0.00082445865840965 0.00084123057373631 0.00085066787040401 0.00085544107707027 0.00085585740820887 0.00085300214823784 0.0008505483954471 0.00083774792364853 0.00082710122610232 0.00081509271740987 0.00080205814812821
0.00017857893474583 6.7890117122291e-05 0.00021339082930676 0.00035338242210228 0.00047348340063219 0.00057523074524708 0.00066233156929167 0.00071827945972389 0.00076126537907613 0.00079118702347495 0.00081030000495625 0.00082243164588979 0.00083002667811194 0.00083330958816142 0.00083328236756681 0.00083372207829548 0.0008233306869219 0.00081509271740987 0.00080531328193038 0.00079438952207953
0.00018158448268205 6.5002801330045e-05 0.00020330574754333 0.00033920217971681 0.00045300366097307 0.0005502856999348 0.00063169239648552 0.00068591967148434 0.00072779191394732 0.00075848566590605 0.00077979885969048 0.00079454501496805 0.00080469573749171 0.00081059692518661 0.00081310804963261 0.00081617184915145 0.00080803143350971 0.00080205814812821 0.00079438952207953 0.00079022034023166
