0.0011765701974351 0.0011879205124863 0.0011157925150942 0.0009586178665573 0.0008138038879641 0.00070029181733086 0.0006226061450768 0.0005747876229752 0.00053971779034744 0.00051349780583675
0.0011879205124863 0.00087193795958256 0.0010178452099462 0.00081847939006237 0.00067669185864806 0.00061017290454357 0.00054289075143194 0.00048796417902343 0.00044760186511194 0.0004173880403642
0.0011157925150942 0.0010178452099462 0.00086306065334658 0.00074263392006236 0.00065073035713625 0.00056390013698618 0.00051294228261729 0.00047089737765567 0.00043282661613006 0.0004052254899969
0.0009586178665573 0.00081847939006237 0.00074263392006236 0.00063962151406629 0.00051599772795628 0.00048401509672329 0.0004304582796915 0.00039513776812472 0.00036785613101033 0.00034764764377823
0.0008138038879641 0.00067669185864806 0.00065073035713625 0.00051599772795628 0.00041325540729485 0.00037824437692627 0.00033422641406332 0.00030795844637684 0.00028825383748045 0.00027299062122416
0.00070029181733086 0.00061017290454357 0.00056390013698618 0.00048401509672329 0.00037824437692627 0.00034186336562287 0.00030080759739085 0.00027686291874876 0.00026089481920738 0.00024848317747908
0.0006226061450768 0.00054289075143194 0.00051294228261729 0.0004304582796915 0.00033422641406332 0.00030080759739085 0.00026302342964727 0.00024445495479641 0.00023261232946209 0.00022255864719885
0.0005747876229752 0.00048796417902343 0.00047089737765567 0.00039513776812472 0.00030795844637684 0.00027686291874876 0.00024445495479641 0.00022844285169086 0.00021810848938732 0.00020840591900838
0.00053971779034744 0.00044760186511194 0.00043282661613006 0.00036785613101033 0.00028825383748045 0.00026089481920738 0.00023261232946209 0.00021810848938732 0.00020805865007124 0.00019808054107547
0.00051349780583675 0.0004173880403642 0.0004052254899969 0.00034764764377823 0.00027299062122416 0.00024848317747908 0.00022255864719885 0.00020840591900838 0.00019808054107547 0.00018809474809538
