-0.00038008480792842 -0.00096397219000483 0.00066141187492931 -0.00049022601559272 0.00042391584566915 -0.00037025159300697 0.00032141763046216 -0.00029326133205358 0.00027142922422777 -0.00025180334721314
-0.00096397219000483 -0.0078271223965708 0.0015234111359605 -0.0010489292587546 0.00081453334094014 -0.00074101503087641 0.00067709354108454 -0.00062457442915494 0.00057385612491337 -0.00053019235458974
0.00066141187492931 0.0015234111359605 -0.0079129800332074 0.0025679915876972 -0.0018208443011022 0.0013121940080652 -0.0011108193527806 0.00095472521341089 -0.00084996646524681 0.00076790298687975
-0.00049022601559272 -0.0010489292587546 0.0025679915876972 -0.0055179895750375 0.0030921280022987 -0.0022725774364251 0.0017863126213593 -0.0015010965792304 0.0012945578382412 -0.0011326641789801
0.00042391584566915 0.00081453334094014 -0.0018208443011022 0.0030921280022987 -0.004127378249093 0.0029861519285476 -0.0023685503092771 0.0019744246597128 -0.0017048464574318 0.0014986612454692
-0.00037025159300697 -0.00074101503087641 0.0013121940080652 -0.0022725774364251 0.0029861519285476 -0.0031710036634387 0.0026627422944668 -0.0023033830963491 0.0020146379846577 -0.0017896603458858
0.00032141763046216 0.00067709354108454 -0.0011108193527806 0.0017863126213593 -0.0023685503092771 0.0026627422944668 -0.0025851488047308 0.0023485690112636 -0.0021159739279646 0.0019167882634359
-0.00029326133205358 -0.00062457442915494 0.00095472521341089 -0.0015010965792304 0.0019744246597128 -0.0023033830963491 0.0023485690112636 -0.002276236541874 0.0021190334782413 -0.0019630757598787
0.00027142922422777 0.00057385612491337 -0.00084996646524681 0.0012945578382412 -0.0017048464574318 0.0020146379846577 -0.0021159739279646 0.0021190334782413 -0.0020421618919066 0.0019345405665086
-0.00025180334721314 -0.00053019235458974 0.00076790298687975 -0.0011326641789801 0.0014986612454692 -0.0017896603458858 0.0019167882634359 -0.0019630757598787 0.0019345405665086 -0.0018707368152793
