0.0053709437364408 -0.0016069120820023 0.0014370307060834 -0.0010016540253052 0.00074121842878159 -0.00072912680916881 0.00064302075408157 -0.0007218329554212 0.00066498468578857 -0.00061594485531534
-0.0016069120820023 0.0069904874159255 -0.0021896132936211 0.00088166949920351 -0.00072385748384841 0.00065501999470762 -0.00051566152728004 0.00049576630206101 -0.00049457093595397 0.00045182983173949
0.0014370307060834 -0.0021896132936211 0.0067678137385963 -0.0022717196587106 0.0015430707317547 -0.001336993497686 0.0013645607233641 -0.0011338323194855 0.00098607612329924 -0.00081901067441407
-0.0010016540253052 0.00088166949920351 -0.0022717196587106 0.0052776764751811 -0.0023237321162638 0.0017569098716897 -0.0013697488291414 0.0012603925749411 -0.0011383591787506 0.00099859862060306
0.00074121842878159 -0.00072385748384841 0.0015430707317547 -0.0023237321162638 0.0042633827383905 -0.0025623737897541 0.0020538656099735 -0.0016754029053137 0.0014688032338211 -0.0013129907533803
-0.00072912680916881 0.00065501999470762 -0.001336993497686 0.0017569098716897 -0.0025623737897541 0.0037676655204092 -0.0027454088248356 0.0022105736498934 -0.0018847349419075 0.0016661595451093
0.00064302075408157 -0.00051566152728004 0.0013645607233641 -0.0013697488291414 0.0020538656099735 -0.0027454088248356 0.0029421486385399 -0.0024108314856883 0.0020809543234244 -0.0018305895547556
-0.0007218329554212 0.00049576630206101 -0.0011338323194855 0.0012603925749411 -0.0016754029053137 0.0022105736498934 -0.0024108314856883 0.0024474068074188 -0.0022189847648381 0.001994318698598
0.00066498468578857 -0.00049457093595397 0.00098607612329924 -0.0011383591787506 0.0014688032338211 -0.0018847349419075 0.0020809543234244 -0.0022189847648381 0.0022158681598057 -0.0020689111059869
-0.00061594485531534 0.00045182983173949 -0.00081901067441407 0.00099859862060306 -0.0013129907533803 0.0016661595451093 -0.0018305895547556 0.001994318698598 -0.0020689111059869 0.0020193295043623
