0.00020129093527814 0.0010355907920528 0.0010302357849179 0.0008941765865342 0.00077116540774826 0.0006790566566561 0.00062680874416866 0.00059112316512957 0.00056312091634602 0.00054188750335983
0.0010355907920528 0.0005063356225329 0.0003512376965934 0.00029560690631964 0.00025892453528081 0.00022672855788667 0.00020873781416004 0.00019732970248174 0.00018880803664437 0.00018302071859068
0.0010302357849179 0.0003512376965934 0.00045374979174597 0.00031638243060443 0.0002484385135451 0.00021108939317656 0.00019713104354118 0.00018824724584594 0.00018124696810226 0.00017589097511938
0.0008941765865342 0.00029560690631964 0.00031638243060443 0.00035454174748868 0.00027446745693238 0.00022813259989128 0.00020470321860779 0.00019034353882572 0.00018025905906773 0.00017287553055763
0.00077116540774826 0.00025892453528081 0.0002484385135451 0.00027446745693238 0.0002746146719488 0.00023069703255958 0.00020743825169981 0.0001924081766099 0.00018131148757124 0.00017300510335975
0.0006790566566561 0.00022672855788667 0.00021108939317656 0.00022813259989128 0.00023069703255958 0.00021470848423657 0.00019785686028662 0.00018448756782643 0.000174357117024 0.00016658904155368
0.00062680874416866 0.00020873781416004 0.00019713104354118 0.00020470321860779 0.00020743825169981 0.00019785686028662 0.00019031920670195 0.00018108400102036 0.00017304427930592 0.00016634131520883
0.00059112316512957 0.00019732970248174 0.00018824724584594 0.00019034353882572 0.0001924081766099 0.00018448756782643 0.00018108400102036 0.00017568379277043 0.00016995466362552 0.00016453025850701
0.00056312091634602 0.00018880803664437 0.00018124696810226 0.00018025905906773 0.00018131148757124 0.000174357117024 0.00017304427930592 0.00016995466362552 0.00016614580094695 0.00016199729025255
0.00054188750335983 0.00018302071859068 0.00017589097511938 0.00017287553055763 0.00017300510335975 0.00016658904155368 0.00016634131520883 0.00016453025850701 0.00016199729025255 0.00015889750540323
