0.00030001526980237 0.00031532088689206 0.00032077056169275 0.00027439184217255 0.00024424642994666 0.00020409343155104 0.00018828552471603 0.00016923971972761 0.00015955141243214 0.00015396597402578
0.00031532088689206 0.00032648080649858 0.00032650733861912 0.00029425304253362 0.00025089078199837 0.00021238750847112 0.00020525583856023 0.00018438625132968 0.00017416333864587 0.000166609459733
0.00032077056169275 0.00032650733861912 0.0003109063204122 0.00028534709510463 0.00024599844827457 0.00021767885530887 0.00020044464703313 0.00018034967471309 0.0001682855470771 0.00015851948797736
0.00027439184217255 0.00029425304253362 0.00028534709510463 0.00027855726286861 0.00024255191315589 0.00019942567401736 0.00018451240437637 0.00016404924982937 0.00015244680264427 0.00014761586963565
0.00024424642994666 0.00025089078199837 0.00024599844827457 0.00024255191315589 0.00020852557537056 0.00017728021752898 0.00016241565617418 0.00014554505069625 0.00013583618824382 0.00013063859242537
0.00020409343155104 0.00021238750847112 0.00021767885530887 0.00019942567401736 0.00017728021752898 0.0001581856581787 0.0001454652660121 0.00013071538093905 0.00011992766379118 0.00011395511860865
0.00018828552471603 0.00020525583856023 0.00020044464703313 0.00018451240437637 0.00016241565617418 0.0001454652660121 0.00013947154368387 0.00012421949142166 0.00011380863079653 0.00010762654623037
0.00016923971972761 0.00018438625132968 0.00018034967471309 0.00016404924982937 0.00014554505069625 0.00013071538093905 0.00012421949142166 0.00011180883608498 0.00010335899390583 9.7968598560433e-05
0.00015955141243214 0.00017416333864587 0.0001682855470771 0.00015244680264427 0.00013583618824382 0.00011992766379118 0.00011380863079653 0.00010335899390583 9.6371197899441e-05 9.168371016904e-05
0.00015396597402578 0.000166609459733 0.00015851948797736 0.00014761586963565 0.00013063859242537 0.00011395511860865 0.00010762654623037 9.7968598560433e-05 9.168371016904e-05 8.7466753298046e-05
