-0.012636983751501 0.0012064581529113 -0.00065198284154008 0.00035937983203472 -0.00024661121966391 0.00023024848310481 -0.00021566879577086 0.0001894802532825 -0.00016313397422731 0.00013810739542676
0.0012064581529113 -0.0087951076047369 0.0025572567558874 -0.0016090338754624 0.0011222317354697 -0.000857113208692 0.00066976074284099 -0.00052436780915962 0.00041362045057919 -0.00032403159836048
-0.00065198284154008 0.0025572567558874 -0.005948441007948 0.0032254969174457 -0.0022699821334006 0.001724359290228 -0.0013895094658787 0.0011523803141515 -0.00097835180311863 0.00084924225362638
0.00035937983203472 -0.0016090338754624 0.0032254969174457 -0.0039916737596773 0.0029917277336842 -0.0024089024695456 0.0020047486654624 -0.0017096709030637 0.0014890510860854 -0.0013205559134609
-0.00024661121966391 0.0011222317354697 -0.0022699821334006 0.0029917277336842 -0.0030798183706396 0.0026736532705437 -0.002325895693352 0.0020373295645292 -0.0018097240679123 0.0016287814122263
0.00023024848310481 -0.000857113208692 0.001724359290228 -0.0024089024695456 0.0026736532705437 -0.0026289453897446 0.0024181676435953 -0.0021979997922515 0.0020026497394384 -0.0018359283492114
-0.00021566879577086 0.00066976074284099 -0.0013895094658787 0.0020047486654624 -0.002325895693352 0.0024181676435953 -0.0023563304828854 0.002218679275871 -0.0020718990145442 0.0019331661449679
0.0001894802532825 -0.00052436780915962 0.0011523803141515 -0.0017096709030637 0.0020373295645292 -0.0021979997922515 0.002218679275871 -0.0021564889162969 0.0020597595701856 -0.0019544828980432
-0.00016313397422731 0.00041362045057919 -0.00097835180311863 0.0014890510860854 -0.0018097240679123 0.0020026497394384 -0.0020718990145442 0.0020597595701856 -0.0020064423687375 0.0019331339695906
0.00013810739542676 -0.00032403159836048 0.00084924225362638 -0.0013205559134609 0.0016287814122263 -0.0018359283492114 0.0019331661449679 -0.0019544828980432 0.0019331339695906 -0.0018869811949038
