0.00027149498133117 0.00025246143445072 0.0002177307178374 0.00017810670393024 0.00014498921955731 0.00012860056032144 0.00011826662597699 0.00011151545627941 0.00010605770849523 0.00010083252748264
0.00025246143445072 0.00022435589108747 0.0001965612634026 0.00016005367902107 0.000129366665445 0.00011633596580295 0.00010873382798159 0.00010306269298646 9.8155559985376e-05 9.3922049971936e-05
0.0002177307178374 0.0001965612634026 0.00017095926684343 0.00013867836062866 0.00011837410564119 0.00010247060341634 9.3176464491123e-05 8.7227072002205e-05 8.2463207664895e-05 7.8662574056206e-05
0.00017810670393024 0.00016005367902107 0.00013867836062866 0.00011321523181368 9.3590209131087e-05 8.2908289529722e-05 7.6808969488569e-05 7.2367813918362e-05 6.872828853538e-05 6.5570071739194e-05
0.00014498921955731 0.000129366665445 0.00011837410564119 9.3590209131087e-05 7.5255475426448e-05 6.7473916981379e-05 6.2196573254487e-05 5.8955985405691e-05 5.5972442787385e-05 5.3508024078731e-05
0.00012860056032144 0.00011633596580295 0.00010247060341634 8.2908289529722e-05 6.7473916981379e-05 6.0970726990554e-05 5.6109724327819e-05 5.3245348524973e-05 5.0730536101436e-05 4.855962253091e-05
0.00011826662597699 0.00010873382798159 9.3176464491123e-05 7.6808969488569e-05 6.2196573254487e-05 5.6109724327819e-05 5.1807664591496e-05 4.938737306019e-05 4.7298378274585e-05 4.5497457434384e-05
0.00011151545627941 0.00010306269298646 8.7227072002205e-05 7.2367813918362e-05 5.8955985405691e-05 5.3245348524973e-05 4.938737306019e-05 4.7021409165162e-05 4.5139222214971e-05 4.3517138060853e-05
0.00010605770849523 9.8155559985376e-05 8.2463207664895e-05 6.872828853538e-05 5.5972442787385e-05 5.0730536101436e-05 4.7298378274585e-05 4.5139222214971e-05 4.3438888311042e-05 4.1960488140847e-05
0.00010083252748264 9.3922049971936e-05 7.8662574056206e-05 6.5570071739194e-05 5.3508024078731e-05 4.855962253091e-05 4.5497457434384e-05 4.3517138060853e-05 4.1960488140847e-05 4.0601634994151e-05
