3.1415926535898 -3.1212231970984 -0.00065943858780369 -3.1085371120538 0.060150706771386 -3.1002397072301 0.049802351780489 -3.0842637926331 0.062549066642464 -3.0755464475425
3.1212231970984 3.1415926535898 -0.030397779281158 -2.9868556978247 0.26443653532738 -2.8980647478833 0.28722565519933 -2.7949009593167 0.39534310731985 -2.7085063722376
0.00065943858780369 0.030397779281158 3.1415926535898 0.042703503413075 -3.0987519605573 0.0447770890345 -3.0820538821965 0.072383436446681 -3.0601637588726 0.094485110952445
3.1085371120538 2.9868556978247 -0.042703503413075 3.1415926535898 0.0089807358826008 -3.128383852057 0.013348121957467 -3.1255061812754 0.014725719359213 -3.1244518120317
-0.060150706771386 -0.26443653532738 3.0987519605573 -0.0089807358826008 3.1415926535898 -0.0022525438763371 3.1389706453226 -0.0014957657517707 3.1406239107191 0.0022445513131733
3.1002397072301 2.8980647478833 -0.0447770890345 3.128383852057 0.0022525438763371 3.1415926535898 -0.00067201149511485 -3.1413837496846 0.00088460444764248 -3.1380211271984
-0.049802351780489 -0.28722565519933 3.0820538821965 -0.013348121957467 -3.1389706453226 0.00067201149511485 3.1415926535898 -7.2239743596328e-05 3.1413247197254 0.0012112900600789
3.0842637926331 2.7949009593167 -0.072383436446681 3.1255061812754 0.0014957657517707 3.1413837496846 7.2239743596328e-05 3.1415926535898 -0.00041948241600315 -3.1407915990677
-0.062549066642464 -0.39534310731985 3.0601637588726 -0.014725719359213 -3.1406239107191 -0.00088460444764248 -3.1413247197254 0.00041948241600315 3.1415926535898 0.0012115119012211
3.0755464475425 2.7085063722376 -0.094485110952445 3.1244518120317 -0.0022445513131733 3.1380211271984 -0.0012112900600789 3.1407915990677 -0.0012115119012211 3.1415926535898
