0.10132101914126 1.2200771302303e-07 3.1519442242002e-07 2.7868851386218e-07 2.6016324330386e-07 4.8803248781638e-07 4.8522946976036e-07 5.3147545088948e-07 5.9848509062982e-07 7.6955999056928e-07 8.4640031666658e-07 8.3124068775873e-07 7.4847479333175e-07 5.9564913800644e-07 4.4835734210067e-07 4.5669603116782e-07 5.8899150201207e-07 7.605441185839e-07 9.2553513814179e-07 8.4346010191972e-07
1.2200771302303e-07 0.029880398617899 0.0099019342419863 0.0051461111865756 0.0030717807076145 0.0018676954834277 0.0011246714708892 0.0006748729448815 0.00039573614528984 0.00021250152165045 0.00011126344212539 4.2965650847085e-05 2.2864542005041e-05 5.7315916766644e-06 1.7886784683775e-05 2.3606872327076e-05 4.1471579601668e-05 5.5159777430565e-05 6.879087130695e-05 8.2585188463607e-05
3.1519442242002e-07 0.0099019342419863 0.026702456526587 0.015771208036384 0.010617262835925 0.0075022019415658 0.0056759855610525 0.0044440914627219 0.003545612904049 0.0029192929351236 0.0024409682697124 0.0021058955397224 0.0018104783364093 0.0016049938632637 0.0014026989452034 0.0012575296537698 0.0011140776901987 0.00099727047070863 0.00089222111089334 0.00079461638386724
2.7868851386218e-07 0.0051461111865756 0.015771208036384 0.020952671695486 0.016254424325616 0.012473626734099 0.0098132866038825 0.00785116429245 0.006361806997055 0.0052322901534775 0.0043768180667782 0.0036972675516666 0.0031676268559085 0.0027261261489601 0.0023770591034455 0.0020779638086651 0.0018350605991051 0.0016270273987673 0.0014514946921914 0.0013031181375652
2.6016324330386e-07 0.0030717807076145 0.010617262835925 0.016254424325616 0.01705110496256 0.014914493664055 0.012582527952626 0.01055207719263 0.008857783703174 0.0075141977226186 0.0064512618382385 0.0056014342859518 0.0049072378991946 0.0043346021502668 0.0038542031862909 0.0034483993697445 0.0031008753500265 0.0028020054649886 0.0025432330285759 0.0023176289212895
4.8803248781638e-07 0.0018676954834277 0.0075022019415658 0.012473626734099 0.014914493664055 0.014797066433952 0.013484269825901 0.011956506486461 0.010500816535126 0.0092405127499835 0.0081769841963484 0.0072814370845687 0.006520316784813 0.0058687171649733 0.0053066543777281 0.0048183675696551 0.0043916911797682 0.0040173288616463 0.0036879354257014 0.0033967955537857
4.8522946976036e-07 0.0011246714708892 0.0056759855610525 0.0098132866038825 0.012582527952626 0.013484269825901 0.013170068064494 0.012317533052641 0.011290378128353 0.010284433822326 0.0093604476468326 0.0085324537419238 0.0077936059650053 0.0071374894722493 0.006553067268361 0.0060325880881369 0.0055673205129446 0.0051515156807156 0.0047794130272146 0.0044456991102342
5.3147545088948e-07 0.0006748729448815 0.0044440914627219 0.00785116429245 0.01055207719263 0.011956506486461 0.012317533052641 0.012070251686198 0.011491199567497 0.010790487265734 0.010066115666044 0.0093638604938137 0.0087012575434603 0.0080881029716668 0.0075239660636407 0.0070081962268265 0.0065369870480455 0.006107949516377 0.0057177194879707 0.0053627709944116
5.9848509062982e-07 0.00039573614528984 0.003545612904049 0.006361806997055 0.008857783703174 0.010500816535126 0.011290378128353 0.011491199567497 0.011297945903415 0.010893472733 0.01038557613062 0.0098366626795329 0.0092808361817444 0.0087402327672679 0.0082238200307247 0.0077374570353429 0.0072823749302348 0.0068596316492275 0.00646850786254 0.0061075380689761
7.6955999056928e-07 0.00021250152165045 0.0029192929351236 0.0052322901534775 0.0075141977226186 0.0092405127499835 0.010284433822326 0.010790487265734 0.010893472733 0.010743898636565 0.010440154566696 0.010048569521404 0.009611127652633 0.0091583074619576 0.0087055542185925 0.0082645371628544 0.0078405780268147 0.0074381441645818 0.0070589937576274 0.0067036788160999
8.4640031666658e-07 0.00011126344212539 0.0024409682697124 0.0043768180667782 0.0064512618382385 0.0081769841963484 0.0093604476468326 0.010066115666044 0.01038557613062 0.010440154566696 0.010313400037654 0.010067713824142 0.0097471127754857 0.0093861061707495 0.0090043382544681 0.0086175278712358 0.008234310969916 0.0078618985752544 0.0075042234623745 0.0071636478446767
8.3124068775873e-07 4.2965650847085e-05 0.0021058955397224 0.0036972675516666 0.0056014342859518 0.0072814370845687 0.0085324537419238 0.0093638604938137 0.0098366626795329 0.010048569521404 0.010067713824142 0.0099500373586927 0.0097373208339463 0.0094656146044985 0.0091560220703756 0.0088273165288974 0.0084900552296966 0.0081537595484585 0.0078239995877795 0.007504635429301
7.4847479333175e-07 2.2864542005041e-05 0.0018104783364093 0.0031676268559085 0.0049072378991946 0.006520316784813 0.0077936059650053 0.0087012575434603 0.0092808361817444 0.009611127652633 0.0097471127754857 0.0097373208339463 0.0096202677015426 0.0094309631994842 0.0091910507456338 0.0089205037909641 0.0086313377883751 0.0083344399913681 0.0080366645247042 0.0077430387808085
5.9564913800644e-07 5.7315916766644e-06 0.0016049938632637 0.0027261261489601 0.0043346021502668 0.0058687171649733 0.0071374894722493 0.0080881029716668 0.0087402327672679 0.0091583074619576 0.0093861061707495 0.0094656146044985 0.0094309631994842 0.0093157087464395 0.0091404154454202 0.0089258348888106 0.0086843105603469 0.0084277709368649 0.0081638345252774 0.0078983694935099
4.4835734210067e-07 1.7886784683775e-05 0.0014026989452034 0.0023770591034455 0.0038542031862909 0.0053066543777281 0.006553067268361 0.0075239660636407 0.0082238200307247 0.0087055542185925 0.0090043382544681 0.0091560220703756 0.0091910507456338 0.0091404154454202 0.0090237289579845 0.0088612527755609 0.0086655733381972 0.0084488928553218 0.0082193430410391 0.0079833503693855
4.5669603116782e-07 2.3606872327076e-05 0.0012575296537698 0.0020779638086651 0.0034483993697445 0.0048183675696551 0.0060325880881369 0.0070081962268265 0.0077374570353429 0.0082645371628544 0.0086175278712358 0.0088273165288974 0.0089205037909641 0.0089258348888106 0.0088612527755609 0.0087465147469171 0.0085937785224392 0.008415353878298 0.0082195272930582 0.0080130382174596
5.8899150201207e-07 4.1471579601668e-05 0.0011140776901987 0.0018350605991051 0.0031008753500265 0.0043916911797682 0.0055673205129446 0.0065369870480455 0.0072823749302348 0.0078405780268147 0.008234310969916 0.0084900552296966 0.0086313377883751 0.0086843105603469 0.0086655733381972 0.0085937785224392 0.008480693576268 0.0083383069979207 0.0081749090627349 0.0079973635503612
7.605441185839e-07 5.5159777430565e-05 0.00099727047070863 0.0016270273987673 0.0028020054649886 0.0040173288616463 0.0051515156807156 0.006107949516377 0.0068596316492275 0.0074381441645818 0.0078618985752544 0.0081537595484585 0.0083344399913681 0.0084277709368649 0.0084488928553218 0.008415353878298 0.0083383069979207 0.0082293079739462 0.0080964751910121 0.0079466496370634
9.2553513814179e-07 6.879087130695e-05 0.00089222111089334 0.0014514946921914 0.0025432330285759 0.0036879354257014 0.0047794130272146 0.0057177194879707 0.00646850786254 0.0070589937576274 0.0075042234623745 0.0078239995877795 0.0080366645247042 0.0081638345252774 0.0082193430410391 0.0082195272930582 0.0081749090627349 0.0080964751910121 0.0079920806633568 0.0078684368904364
8.4346010191972e-07 8.2585188463607e-05 0.00079461638386724 0.0013031181375652 0.0023176289212895 0.0033967955537857 0.0044456991102342 0.0053627709944116 0.0061075380689761 0.0067036788160999 0.0071636478446767 0.007504635429301 0.0077430387808085 0.0078983694935099 0.0079833503693855 0.0080130382174596 0.0079973635503612 0.0079466496370634 0.0078684368904364 0.0077692343606807
