3.1415926535898 0.79204217789237 1.72773385268 -1.2809116605737 1.1691472659393 -1.8873818153343 1.0917729721103 -1.9469858518811 1.1348579900786 -2.1022218313549
-0.79204217789237 3.1415926535898 0.02385046803903 -2.9614469237664 -0.11540577754773 3.0561054106073 -0.10428937146212 2.9174362630239 -0.22112597374514 2.9398247504102
-1.72773385268 -0.02385046803903 3.1415926535898 -0.036314015011383 3.0515597333513 -0.057433738798896 3.0811959647698 -0.039768159314992 3.1217327928022 -0.0096852872095434
1.2809116605737 2.9614469237664 0.036314015011383 3.1415926535898 2.3753809660235e-05 3.1258148330787 -0.040640748643106 3.087693759912 -0.073367700629416 3.0567578923329
-1.1691472659393 0.11540577754773 -3.0515597333513 -2.3753809660235e-05 3.1415926535898 -0.0056586028184365 3.11950131942 -0.026032680890377 3.1094871674565 -0.040351986595213
1.8873818153343 -3.0561054106073 0.057433738798896 -3.1258148330787 0.0056586028184365 3.1415926535898 -0.007563799036555 3.1366260476473 -0.0036676448295511 3.1333276347321
-1.0917729721103 0.10428937146212 -3.0811959647698 0.040640748643106 -3.11950131942 0.007563799036555 3.1415926535898 0.0067150749071713 -3.1325790537142 0.0062184634466934
1.9469858518811 -2.9174362630239 0.039768159314992 -3.087693759912 0.026032680890377 -3.1366260476473 -0.0067150749071713 3.1415926535898 0.0015170108309766 3.1395897908401
-1.1348579900786 0.22112597374514 -3.1217327928022 0.073367700629416 -3.1094871674565 0.0036676448295511 3.1325790537142 -0.0015170108309766 3.1415926535898 -0.0035156299464136
2.1022218313549 -2.9398247504102 0.0096852872095434 -3.0567578923329 0.040351986595213 -3.1333276347321 -0.0062184634466934 -3.1395897908401 0.0035156299464136 3.1415926535898
