3.1415926535898 0.0049060807880493 -3.1320084283802 0.014579462243246 -3.121634130068 0.025701322127689 -3.1097713257327 0.038366099582518 -3.0964061313555 0.052434244434475
-0.0049060807880493 3.1415926535898 0.0046735186887575 -3.1319337302687 0.015022233433817 -3.1208476530752 0.026839050996768 -3.1082403962318 0.040136174465435 -3.0942524094385
3.1320084283802 -0.0046735186887575 3.1415926535898 0.0049806673807169 -3.1312590986225 0.016041708033032 -3.1194771362106 0.02860308016292 -3.1062357087725 0.042524236315837
-0.014579462243246 3.1319337302687 -0.0049806673807169 3.1415926535898 0.005347282382023 -3.1305472518223 0.017103924649897 -3.1180224342738 0.03029865405755 -3.1041589255861
3.121634130068 -0.015022233433817 3.1312590986225 -0.005347282382023 3.1415926535898 0.0056937211795504 -3.129850509252 0.018192943723699 -3.1166912818843 0.03200967025374
-0.025701322127689 3.1208476530752 -0.016041708033032 3.1305472518223 -0.0056937211795504 3.1415926535898 0.0060428636895441 -3.1291100955705 0.019175442185125 -3.1153314836396
3.1097713257327 -0.026839050996768 3.1194771362106 -0.017103924649897 3.129850509252 -0.0060428636895441 3.1415926535898 0.0064343659684038 -3.128475341273 0.020186001520241
-0.038366099582518 3.1082403962318 -0.02860308016292 3.1180224342738 -0.018192943723699 3.1291100955705 -0.0064343659684038 3.1415926535898 0.0066783995691874 -3.1278574054326
3.0964061313555 -0.040136174465435 3.1062357087725 -0.03029865405755 3.1166912818843 -0.019175442185125 3.128475341273 -0.0066783995691874 3.1415926535898 0.0070495093612907
-0.052434244434475 3.0942524094385 -0.042524236315837 3.1041589255861 -0.03200967025374 3.1153314836396 -0.020186001520241 3.1278574054326 -0.0070495093612907 3.1415926535898
