-0.0071234089027898 0.00034656078028756 -0.00031011118076699 -9.5966255786211e-05 6.0672184474045e-05 -3.8970427580886e-05 2.6895546489341e-05 -2.0071918157047e-05 2.2087100443964e-05 -2.9576230122799e-05
0.00034656078028756 -0.010466453624089 0.0023201716597032 -0.0014785238533753 0.00094794895000001 -0.00065905315462007 0.00053435580094894 -0.00044103538338983 0.00037985652984662 -0.00034333037207243
-0.00031011118076699 0.0023201716597032 -0.0081663406830453 0.0036973312653371 -0.0023422998844383 0.0017323085238935 -0.0013754926123594 0.0011348578179464 -0.00096262426247157 0.00083863491825861
-9.5966255786211e-05 -0.0014785238533753 0.0036973312653371 -0.0061785541635196 0.0040640502962978 -0.0031128728535748 0.0024849060952724 -0.0020243128344512 0.0016925015787769 -0.0014446786094812
6.0672184474045e-05 0.00094794895000001 -0.0023422998844383 0.0040640502962978 -0.0045723213839968 0.0038298549006199 -0.0032254412935308 0.0027376715102571 -0.0023565136828203 0.002057549797166
-3.8970427580886e-05 -0.00065905315462007 0.0017323085238935 -0.0031128728535748 0.0038298549006199 -0.0038890506522102 0.0035225953465203 -0.0031295722735885 0.0027808372969006 -0.0024836599327801
2.6895546489341e-05 0.00053435580094894 -0.0013754926123594 0.0024849060952724 -0.0032254412935308 0.0035225953465203 -0.0034546480379977 0.0032115564170849 -0.0029475070522992 0.0026964369397486
-2.0071918157047e-05 -0.00044103538338983 0.0011348578179464 -0.0020243128344512 0.0027376715102571 -0.0031295722735885 0.0032115564170849 -0.0031136823368675 0.0029441974459502 -0.0027543716862104
2.2087100443964e-05 0.00037985652984662 -0.00096262426247157 0.0016925015787769 -0.0023565136828203 0.0027808372969006 -0.0029475070522992 0.0029441974459502 -0.0028582322227119 0.0027295798031885
-2.9576230122799e-05 -0.00034333037207243 0.00083863491825861 -0.0014446786094812 0.002057549797166 -0.0024836599327801 0.0026964369397486 -0.0027543716862104 0.0027295798031885 -0.0026538927888393
