0.10132069685927 1.7392900387455e-07 9.1466255157305e-07 1.1404515612385e-06 1.0785279168638e-06 1.2363740294682e-06 1.3617681901154e-06 1.511020138e-06 1.5462749485008e-06 1.5069946076727e-06 1.4539150012997e-06 0.00018228151058802 1.5048259539497e-06 1.5823082900196e-06 1.5602656657378e-06 1.6359688867924e-06 2.0411910490676e-06 2.7729317123029e-06 3.1533803329176e-06 3.1538199711663e-06
1.7392900387455e-07 0.08879010073417 0.032492075045884 0.017373047533969 0.009935520998839 0.0059846052404674 0.0035642548134418 0.0019195630627368 0.00092405136803882 0.00015668464351082 0.00022947994705256 0.00065525873743156 0.00068630311416184 0.0007585722046374 0.00079625688865874 0.00077054949921805 0.00076447636426179 0.00071234118857842 0.00069609509787493 0.00064490278056665
9.1466255157305e-07 0.032492075045884 0.050723728247206 0.036102710089714 0.025575518324928 0.018392301874445 0.013301413249249 0.0097308057384355 0.0070933810603757 0.0052616549069127 0.0038590804634669 0.0029667912972445 0.0021665732163622 0.0016396060608497 0.0012645181797258 0.00097046420437323 0.00077226174928734 0.00060278322232337 0.00049466404754519 0.00038770554271511
1.1404515612385e-06 0.017373047533969 0.036102710089714 0.037100356467566 0.031522427823899 0.025748920463291 0.020842463574844 0.01688006241706 0.013698955677233 0.011184497204293 0.0091681981189016 0.0075681274163468 0.0062920626695644 0.0052652687661335 0.0044400867610845 0.0037664077614563 0.0032208897112923 0.0027670109679188 0.00239377923838 0.002078464712637
1.0785279168638e-06 0.009935520998839 0.025575518324928 0.031522427823899 0.030891943835506 0.027966381147083 0.024589805100788 0.021365755826041 0.018469977138828 0.01595964431938 0.013797696798906 0.011980725270098 0.010401982995189 0.0090798045493297 0.0079587403795755 0.0070022662732133 0.0061869231744802 0.0054833087978836 0.0048777394402601 0.0043498885988229
1.2363740294682e-06 0.0059846052404674 0.018392301874445 0.025748920463291 0.027966381147083 0.027575166438484 0.025986219472282 0.023910305373508 0.021710821573926 0.0195771152686 0.017584908584007 0.015809637002566 0.014148809864085 0.012704175978835 0.011426068201549 0.010295922760619 0.0092979601755598 0.0084130836580032 0.0076286147902799 0.0069300975041892
1.3617681901154e-06 0.0035642548134418 0.013301413249249 0.020842463574844 0.024589805100788 0.025986219472282 0.025923756323446 0.024994011414001 0.023606660082261 0.02201607766058 0.020370664215327 0.018799963501549 0.017226824172102 0.015802033116837 0.01449201571128 0.013296218147438 0.01220929102731 0.011222625797528 0.010327709512898 0.0095164124112644
1.511020138e-06 0.0019195630627368 0.0097308057384355 0.01688006241706 0.021365755826041 0.023910305373508 0.024994011414001 0.02504022482625 0.02442382079934 0.023413044674522 0.022189345267889 0.020912628463114 0.019534445356084 0.018229316648189 0.016982130098199 0.015807472713181 0.014710735637512 0.013692519741613 0.012750208407891 0.011881073471799
1.5462749485008e-06 0.00092405136803882 0.0070933810603757 0.013698955677233 0.018469977138828 0.021710821573926 0.023606660082261 0.02442382079934 0.024475309620487 0.024010965935964 0.023220437435329 0.022269991488041 0.021146106807106 0.020020897472772 0.018898730840675 0.017806193592609 0.016757588186657 0.015761797284252 0.014821597722186 0.01393965785711
1.5069946076727e-06 0.00015668464351082 0.0052616549069127 0.011184497204293 0.01595964431938 0.0195771152686 0.02201607766058 0.023413044674522 0.024010965935964 0.0240290339568 0.023646071813511 0.023023080965612 0.022175303946393 0.021260877504374 0.020300710198102 0.019329488164789 0.018369107761711 0.017434401139519 0.016533691493933 0.015673532340123
1.4539150012997e-06 0.00022947994705256 0.0038590804634669 0.0091681981189016 0.013797696798906 0.017584908584007 0.020370664215327 0.022189345267889 0.023220437435329 0.023646071813511 0.023628234082473 0.023310410119831 0.022739282467223 0.022044994181516 0.021263769801967 0.02043577566505 0.019587959345674 0.01874013137103 0.017904615972751 0.017091746306355
0.00018228151058802 0.00065525873743156 0.0029667912972445 0.0075681274163468 0.011980725270098 0.015809637002566 0.018799963501549 0.020912628463114 0.022269991488041 0.023023080965612 0.023310410119831 0.023593009267045 0.022939549266927 0.022452705046446 0.021846793299647 0.021164238445896 0.020436334883934 0.019685166267087 0.018927344067255 0.018174726821804
1.5048259539497e-06 0.00068630311416184 0.0021665732163622 0.0062920626695644 0.010401982995189 0.014148809864085 0.017226824172102 0.019534445356084 0.021146106807106 0.022175303946393 0.022739282467223 0.022939549266927 0.022868186076046 0.022594101876423 0.022174401450345 0.021652881973761 0.021062199735971 0.020427246654424 0.019766372325988 0.019094292002226
1.5823082900196e-06 0.0007585722046374 0.0016396060608497 0.0052652687661335 0.0090798045493297 0.012704175978835 0.015802033116837 0.018229316648189 0.020020897472772 0.021260877504374 0.022044994181516 0.022452705046446 0.022594101876423 0.022506890687326 0.022255198567424 0.021882351119725 0.021421839614444 0.020899565307257 0.020335555111304 0.0197457961189
1.5602656657378e-06 0.00079625688865874 0.0012645181797258 0.0044400867610845 0.0079587403795755 0.011426068201549 0.01449201571128 0.016982130098199 0.018898730840675 0.020300710198102 0.021263769801967 0.021846793299647 0.022174401450345 0.022255198567424 0.02215838244351 0.021925787126209 0.021590887492649 0.0211797475282 0.020713468943566 0.02020869525285
1.6359688867924e-06 0.00077054949921805 0.00097046420437323 0.0037664077614563 0.0070022662732133 0.010295922760619 0.013296218147438 0.015807472713181 0.017806193592609 0.019329488164789 0.02043577566505 0.021164238445896 0.021652881973761 0.021882351119725 0.021925787126209 0.021822996746052 0.021606624655932 0.021302470587127 0.020931992737942 0.02051222713613
2.0411910490676e-06 0.00076447636426179 0.00077226174928734 0.0032208897112923 0.0061869231744802 0.0092979601755598 0.01220929102731 0.014710735637512 0.016757588186657 0.018369107761711 0.019587959345674 0.020436334883934 0.021062199735971 0.021421839614444 0.021590887492649 0.021606624655932 0.021500546344673 0.021297596683749 0.021019332939481 0.020682657286327
2.7729317123029e-06 0.00071234118857842 0.00060278322232337 0.0027670109679188 0.0054833087978836 0.0084130836580032 0.011222625797528 0.013692519741613 0.015761797284252 0.017434401139519 0.01874013137103 0.019685166267087 0.020427246654424 0.020899565307257 0.0211797475282 0.021302470587127 0.021297596683749 0.021189117908965 0.020998146139332 0.020741404394993
3.1533803329176e-06 0.00069609509787493 0.00049466404754519 0.00239377923838 0.0048777394402601 0.0076286147902799 0.010327709512898 0.012750208407891 0.014821597722186 0.016533691493933 0.017904615972751 0.018927344067255 0.019766372325988 0.020335555111304 0.020713468943566 0.020931992737942 0.021019332939481 0.020998146139332 0.020889059842122 0.020708204348928
3.1538199711663e-06 0.00064490278056665 0.00038770554271511 0.002078464712637 0.0043498885988229 0.0069300975041892 0.0095164124112644 0.011881073471799 0.01393965785711 0.015673532340123 0.017091746306355 0.018174726821804 0.019094292002226 0.0197457961189 0.02020869525285 0.02051222713613 0.020682657286327 0.020741404394993 0.020708204348928 0.020598698752895
