0.0019314796313002 0.0017199528829962 0.0017489695577569 0.0014761652237483 0.0013005450491788 0.0011173005839473 0.0010408632512044 0.0010160405979299 0.00098574926654734 0.00096467278308694
0.0017199528829962 0.0012450388162354 0.0012308944821552 0.001094493620938 0.0010095544909786 0.00087433575935378 0.00080174089560299 0.00076724711802586 0.00072916565102685 0.00070976797523376
0.0017489695577569 0.0012308944821552 0.0011253161965421 0.0009823131897337 0.0010093195672711 0.00084621521640279 0.00078681441364581 0.00075789120163512 0.00072081814074324 0.00068981261296874
0.0014761652237483 0.001094493620938 0.0009823131897337 0.0010185806115216 0.00096459813822753 0.0008183084824082 0.00073736092961317 0.00068008354705434 0.00064096415328535 0.00061480713795231
0.0013005450491788 0.0010095544909786 0.0010093195672711 0.00096459813822753 0.0009350544383379 0.00078186329865406 0.00071712354583403 0.00066046217080402 0.00062091269676905 0.00059390322604832
0.0011173005839473 0.00087433575935378 0.00084621521640279 0.0008183084824082 0.00078186329865406 0.00064391521363206 0.00059559885988512 0.00055851927304847 0.00053139226029283 0.00051196776660157
0.0010408632512044 0.00080174089560299 0.00078681441364581 0.00073736092961317 0.00071712354583403 0.00059559885988512 0.00055157088320627 0.00052770590709708 0.00050738716790611 0.00049060448476696
0.0010160405979299 0.00076724711802586 0.00075789120163512 0.00068008354705434 0.00066046217080402 0.00055851927304847 0.00052770590709708 0.00051976731631619 0.00050840553492627 0.00049451580387419
0.00098574926654734 0.00072916565102685 0.00072081814074324 0.00064096415328535 0.00062091269676905 0.00053139226029283 0.00050738716790611 0.00050840553492627 0.00050215697868287 0.00049082263933685
0.00096467278308694 0.00070976797523376 0.00068981261296874 0.00061480713795231 0.00059390322604832 0.00051196776660157 0.00049060448476696 0.00049451580387419 0.00049082263933685 0.00048135053007209
