-0.013302974745555 0.00092247499238785 -0.00071901366467506 0.00045008760774566 -0.00020705099715913 9.7572575046839e-05 -5.2626567905108e-06 -2.9893646577706e-05 3.8028745858049e-05 -3.5733041084725e-05
0.00092247499238785 -0.0093735529802769 0.0029579166153453 -0.0017379458915394 0.001224315201466 -0.00087816737397518 0.00067787252201975 -0.00054136229077942 0.00044483142949208 -0.0003737000736171
-0.00071901366467506 0.0029579166153453 -0.0060819938839462 0.0034722084034542 -0.0024182070186555 0.0018392867307721 -0.0014347619949007 0.0011565846794731 -0.00095471904996424 0.00079875608855021
0.00045008760774566 -0.0017379458915394 0.0034722084034542 -0.004179894868846 0.0031623361715491 -0.0025456017980921 0.0021064728386742 -0.0017758215277694 0.0015208879112618 -0.001320918310162
-0.00020705099715913 0.001224315201466 -0.0024182070186555 0.0031623361715491 -0.0031851973436317 0.0027801859609679 -0.0024263984369051 0.0021323981289688 -0.0018830191688273 0.0016737664090021
9.7572575046839e-05 -0.00087816737397518 0.0018392867307721 -0.0025456017980921 0.0027801859609679 -0.0027303455325508 0.0025205870598229 -0.0023059447131375 0.0020995547925682 -0.0019097209846018
-5.2626567905108e-06 0.00067787252201975 -0.0014347619949007 0.0021064728386742 -0.0024263984369051 0.0025205870598229 -0.0024569033281628 0.0023275675437059 -0.0021754751387005 0.0020200487412628
-2.9893646577706e-05 -0.00054136229077942 0.0011565846794731 -0.0017758215277694 0.0021323981289688 -0.0023059447131375 0.0023275675437059 -0.0022750249160681 0.0021765957046 -0.0020588082059298
3.8028745858049e-05 0.00044483142949208 -0.00095471904996424 0.0015208879112618 -0.0018830191688273 0.0020995547925682 -0.0021754751387005 0.0021765957046 -0.00212506567922 0.0020435643467824
-3.5733041084725e-05 -0.0003737000736171 0.00079875608855021 -0.001320918310162 0.0016737664090021 -0.0019097209846018 0.0020200487412628 -0.0020588082059298 0.0020435643467824 -0.0019953732863188
