0.023765670475821 -0.0077564068727486 0.0063059171431483 -0.004561408790363 0.0036880187955666 -0.0031306594324626 0.0026913574295348 -0.00235473142347 0.0021059989247549 -0.0018961743511975
-0.0077564068727486 0.01339785540374 -0.0053430125392239 0.0038852518890336 -0.0029599298289495 0.0024130020982078 -0.0020507546540731 0.0017538298418472 -0.0015186302637156 0.0013225997780175
0.0063059171431483 -0.0053430125392239 0.0094542376267137 -0.005042216761528 0.0036983337343096 -0.0028929891506387 0.0024008250609838 -0.0020543350431712 0.0017897234643471 -0.0015713762316319
-0.004561408790363 0.0038852518890336 -0.005042216761528 0.0063234529144656 -0.0045611817201197 0.0036107811177466 -0.0029813583359669 0.0025330552036419 -0.0021919485485115 0.0019230440430209
0.0036880187955666 -0.0029599298289495 0.0036983337343096 -0.0045611817201197 0.0046539313138998 -0.0038812502006535 0.0033035035252896 -0.0028533431452252 0.002495877212646 -0.0022053420019569
-0.0031306594324626 0.0024130020982078 -0.0028929891506387 0.0036107811177466 -0.0038812502006535 0.0037083411013612 -0.0033234108365206 0.0029676972647527 -0.0026561839660911 0.0023899284075229
0.0026913574295348 -0.0020507546540731 0.0024008250609838 -0.0029813583359669 0.0033035035252896 -0.0033234108365206 0.0031758116211984 -0.0029420967519204 0.0027050916084362 -0.0024847730782088
-0.00235473142347 0.0017538298418472 -0.0020543350431712 0.0025330552036419 -0.0028533431452252 0.0029676972647527 -0.0029420967519204 0.0028244889565022 -0.0026625461495984 0.0024928796927853
0.0021059989247549 -0.0015186302637156 0.0017897234643471 -0.0021919485485115 0.002495877212646 -0.0026561839660911 0.0027050916084362 -0.0026625461495984 0.0025664598147846 -0.0024450015338865
-0.0018961743511975 0.0013225997780175 -0.0015713762316319 0.0019230440430209 -0.0022053420019569 0.0023899284075229 -0.0024847730782088 0.0024928796927853 -0.0024450015338865 0.0023646644882531
