0.00018171351836621 0.00094694792756543 0.00098998774833272 0.00086990877842601 0.00073257722520294 0.00064544422777504 0.00059724674273461 0.00055659137426723 0.00052747601235917 0.00050561080789123
0.00094694792756543 0.00040777248046011 0.00031326124543113 0.00027137434616462 0.00021034474484073 0.00019273102268206 0.00017296852470736 0.00015864385967656 0.00014702294086639 0.00013809419961677
0.00098998774833272 0.00031326124543113 0.00044478205752365 0.00029737221788209 0.0002285244561689 0.0002031656339425 0.0001861457555211 0.00017209421593225 0.00016324351164661 0.00015653607445022
0.00086990877842601 0.00027137434616462 0.00029737221788209 0.00032757669933094 0.00022808610632572 0.00019384373681029 0.00018044771809752 0.00016631049326964 0.00015760886465346 0.00015012309724528
0.00073257722520294 0.00021034474484073 0.0002285244561689 0.00022808610632572 0.00023345186947389 0.00018949831131494 0.00017039674380558 0.00015341109612092 0.00014204583520108 0.00013323838628903
0.00064544422777504 0.00019273102268206 0.0002031656339425 0.00019384373681029 0.00018949831131494 0.00018009987081662 0.00016526039830349 0.00014895192951495 0.0001366976583168 0.00012698988066929
0.00059724674273461 0.00017296852470736 0.0001861457555211 0.00018044771809752 0.00017039674380558 0.00016526039830349 0.00016047266259671 0.00014822640403098 0.00013790752221096 0.00012907072085884
0.00055659137426723 0.00015864385967656 0.00017209421593225 0.00016631049326964 0.00015341109612092 0.00014895192951495 0.00014822640403098 0.00014098669228576 0.00013361488859749 0.00012661878532992
0.00052747601235917 0.00014702294086639 0.00016324351164661 0.00015760886465346 0.00014204583520108 0.0001366976583168 0.00013790752221096 0.00013361488859749 0.00012921837773118 0.0001242649694539
0.00050561080789123 0.00013809419961677 0.00015653607445022 0.00015012309724528 0.00013323838628903 0.00012698988066929 0.00012907072085884 0.00012661878532992 0.0001242649694539 0.00012103053628474
