0.00015323396769328 0.00074637385257349 0.0008324363266438 0.0007782619240553 0.00062876621566549 0.00051908885613723 0.00045336768872398 0.00039238310462635 0.00036032749341716 0.00033595006708591
0.00074637385257349 0.00023086766851089 0.00018991855668437 0.00018395334286212 0.00014684866909405 0.00012123933981985 0.00010274442303531 8.9738908872068e-05 8.3814824703515e-05 7.8445236822767e-05
0.0008324363266438 0.00018991855668437 0.00029134220704049 0.00020043820621461 0.00015986325626711 0.00013176401935388 0.00011447359252064 9.9456386461553e-05 9.0931077804504e-05 8.3554484379928e-05
0.0007782619240553 0.00018395334286212 0.00020043820621461 0.0002655512609837 0.0001617521015171 0.00012640887866975 0.00011522122368691 0.00010205828389408 9.5075644010353e-05 8.8670872951395e-05
0.00062876621566549 0.00014684866909405 0.00015986325626711 0.0001617521015171 0.00017199975748546 0.00011670163080503 9.7430772084921e-05 8.3225034886055e-05 7.5674133048668e-05 7.0235228798537e-05
0.00051908885613723 0.00012123933981985 0.00013176401935388 0.00012640887866975 0.00011670163080503 0.00010905322672898 8.9269526354066e-05 7.4022969838871e-05 6.7353225685837e-05 6.2057987899495e-05
0.00045336768872398 0.00010274442303531 0.00011447359252064 0.00011522122368691 9.7430772084921e-05 8.9269526354066e-05 8.9344686253025e-05 7.257290576164e-05 6.4680066787395e-05 5.8805028038193e-05
0.00039238310462635 8.9738908872068e-05 9.9456386461553e-05 0.00010205828389408 8.3225034886055e-05 7.4022969838871e-05 7.257290576164e-05 6.4522586429112e-05 5.8748574706469e-05 5.426204591293e-05
0.00036032749341716 8.3814824703515e-05 9.0931077804504e-05 9.5075644010353e-05 7.5674133048668e-05 6.7353225685837e-05 6.4680066787395e-05 5.8748574706469e-05 5.6072491142947e-05 5.2663435447096e-05
0.00033595006708591 7.8445236822767e-05 8.3554484379928e-05 8.8670872951395e-05 7.0235228798537e-05 6.2057987899495e-05 5.8805028038193e-05 5.426204591293e-05 5.2663435447096e-05 5.0740543405116e-05
