0.00014060759405273 0.00018360586507479 0.00017472664036301 0.00014840103250166 0.00012313631543756 0.0001083199622938 9.9827139305217e-05 9.3723224594705e-05 8.7738018279226e-05 8.325945242712e-05
0.00018360586507479 0.00022110793554159 0.00022046278552724 0.00018758762312351 0.00015729951072959 0.00013263258979045 0.00012053574711623 0.00011357033254368 0.00010711756550791 0.00010234905691623
0.00017472664036301 0.00022046278552724 0.00021168066571937 0.00018323341506291 0.00015480875899417 0.00013130179581218 0.00011956773309553 0.00011171894776499 0.00010501672665874 9.9921270719372e-05
0.00014840103250166 0.00018758762312351 0.00018323341506291 0.00015730304606237 0.00013435110053751 0.00011217064834472 0.00010122222466173 9.3646772681833e-05 8.8245085130686e-05 8.4300946022284e-05
0.00012313631543756 0.00015729951072959 0.00015480875899417 0.00013435110053751 0.00010527222214704 9.0645371007575e-05 8.3868825303262e-05 7.7492425812745e-05 7.3122873505167e-05 6.9766865950011e-05
0.0001083199622938 0.00013263258979045 0.00013130179581218 0.00011217064834472 9.0645371007575e-05 7.8892721701083e-05 7.3173337755785e-05 6.8096039665698e-05 6.4273982093453e-05 6.1333461942441e-05
9.9827139305217e-05 0.00012053574711623 0.00011956773309553 0.00010122222466173 8.3868825303262e-05 7.3173337755785e-05 6.7159820895377e-05 6.2679563100368e-05 5.9528334751627e-05 5.6997338847925e-05
9.3723224594705e-05 0.00011357033254368 0.00011171894776499 9.3646772681833e-05 7.7492425812745e-05 6.8096039665698e-05 6.2679563100368e-05 5.8956469469119e-05 5.6204319433463e-05 5.3971647134393e-05
8.7738018279226e-05 0.00010711756550791 0.00010501672665874 8.8245085130686e-05 7.3122873505167e-05 6.4273982093453e-05 5.9528334751627e-05 5.6204319433463e-05 5.3756143424296e-05 5.1714061025047e-05
8.325945242712e-05 0.00010234905691623 9.9921270719372e-05 8.4300946022284e-05 6.9766865950011e-05 6.1333461942441e-05 5.6997338847925e-05 5.3971647134393e-05 5.1714061025047e-05 4.9789999318485e-05
