0.0003969599551446 0.00051718619445388 0.00055615673650425 0.00043307363884636 0.00032776857894739 0.00028146457936543 0.00025442882780615 0.00021623193294463 0.00020182903390387 0.00019606618033109
0.00051718619445388 0.00067418466260526 0.0006916905937293 0.00049539500232373 0.00038983482461203 0.00031826555845068 0.00028838632835016 0.00024873179631767 0.00022928820211013 0.00021943517220948
0.00055615673650425 0.0006916905937293 0.00057165004304359 0.00047936434318398 0.00043617153388615 0.00035875370720353 0.00031850469577342 0.00027271099544479 0.00025082340504018 0.00023831035105045
0.00043307363884636 0.00049539500232373 0.00047936434318398 0.00032154973691428 0.00031569928067131 0.00026597218962756 0.00024306705491866 0.00020739147808813 0.00019268049653348 0.00018780022239394
0.00032776857894739 0.00038983482461203 0.00043617153388615 0.00031569928067131 0.00028460961212902 0.00023077037241878 0.00020701394335155 0.00016292958197837 0.00014936990332079 0.00014278570065349
0.00028146457936543 0.00031826555845068 0.00035875370720353 0.00026597218962756 0.00023077037241878 0.00016800198551278 0.00015364630911505 0.00012944289562369 0.00011757454334696 0.00011313957057336
0.00025442882780615 0.00028838632835016 0.00031850469577342 0.00024306705491866 0.00020701394335155 0.00015364630911505 0.00013572406904397 0.00012032470883287 0.00010944009470009 0.00010452225626361
0.00021623193294463 0.00024873179631767 0.00027271099544479 0.00020739147808813 0.00016292958197837 0.00012944289562369 0.00012032470883287 0.00010662432485602 9.5184878607749e-05 8.9938959428352e-05
0.00020182903390387 0.00022928820211013 0.00025082340504018 0.00019268049653348 0.00014936990332079 0.00011757454334696 0.00010944009470009 9.5184878607749e-05 8.3994466499741e-05 7.9576323682678e-05
0.00019606618033109 0.00021943517220948 0.00023831035105045 0.00018780022239394 0.00014278570065349 0.00011313957057336 0.00010452225626361 8.9938959428352e-05 7.9576323682678e-05 7.5972060369847e-05
