0.028749957348674 -0.0097148093345959 0.0072572157972184 -0.0059898128876243 0.0050130525495302 -0.0042663753376585 0.0036890364010417 -0.0032530420166619 0.0028912360986685 -0.0025910654514689
-0.0097148093345959 0.014210363083648 -0.0060881701072574 0.004730455187106 -0.0037213569494287 0.0031089852289191 -0.0026256547673203 0.002256536560283 -0.0019748320599177 0.0017455394066016
0.0072572157972184 -0.0060881701072574 0.0096639599442606 -0.0058085232508283 0.0042705078172154 -0.0034541993980264 0.0028437873876335 -0.0023966863849566 0.0020655713268551 -0.0018090457449799
-0.0059898128876243 0.004730455187106 -0.0058085232508283 0.0068102078114424 -0.0050323601416889 0.0040981802189605 -0.0034119325766471 0.002889885588458 -0.0024949475026638 0.0021821892880991
0.0050130525495302 -0.0037213569494287 0.0042705078172154 -0.0050323601416889 0.0049181696068806 -0.0042268595360129 0.0036385976307079 -0.0031619812802729 0.0027789272919685 -0.0024637362292696
-0.0042663753376585 0.0031089852289191 -0.0034541993980264 0.0040981802189605 -0.0042268595360129 0.0040463514258866 -0.0036461164635799 0.0032679158365785 -0.0029380368838335 0.0026521041434272
0.0036890364010417 -0.0026256547673203 0.0028437873876335 -0.0034119325766471 0.0036385976307079 -0.0036461164635799 0.0034556679648771 -0.0031961382604326 0.0029408680595622 -0.002703684266194
-0.0032530420166619 0.002256536560283 -0.0023966863849566 0.002889885588458 -0.0031619812802729 0.0032679158365785 -0.0031961382604326 0.0030459966950232 -0.0028660020263401 0.0026824575687283
0.0028912360986685 -0.0019748320599177 0.0020655713268551 -0.0024949475026638 0.0027789272919685 -0.0029380368838335 0.0029408680595622 -0.0028660020263401 0.0027509899101045 -0.0026174022831607
-0.0025910654514689 0.0017455394066016 -0.0018090457449799 0.0021821892880991 -0.0024637362292696 0.0026521041434272 -0.002703684266194 0.0026824575687283 -0.0026174022831607 0.0025267378702213
