0.023637787151773 -0.0078233347785692 0.0060328101175515 -0.0044232562206406 0.0037727892095995 -0.0032450704936059 0.0028270650783135 -0.0025195422487717 0.0022496493168109 -0.0020172417461278
-0.0078233347785692 0.013323839240596 -0.0053160955460747 0.0039668235867454 -0.0030828387286391 0.002509588632296 -0.0020861520582963 0.0017777797770944 -0.0015413729940991 0.001345038764341
0.0060328101175515 -0.0053160955460747 0.0092112270666608 -0.0049804671689843 0.0036259286116307 -0.0029062497821269 0.0024170743885451 -0.0020789081908348 0.001823724773962 -0.0016096941960985
-0.0044232562206406 0.0039668235867454 -0.0049804671689843 0.006263023335597 -0.0045737828023536 0.0036629605666494 -0.0030139993300295 0.0025594511545429 -0.0022094023433149 0.001931690844913
0.0037727892095995 -0.0030828387286391 0.0036259286116307 -0.0045737828023536 0.0046600725855153 -0.0039524777959839 0.0033544325983071 -0.0028954877315917 0.002530935620561 -0.0022353999527581
-0.0032450704936059 0.002509588632296 -0.0029062497821269 0.0036629605666494 -0.0039524777959839 0.003806409913323 -0.0033993426418826 0.0030309891618541 -0.002707291497909 0.0024324498510894
0.0028270650783135 -0.0020861520582963 0.0024170743885451 -0.0030139993300295 0.0033544325983071 -0.0033993426418826 0.0032279736502925 -0.0029851245994094 0.002736517753523 -0.0025070968137311
-0.0025195422487717 0.0017777797770944 -0.0020789081908348 0.0025594511545429 -0.0028954877315917 0.0030309891618541 -0.0029851245994094 0.0028575231042987 -0.0026851720566982 0.0025075087241601
0.0022496493168109 -0.0015413729940991 0.001823724773962 -0.0022094023433149 0.002530935620561 -0.002707291497909 0.002736517753523 -0.0026851720566982 0.0025794878523368 -0.0024510886528897
-0.0020172417461278 0.001345038764341 -0.0016096941960985 0.001931690844913 -0.0022353999527581 0.0024324498510894 -0.0025070968137311 0.0025075087241601 -0.0024510886528897 0.0023648035512392
