0.018181882633021 0.0027763040207734 0.0016848187545704 0.00084203439383663 0.00052718301026019 0.00030983229751981 0.00015974475705923 6.2889223207808e-05 2.0428083507393e-05 6.5595370516121e-05
0.0027763040207734 0.01203843424288 0.0044180322634018 0.002618613188772 0.0019031721945659 0.0015014590226771 0.0012589837164656 0.0010548479856078 0.0008962299992442 0.00077121074678498
0.0016848187545704 0.0044180322634018 0.0092066685285212 0.0056296787910023 0.0040277483248679 0.0030884767814071 0.0025009798941056 0.0020668939373472 0.0017490697984894 0.0015082605391037
0.00084203439383663 0.002618613188772 0.0056296787910023 0.0068193226839409 0.0053120867388446 0.004286598777636 0.0035768407880785 0.0030270027950023 0.0026076587913164 0.002284130000259
0.00052718301026019 0.0019031721945659 0.0040277483248679 0.0053120867388446 0.0055129811771114 0.0048707026012205 0.0042807553814505 0.0037489907569849 0.0033057656048611 0.0029426079373606
0.00030983229751981 0.0015014590226771 0.0030884767814071 0.004286598777636 0.0048707026012205 0.004839212844436 0.0045094393792865 0.004105378766004 0.0037185209915018 0.0033752309553927
0.00015974475705923 0.0012589837164656 0.0025009798941056 0.0035768407880785 0.0042807553814505 0.0045094393792865 0.0044666231716923 0.0042277504866299 0.0039375297302164 0.00364850599806
6.2889223207808e-05 0.0010548479856078 0.0020668939373472 0.0030270027950023 0.0037489907569849 0.004105378766004 0.0042277504866299 0.0041497978446701 0.0039698940038056 0.0037553197378644
2.0428083507393e-05 0.0008962299992442 0.0017490697984894 0.0026076587913164 0.0033057656048611 0.0037185209915018 0.0039375297302164 0.0039698940038056 0.0038908030185355 0.0037532747875541
6.5595370516121e-05 0.00077121074678498 0.0015082605391037 0.002284130000259 0.0029426079373606 0.0033752309553927 0.00364850599806 0.0037553197378644 0.0037532747875541 0.0036855021323061
