-0.0058121192486585 0.00037147968038915 -5.4269142748445e-05 0.00058583057264306 -0.00013101767380446 0.00017037355770059 -0.00015643384136205 0.00014722354734969 -0.00010552608830312 6.1222065163637e-05
0.00037147968038915 -0.0088506444072916 0.0013991965626506 -0.0018976079042218 0.00064476874482842 -0.00047923193424004 0.00030147453038035 -0.00021811324478851 0.00014999775015405 -9.7324936369375e-05
-5.4269142748445e-05 0.0013991965626506 -0.0065938575075549 0.0025991082919833 -0.0012035956980812 0.00078889993186479 -0.00074147000124579 0.00070759861149587 -0.00065276264957166 0.00061268026686722
0.00058583057264306 -0.0018976079042218 0.0025991082919833 -0.0052554122332404 0.0029683255870765 -0.0020761413369382 0.0015232260427003 -0.0011357719190386 0.00089392419317059 -0.00070204228114132
-0.00013101767380446 0.00064476874482842 -0.0012035956980812 0.0029683255870765 -0.0034556365207359 0.0025653834467592 -0.0019691108257915 0.0015822065671065 -0.0013127052114933 0.0011179798522581
0.00017037355770059 -0.00047923193424004 0.00078889993186479 -0.0020761413369382 0.0025653834467592 -0.002567194275393 0.0021839783050545 -0.0018466902177017 0.001596893594165 -0.0013892033609007
-0.00015643384136205 0.00030147453038035 -0.00074147000124579 0.0015232260427003 -0.0019691108257915 0.0021839783050545 -0.0021451527772569 0.0019621835239677 -0.0017809139350889 0.0016104680226552
0.00014722354734969 -0.00021811324478851 0.00070759861149587 -0.0011357719190386 0.0015822065671065 -0.0018466902177017 0.0019621835239677 -0.0019583148330162 0.0018667143342798 -0.0017506922558846
-0.00010552608830312 0.00014999775015405 -0.00065276264957166 0.00089392419317059 -0.0013127052114933 0.001596893594165 -0.0017809139350889 0.0018667143342798 -0.0018505516418046 0.0017851600117079
6.1222065163637e-05 -9.7324936369375e-05 0.00061268026686722 -0.00070204228114132 0.0011179798522581 -0.0013892033609007 0.0016104680226552 -0.0017506922558846 0.0017851600117079 -0.0017646767039143
