0 3.1205546261927 -0.050015127389729 3.0264753713163 -0.079381305603977 3.0882833688476 -0.021027991064436 -3.1225908978354 0.061757350457108 -3.0351300899128
-3.1205546261927 0 -3.1311032360595 0.0098270892385701 3.1382514084477 0.010791457116567 -3.114593974762 0.047785601395887 -3.0739896863213 0.089334915257997
0.050015127389729 3.1311032360595 0 3.1351904600325 -0.0063303935649043 -3.1400777519482 0.0068070467576536 -3.1265012416955 0.024662504558939 -3.1054723095417
-3.0264753713163 -0.0098270892385701 -3.1351904600325 0 -3.1389258509544 0.0080532277322694 -3.1285722117984 0.019661593091756 -3.1147886407834 0.034828023194544
0.079381305603977 -3.1382514084477 0.0063303935649043 3.1389258509544 0 -3.1360964224115 0.0097625285387197 -3.126368618016 0.020824343405504 -3.1146680408668
-3.0882833688476 -0.010791457116567 3.1400777519482 -0.0080532277322694 3.1360964224115 0 -3.1381100328602 0.0078508978297052 -3.1294050705291 0.01681277993445
0.021027991064436 3.114593974762 -0.0068070467576536 3.1285722117984 -0.0097625285387197 3.1381100328602 0 -3.1375415641734 0.007895127345669 -3.1297138584869
3.1225908978354 -0.047785601395887 3.1265012416955 -0.019661593091756 3.126368618016 -0.0078508978297052 3.1375415641734 0 -3.1379508357164 0.007254189667738
-0.061757350457108 3.0739896863213 -0.024662504558939 3.1147886407834 -0.020824343405504 3.1294050705291 -0.007895127345669 3.1379508357164 0 -3.1381475517458
3.0351300899128 -0.089334915257997 3.1054723095417 -0.034828023194544 3.1146680408668 -0.01681277993445 3.1297138584869 -0.007254189667738 3.1381475517458 0
