0.0002626163732968 0.0002197882943139 0.00018486464054924 0.00015618479250392 0.00012864826814734 0.00011251036716412 9.9786574552534e-05 9.2842640826052e-05 8.8161882746809e-05 8.4586480412482e-05
0.0002197882943139 0.00019583227521103 0.00016205313932446 0.00012825599269253 0.0001059200241444 9.3178933491929e-05 8.4783902553329e-05 7.9857077819117e-05 7.6326846529574e-05 7.3395399853185e-05
0.00018486464054924 0.00016205313932446 0.00012712965008916 0.00010449654937004 8.7745457335878e-05 7.7821718862811e-05 6.9801348524103e-05 6.5187639547491e-05 6.1871563302602e-05 5.9492721067888e-05
0.00015618479250392 0.00012825599269253 0.00010449654937004 8.6926748226335e-05 7.3153952799312e-05 6.4694072930293e-05 5.7800129822404e-05 5.3816258965866e-05 5.1029520689499e-05 4.8961164786416e-05
0.00012864826814734 0.0001059200241444 8.7745457335878e-05 7.3153952799312e-05 6.0189138387051e-05 5.3232231921944e-05 4.7380376581229e-05 4.4216204849173e-05 4.2119841520279e-05 4.0650727185665e-05
0.00011251036716412 9.3178933491929e-05 7.7821718862811e-05 6.4694072930293e-05 5.3232231921944e-05 4.6666936970878e-05 4.1873325551847e-05 3.910012549715e-05 3.7248418402024e-05 3.5907512938796e-05
9.9786574552534e-05 8.4783902553329e-05 6.9801348524103e-05 5.7800129822404e-05 4.7380376581229e-05 4.1873325551847e-05 3.7754523676464e-05 3.5278503464078e-05 3.3639657043875e-05 3.2479993345047e-05
9.2842640826052e-05 7.9857077819117e-05 6.5187639547491e-05 5.3816258965866e-05 4.4216204849173e-05 3.910012549715e-05 3.5278503464078e-05 3.3022758899545e-05 3.1504434902915e-05 3.0416323660743e-05
8.8161882746809e-05 7.6326846529574e-05 6.1871563302602e-05 5.1029520689499e-05 4.2119841520279e-05 3.7248418402024e-05 3.3639657043875e-05 3.1504434902915e-05 3.0057844856367e-05 2.8999270411355e-05
8.4586480412482e-05 7.3395399853185e-05 5.9492721067888e-05 4.8961164786416e-05 4.0650727185665e-05 3.5907512938796e-05 3.2479993345047e-05 3.0416323660743e-05 2.8999270411355e-05 2.7960608219071e-05
