-0.0011234623997131 -0.0040275969727548 0.0040842486358928 -0.0043059867702089 0.004544658485905 -0.0047790515489779 0.0050006655012222 -0.0052125909261808 0.0054090418499462 -0.0055984086841436
-0.0040275969727548 -0.0024255114482275 -0.0040880518238384 0.0044205519696877 -0.0047429309898422 0.0050277262562596 -0.0052947949186723 0.0055339863117741 -0.0057685334385343 0.0059745368204187
0.0040842486358928 -0.0040880518238384 -0.0012777930022603 -0.0048779564119589 0.0053833289960986 -0.0057945132409047 0.0061358905797304 -0.0064537470557437 0.0067293865907209 -0.0070065214254641
-0.0043059867702089 0.0044205519696877 -0.0048779564119589 0.00032435974124565 -0.0056926766631053 0.0063108808757317 -0.0067826744258216 0.0071592637763928 -0.0075132956799744 0.0078106315487891
0.004544658485905 -0.0047429309898422 0.0053833289960986 -0.0056926766631053 0.0020234509816626 -0.0065439164667169 0.0072185204466325 -0.0077275109322043 0.0081250716677717 -0.0085044320502217
-0.0047790515489779 0.0050277262562596 -0.0057945132409047 0.0063108808757317 -0.0065439164667169 0.0036668364273384 -0.0074221257432551 0.0081124830942226 -0.008642159647432 0.0090499556909968
0.0050006655012222 -0.0052947949186723 0.0061358905797304 -0.0067826744258216 0.0072185204466325 -0.0074221257432551 0.0051978656895566 -0.0083167936621632 0.0089968693012122 -0.0095349680481426
-0.0052125909261808 0.0055339863117741 -0.0064537470557437 0.0071592637763928 -0.0077275109322043 0.0081124830942226 -0.0083167936621632 0.0066051148556016 -0.009218547887421 0.0098721240270699
0.0054090418499462 -0.0057685334385343 0.0067293865907209 -0.0075132956799744 0.0081250716677717 -0.008642159647432 0.0089968693012122 -0.009218547887421 0.0078991897140752 -0.010119503004676
-0.0055984086841436 0.0059745368204187 -0.0070065214254641 0.0078106315487891 -0.0085044320502217 0.0090499556909968 -0.0095349680481426 0.0098721240270699 -0.010119503004676 0.0090948996204959
