-0.0036486196205898 -0.002568857049612 0.0022707529470202 -0.0022281124169624 0.0022523976143857 -0.0023042926329993 0.0023691356194305 -0.0024396968788147 0.0025122385717676 -0.0025853354335924
-0.002568857049612 -0.0044199438445292 -0.0015343009265187 0.0016267357235475 -0.0017170575640755 0.0017998662566317 -0.0018797162239646 0.0019572002784294 -0.0020323802509616 0.0021043869921276
0.0022707529470202 -0.0015343009265187 -0.0036768039680802 -0.0014468203419509 0.0017049620111843 -0.0018670471482711 0.0019893544411233 -0.0020949074298628 0.0021910030238386 -0.0022806127927265
-0.0022281124169624 0.0016267357235475 -0.0014468203419509 -0.0027367073185549 -0.0015143698067617 0.0018626164303816 -0.0020692126363544 0.0022192319271058 -0.0023436646891835 0.0024543823521731
0.0022523976143857 -0.0017170575640755 0.0017049620111843 -0.0015143698067617 -0.0017973532099348 -0.0016727285223024 0.0020619366314773 -0.0022938675987526 0.0024627616485214 -0.0026009126014162
-0.0023042926329993 0.0017998662566317 -0.0018670471482711 0.0018626164303816 -0.0016727285223024 -0.00093254300276621 -0.0018917397735652 0.0022904070571701 -0.0025340383177999 0.0027150682078643
0.0023691356194305 -0.0018797162239646 0.0019893544411233 -0.0020692126363544 0.0020619366314773 -0.0018917397735652 -0.00016146508977099 -0.002150750402561 0.0025406653997756 -0.0027864492377914
-0.0024396968788147 0.0019572002784294 -0.0020949074298628 0.0022192319271058 -0.0022938675987526 0.0022904070571701 -0.002150750402561 0.00052046859470648 -0.0024346630424158 0.0028066747297782
0.0025122385717676 -0.0020323802509616 0.0021910030238386 -0.0023436646891835 0.0024627616485214 -0.0025340383177999 0.0025406653997756 -0.0024346630424158 0.0011260882374272 -0.0027323276547714
-0.0025853354335924 0.0021043869921276 -0.0022806127927265 0.0024543823521731 -0.0026009126014162 0.0027150682078643 -0.0027864492377914 0.0028066747297782 -0.0027323276547714 0.001669167289119
