0.0022873120161733 -0.00046450400231004 0.00089942754321886 -0.0013811421108143 0.0012928904142755 -0.0017691712266162 0.0014478204590731 -0.00206533975434 0.0014817209761077 -0.0023828528257961
-0.00046450400231004 0.0065551086471188 -0.0015984252089635 0.0014495325616131 -0.0024724274176038 0.0018085501465351 -0.0030635390858375 0.0019140294973868 -0.0036649115194345 0.0017404237827781
0.00089942754321886 -0.0015984252089635 0.0078712619980548 -0.0028979795653594 0.002253281649893 -0.0035407619312803 0.0024850151921129 -0.004163768889911 0.0024548098031384 -0.0050041834705282
-0.0013811421108143 0.0014495325616131 -0.0028979795653594 0.0083095737346162 -0.0038558806000139 0.0031467038128214 -0.0042530954399015 0.0033244790849146 -0.0048513516504802 0.0030998250478476
0.0012928904142755 -0.0024724274176038 0.002253281649893 -0.0038558806000139 0.0082413659869333 -0.0046064737819327 0.0036461011231355 -0.0049792739225806 0.0035352098834399 -0.0060845684323274
-0.0017691712266162 0.0018085501465351 -0.0035407619312803 0.0031467038128214 -0.0046064737819327 0.0084543920144096 -0.0051592978537203 0.0044113455112758 -0.0057941500450066 0.0038512131182823
0.0014478204590731 -0.0030635390858375 0.0024850151921129 -0.0042530954399015 0.0036461011231355 -0.0051592978537203 0.0082294003485951 -0.0058807845563817 0.0041682848433069 -0.0059894549866208
-0.00206533975434 0.0019140294973868 -0.004163768889911 0.0033244790849146 -0.0049792739225806 0.0044113455112758 -0.0058807845563817 0.0084055333089758 -0.0057141847641895 0.0078167146480123
0.0014817209761077 -0.0036649115194345 0.0024548098031384 -0.0048513516504802 0.0035352098834399 -0.0057941500450066 0.0041682848433069 -0.0057141847641895 0.011098675294196 -0.0026765643585608
-0.0023828528257961 0.0017404237827781 -0.0050041834705282 0.0030998250478476 -0.0060845684323274 0.0038512131182823 -0.0059894549866208 0.0078167146480123 -0.0026765643585608 0.012028286193353
