-0.010973575056715 -0.0020651978374901 0.0023504685551029 -0.0019477958284223 0.0017135107885719 -0.0015325382279732 0.0014086968456957 -0.001314224218444 0.0012427637377354 -0.0011857444330049
-0.0020651978374901 -0.010923972843215 0.00044294413138662 0.0012562564119035 -0.0011123720125255 0.0010908719386204 -0.0010105889581834 0.00096920107645985 -0.00092653926032584 0.00089810486938556
0.0023504685551029 0.00044294413138662 -0.010451979394071 0.0013818656910533 0.00089627031683347 -0.00087300697211603 0.00096162907640957 -0.00092130056489025 0.00092002258263518 -0.00090007490009155
-0.0019477958284223 0.0012562564119035 0.0013818656910533 -0.0096911607988196 0.0018945468791883 0.00061216530277414 -0.00068617591331481 0.00085674446039822 -0.00085570708483563 0.00088565474841768
0.0017135107885719 -0.0011123720125255 0.00089627031683347 0.0018945468791883 -0.0088264223934571 0.0021520242298729 0.00038889472532637 -0.00053683336855234 0.00076441413741857 -0.00079937684713751
-0.0015325382279732 0.0010908719386204 -0.00087300697211603 0.00061216530277414 0.0021520242298729 -0.0079743182638002 0.0022384202945792 0.00022869787083094 -0.00041939209804968 0.00068828952248548
0.0014086968456957 -0.0010105889581834 0.00096162907640957 -0.00068617591331481 0.00038889472532637 0.0022384202945792 -0.0071915278825802 0.0022133018121035 0.00013146477676107 -0.00032977785378799
-0.001314224218444 0.00096920107645985 -0.00092130056489024 0.00085674446039822 -0.00053683336855234 0.00022869787083094 0.0022133018121035 -0.0065003982050713 0.0021168000736654 9.228637628131e-05
0.0012427637377354 -0.00092653926032584 0.00092002258263518 -0.00085570708483563 0.00076441413741857 -0.00041939209804968 0.00013146477676107 0.0021168000736654 -0.005908618861844 0.0019667927258222
-0.0011857444330049 0.00089810486938556 -0.00090007490009154 0.00088565474841768 -0.00079937684713751 0.00068828952248548 -0.00032977785378799 9.2286376281309e-05 0.0019667927258222 -0.0054420859668759
