-0.004210724552885 -0.0024309753956171 0.0031824127687535 -0.0031605967697565 0.0031198096822837 -0.0031387163068361 0.0031565085993598 -0.0031992572164558 0.0032357438423951 -0.0032898987306923
-0.0024309753956171 -0.0061015055555747 -0.001223152500426 0.002979786548149 -0.0031183893464178 0.0031001623528765 -0.0031755855725461 0.003190332597687 -0.0032635291815717 0.0032814488955558
0.0031824127687535 -0.001223152500426 -0.0066151160245218 -0.00085903196987366 0.0032062359803319 -0.0034524842177453 0.0034949000253311 -0.0036312686208876 0.0036530526776416 -0.0037750215722089
-0.0031605967697565 0.002979786548149 -0.00085903196987366 -0.0063408821295974 -0.00070860591637271 0.0033790821429017 -0.0037024150224637 0.0038115505578782 -0.0040053858546774 0.0040311543002778
0.0031198096822837 -0.0031183893464178 0.0032062359803319 -0.00070860591637271 -0.0056461732146812 -0.00075526789024758 0.0035330104461504 -0.0039136278208522 0.0040840778370701 -0.0043298328879554
-0.0031387163068361 0.0031001623528765 -0.0034524842177453 0.0033790821429017 -0.00075526789024758 -0.0047677894829075 -0.00095185106178152 0.0036937570552308 -0.0041161067652976 0.0043301681817913
0.0031565085993598 -0.0031755855725461 0.0034949000253311 -0.0037024150224637 0.0035330104461504 -0.00095185106178152 -0.0038391834210386 -0.0012574150251692 0.0038774268051529 -0.0043225737056699
-0.0031992572164558 0.0031903325976871 -0.0036312686208876 0.0038115505578782 -0.0039136278208522 0.0036937570552308 -0.0012574150251692 -0.0029372232837053 -0.0016361789295909 0.0040914709092594
0.0032357438423951 -0.0032635291815717 0.0036530526776416 -0.0040053858546774 0.0040840778370701 -0.0041161067652976 0.0038774268051529 -0.0016361789295909 -0.0020961631797857 -0.002057965542527
-0.0032898987306923 0.0032814488955558 -0.0037750215722089 0.0040311543002778 -0.0043298328879554 0.0043301681817913 -0.0043225737056699 0.0040914709092594 -0.002057965542527 -0.0013331238529373
