0.0096386737518047 0.00023838694992185 -0.00061023547284613 0.00015162938333016 0.00018509878180886 -0.00044913820194458 0.00066360794923053 -0.00083926171868774 0.0009898824283879 -0.0011214746993786
0.00023838694992185 0.010169870940787 -0.0018199782727859 0.00013836560565965 -0.00036534572962812 0.00053377867952378 -0.00068813905705911 0.00082798332720437 -0.00094532158710108 0.0010503362057814
-0.00061023547284613 -0.0018199782727859 0.010701411827696 -0.0029802635063236 0.00072239740532308 -0.00083840828276291 0.00091819217525277 -0.0010325063930211 0.0011449818654605 -0.0012449766855674
0.00015162938333016 0.00013836560565965 -0.0029802635063236 0.01072489815999 -0.0037779288340533 0.0012700342060743 -0.0012977465646907 0.0012949872896501 -0.0013750359036448 0.0014565047601755
0.00018509878180886 -0.00036534572962812 0.00072239740532308 -0.0037779288340533 0.010452906731975 -0.0043267861173496 0.0017668012906434 -0.0017297405629038 0.0016531945681648 -0.0017083128274023
-0.00044913820194457 0.00053377867952378 -0.00083840828276291 0.0012700342060743 -0.0043267861173496 0.010060573836574 -0.0046996416394296 0.0021992093214582 -0.0021282668014891 0.0019886992431824
0.00066360794923053 -0.00068813905705911 0.00091819217525277 -0.0012977465646907 0.0017668012906434 -0.0046996416394296 0.0096463697030165 -0.0049502587292695 0.0025658839428553 -0.002490493500647
-0.00083926171868774 0.00082798332720437 -0.0010325063930211 0.0012949872896501 -0.0017297405629038 0.0021992093214582 -0.0049502587292695 0.0092662124462576 -0.0051155424982893 0.0028715255591068
0.0009898824283879 -0.00094532158710108 0.0011449818654605 -0.0013750359036448 0.0016531945681648 -0.0021282668014891 0.0025658839428553 -0.0051155424982893 0.0089496115212241 -0.0052210418158159
-0.0011214746993786 0.0010503362057814 -0.0012449766855674 0.0014565047601755 -0.0017083128274023 0.0019886992431824 -0.002490493500647 0.0028715255591068 -0.0052210418158159 0.0087018610605819
