0.014154190931722 0.0027817783549227 -0.0024353336399053 0.0019709952688774 -0.0016399815837944 0.0014072829541259 -0.0012327224869991 0.0010969377807407 -0.00098756719841736 0.00089767960171481
0.0027817783549227 0.013545442982512 -0.00015934476334523 -0.00093053937780979 0.00090519940473068 -0.00080490542434379 0.00072467286765675 -0.00065480666306045 0.00059713482421403 -0.00055187652276691
-0.0024353336399053 -0.00015934476334523 0.012413946334853 -0.0012284018755687 -0.00043911751852325 0.00056987013838701 -0.0005618101607368 0.00053811659434641 -0.00051032386059448 0.00046910754919057
0.0019709952688774 -0.00093053937780979 -0.0012284018755687 0.011225084653113 -0.0018625546445659 -0.00010688555203742 0.00030382609083735 -0.00037543291585414 0.00038128304303754 -0.00039134359503091
-0.0016399815837944 0.00090519940473068 -0.00043911751852325 -0.0018625546445659 0.010130204860669 -0.0022338089288127 0.00011054545433358 7.0881345537622e-05 -0.00021239489190411 0.0001926506336151
0.0014072829541259 -0.00080490542434379 0.00056987013838701 -0.00010688555203742 -0.0022338089288127 0.009197786624504 -0.002432761602633 0.00023941874386948 -0.0001729304967316 -0.00018855759684626
-0.0012327224869991 0.00072467286765675 -0.0005618101607368 0.00030382609083735 0.00011054545433358 -0.002432761602633 0.0084663192613638 -0.0025503540523753 0.00016538041184916 -0.00031241320387604
0.0010969377807407 -0.00065480666306045 0.00053811659434641 -0.00037543291585414 7.088134553762e-05 0.00023941874386948 -0.0025503540523753 0.007820028102173 -0.0025272427783095 0.0010640350287411
-0.00098756719841736 0.00059713482421402 -0.00051032386059448 0.00038128304303754 -0.00021239489190411 -0.0001729304967316 0.00016538041184916 -0.0025272427783095 0.0084036268954718 -0.00084491836120945
0.00089767960171481 -0.00055187652276691 0.00046910754919057 -0.00039134359503091 0.0001926506336151 -0.00018855759684626 -0.00031241320387604 0.0010640350287411 -0.00084491836120945 0.0072021898933713
