-0.0042266646538112 -0.0024369616333274 0.0031867136013529 -0.0031572836641821 0.0031122662060287 -0.0031325875030362 0.0031457198448617 -0.0031935948188488 0.0032203139182963 -0.0032874381192797
-0.0024369616333274 -0.0061446051896749 -0.0012233803389269 0.0029887644717152 -0.0031170699235669 0.0030861327605551 -0.0031732472907248 0.0031663782631481 -0.0032707424970526 0.003240883341345
0.0031867136013529 -0.0012233803389269 -0.0066906710189563 -0.00086245048874789 0.0032232718875909 -0.0034540603467876 0.0034707762341939 -0.0036362579569145 0.003610062800668 -0.0038038479429222
-0.0031572836641821 0.0029887644717152 -0.00086245048874789 -0.0064622620671113 -0.00071845885135995 0.0034075908597527 -0.0037110738275364 0.0037739408729692 -0.0040253707356373 0.0039661432219865
0.0031122662060287 -0.0031170699235669 0.0032232718875909 -0.00071845885135995 -0.0058322168421236 -0.00077742668444331 0.0035799629728686 -0.0039342153714547 0.0040369940114433 -0.0043641194907337
-0.0031325875030362 0.0030861327605551 -0.0034540603467876 0.0034075908597527 -0.00077742668444331 -0.0050430932093573 -0.00099445586998919 0.0037737069953319 -0.004146525347644 0.0042661350762214
0.0031457198448617 -0.0031732472907248 0.0034707762341939 -0.0037110738275364 0.0035799629728686 -0.00099445586998919 -0.0042272321641335 -0.0013211317015963 0.0040005535393638 -0.0043634646084626
-0.0031935948188488 0.0031663782631481 -0.0036362579569145 0.0037739408729692 -0.0039342153714547 0.0037737069953319 -0.0013211317015963 -0.0034815924217004 -0.0017292325369045 0.0041525783617387
0.0032203139182963 -0.0032707424970526 0.003610062800668 -0.0040253707356373 0.0040369940114433 -0.004146525347644 0.0040005535393638 -0.0017292325369045 -0.0029624446454434 -0.0026891165210464
-0.0032874381192797 0.003240883341345 -0.0038038479429222 0.0039661432219865 -0.0043641194907337 0.0042661350762214 -0.0043634646084626 0.0041525783617387 -0.0026891165210464 -0.003363472758759
