-0.0012558475251688 -0.0038713931182466 0.0038936185596537 -0.0040865646670213 0.004300219734284 -0.004512279623425 0.0047136434170686 -0.0049069873460304 0.0050861097438347 -0.0052591604559127
-0.0038713931182466 -0.0026126258972173 -0.0038606701289151 0.0041586924959416 -0.004451084180883 0.0047091922254084 -0.0049519706676262 0.0051686527050561 -0.0053823477920996 0.0055688728373959
0.0038936185596537 -0.0038606701289151 -0.0015565128661736 -0.0045578600231357 0.0050266943010047 -0.0054052082346152 0.0057167626215991 -0.006007125087343 0.0062571362769254 -0.0065102682590378
-0.0040865646670213 0.0041586924959416 -0.0045578600231357 -4.511457149552e-05 -0.005281701275515 0.0058621975357854 -0.0062996422117816 0.0066445701321753 -0.0069690109049671 0.0072385580718994
0.004300219734284 -0.004451084180883 0.0050266943010047 -0.005281701275515 0.0015646126982343 -0.0060435374168448 0.006679951608627 -0.0071535680319809 0.0075181982927745 -0.0078667471242007
-0.004512279623425 0.0047091922254084 -0.0054052082346152 0.0058621975357854 -0.0060435374168448 0.0031199503632173 -0.0068337845848237 0.0074856683208509 -0.0079795407389847 0.0083537075653964
0.0047136434170686 -0.0049519706676262 0.0057167626215991 -0.0062996422117816 0.006679951608627 -0.0068337845848237 0.0045640563812059 -0.0076419087290101 0.0082835544896806 -0.008785357258687
-0.0049069873460304 0.0051686527050561 -0.006007125087343 0.0066445701321753 -0.0071535680319809 0.0074856683208509 -0.0076419087290101 0.0058858106528632 -0.0084582745808626 0.0090731936959366
0.0050861097438347 -0.0053823477920996 0.0062571362769254 -0.0069690109049671 0.0075181982927745 -0.0079795407389847 0.0082835544896806 -0.0084582745808626 0.0070950363815916 -0.0092746777673889
-0.0052591604559127 0.0055688728373959 -0.0065102682590378 0.0072385580718994 -0.0078667471242007 0.0083537075653964 -0.008785357258687 0.0090731936959366 -0.0092746777673889 0.0082069438279859
