0.0070736988100722 -0.00092000832028611 0.0016723892799785 -0.0021408133758376 0.0025000491517019 -0.0027962175090941 0.0030505206166746 -0.0032754338052779 0.003478973200923 -0.0036657174677116
-0.00092000832028611 0.0076136852464282 -0.001900796330583 0.0022129564934309 -0.002472897707607 0.0027047180681662 -0.0029119754550535 0.0030994012935117 -0.0032709146613632 0.0034297351792887
0.0016723892799785 -0.001900796330583 0.0079055803741451 -0.0028630939828428 0.0030106135790382 -0.0032037815888182 0.0034040192791831 -0.003596401155587 0.0037769425660795 -0.0039477866039744
-0.0021408133758376 0.0022129564934309 -0.0028630939828428 0.0079047590241555 -0.0037046771983096 0.0037490018527668 -0.0038981969740352 0.0040756898130652 -0.0042577743501408 0.0044327908557505
0.0025000491517019 -0.002472897707607 0.0030106135790382 -0.0037046771983096 0.0078291914653715 -0.0044398542627618 0.0044299679325577 -0.004552118051768 0.0047128651798731 -0.0048870847924492
-0.0027962175090941 0.0027047180681662 -0.0032037815888182 0.0037490018527668 -0.0044398542627618 0.0077859099677505 -0.0050913949427454 0.0050613545303461 -0.0051693127603827 0.0053182583729619
0.0030505206166746 -0.0029119754550535 0.0034040192791831 -0.0038981969740352 0.0044299679325577 -0.0050913949427454 0.0078128723100047 -0.0056797281752968 0.0056508775277932 -0.0057548894789144
-0.0032754338052779 0.0030994012935117 -0.003596401155587 0.0040756898130652 -0.004552118051768 0.0050613545303461 -0.0056797281752968 0.0079153545853848 -0.0062226631830452 0.0062059997512716
0.003478973200923 -0.0032709146613632 0.0037769425660795 -0.0042577743501408 0.0047128651798731 -0.0051693127603827 0.0056508775277932 -0.0062226631830452 0.008085078785043 -0.0067333911842879
-0.0036657174677116 0.0034297351792887 -0.0039477866039744 0.0044327908557505 -0.0048870847924492 0.0053182583729619 -0.0057548894789144 0.0062059997512716 -0.0067333911842879 0.0083095062062077
