-0.0057213088036135 -0.0020856644349179 0.0016302143513202 -0.0001644949177342 -0.00068263493551735 -0.0044672487409631 0.0083928438302339 -0.0015326285747316 -0.0067865647978601 0.0090411340725918
-0.0020856644349179 -0.0072297483505401 0.00053379186187705 0.0015967850387499 -0.0087191406481262 -0.00028451460813281 0.012275011624426 -0.00020089520458091 -0.0071391544450629 0.0050846488537502
0.0016302143513202 0.00053379186187705 -0.0072746865836616 -0.0079821604547122 -0.0022483278919008 0.0045245900529582 0.0026063698869814 0.0084004888357829 0.0045266748187815 -0.014223043908866
-0.0001644949177342 0.0015967850387499 -0.0079821604547122 -0.014084834769054 0.0021902673785598 0.0018732288024505 0.0047438057963737 0.011670758128511 0.0026930696752724 -0.012648516430841
-0.00068263493551735 -0.0087191406481262 -0.0022483278919008 0.0021902673785598 -0.013916122883665 0.0033369797570683 0.014093736979805 0.0013383277228899 -0.0049361365335186 -0.0016576095149047
-0.0044672487409631 -0.00028451460813281 0.0045245900529582 0.0018732288024505 0.0033369797570683 -0.005767629296715 0.0025527214357999 -0.0039992743675585 -0.0063644777770314 0.013058809811703
0.0083928438302339 0.012275011624426 0.0026063698869814 0.0047438057963737 0.014093736979805 0.0025527214357999 -0.029013736070403 -0.0049929510517364 0.015573079736089 -0.0083894483205047
-0.0015326285747316 -0.00020089520458091 0.0084004888357829 0.011670758128511 0.0013383277228899 -0.0039992743675585 -0.0049929510517364 -0.010531630854205 -0.0046267422651314 0.016218827109787
-0.0067865647978601 -0.0071391544450629 0.0045266748187815 0.0026930696752724 -0.0049361365335186 -0.0063644777770314 0.015573079736089 -0.0046267422651314 -0.011826155572042 0.015587326762957
0.0090411340725918 0.0050846488537502 -0.014223043908866 -0.012648516430841 -0.0016576095149047 0.013058809811703 -0.0083894483205047 0.016218827109787 0.015587326762957 -0.033401039816059
