-1348033.6955115 690810.133849 -515213.36241566 396142.52271301 -385647.97125903 241139.51064316 -341026.59905913 115276.73942998 -336715.54616159 6952.3556228215
690810.133849 -1214293.2558537 725507.95808563 -649400.60268153 147035.38617356 -741834.15851514 -308322.58154702 -1026160.3976502 -784978.89709566 -1379092.9216621
-515213.36241566 725507.95808563 -1749680.2754584 584134.34071351 -1410957.0020792 -775339.56152361 -2198202.3628646 -2102743.9683468 -3342680.3235728 -3478153.1917466
396142.52271301 -649400.60268153 584134.34071351 -2899431.954676 -468051.66615213 -3472190.4383698 -3392146.6606641 -5755029.2951002 -6379936.3895852 -8490427.7977792
-385647.97125903 147035.38617356 -1410957.0020792 -468051.66615213 -5449240.2064078 -3426354.3542459 -7973947.2419106 -8964681.5404308 -12745720.824744 -14515704.293979
241139.51064316 -741834.15851514 -775339.56152361 -3472190.4383698 -3426354.3542459 -10561412.654035 -9589706.7745821 -16296112.147859 -18912731.191156 -24592791.250587
-341026.59905913 -308322.58154702 -2198202.3628646 -3392146.6606641 -7973947.2419106 -9589706.7745821 -19629193.192537 -20399094.645779 -29880793.955184 -34644953.489208
115276.73942998 -1026160.3976502 -2102743.9683468 -5755029.2951002 -8964681.5404308 -16296112.147859 -20399094.645779 -34100030.466183 -37268303.499582 -50071595.663661
-336715.54616159 -784978.89709566 -3342680.3235728 -6379936.3895852 -12745720.824744 -18912731.191156 -29880793.955184 -37268303.499582 -55315961.398344 -61428567.340581
6952.3556228215 -1379092.9216621 -3478153.1917466 -8490427.7977792 -14515704.293979 -24592791.250587 -34644953.489208 -50071595.663661 -61428567.340581 -84344093.794196
