2136244.1584574 -918004.81221897 654029.32324576 -522334.26753569 448796.03799491 -357326.05229845 349833.72807995 -243154.93362611 298122.55588489 -152243.83427171
-918004.81221897 1545019.1235659 -908422.06642249 623645.99548175 -378595.47103568 517781.08527414 -85718.500650078 594422.24455425 208678.44891187 756394.29532997
654029.32324576 -908422.06642249 1902384.79124 -1003480.4869757 983211.29870567 -851.51950402091 1253995.9241716 853466.71282449 1910267.6697341 1800238.1498174
-522334.26753569 623645.99548175 -1003480.4869757 2580622.1023279 -628176.05714598 2130704.1169709 1502579.7616841 3524655.2609672 3727599.0448627 5566578.9963942
448796.03799491 -378595.47103568 983211.29870567 -628176.05714598 4141645.9924502 1096953.8630643 5210166.0443784 5558414.8821642 8984154.4453 10392772.905037
-357326.05229845 517781.08527414 -851.51950402091 2130704.1169709 1096953.8630643 7788128.079878 5726031.0698429 12077894.357541 14279672.724127 19941278.548503
349833.72807995 -85718.500650078 1253995.9241716 1502579.7616841 5210166.0443784 5726031.0698429 15442749.562479 15507142.044259 25236212.543498 30367655.706226
-243154.93362611 594422.24455425 853466.71282449 3524655.2609672 5558414.8821642 12077894.357541 15507142.044259 29672426.991041 33264292.83661 47721340.954468
298122.55588489 208678.44891187 1910267.6697341 3727599.0448627 8984154.4453 14279672.724127 25236212.543498 33264292.83661 53569340.053509 62348068.813612
-152243.83427171 756394.29532997 1800238.1498174 5566578.9963942 10392772.905037 19941278.548503 30367655.706226 47721340.954468 62348068.813612 90826467.599304
