-0.0022633937411855 -0.0027960952110874 0.0025940160827224 -0.0026052734568601 0.0026626798510263 -0.0027390417401117 0.0028155238590792 -0.0028990438961205 0.0029708512718799 -0.0030521364864061
-0.0027960952110874 -0.003936875762053 -0.0023634065171573 0.002448429919259 -0.0025636261811971 0.002658781315526 -0.0027649015434757 0.00284208313719 -0.0029473812012105 0.0030039094163056
0.0025940160827224 -0.0023634065171573 -0.0034438351101722 -0.0025010734467341 0.0027469107876053 -0.0029407975253337 0.0030708566724646 -0.0032170651712594 0.0033025577702577 -0.0034451637617264
-0.0026052734568601 0.002448429919259 -0.0025010734467341 -0.0024734122309342 -0.0026904462036896 0.0030408139628004 -0.0032938365275841 0.0034423133994226 -0.0036237528148547 0.0037062836904985
0.0026626798510263 -0.0025636261811971 0.0027469107876053 -0.0026904462036896 -0.0013855462596771 -0.0029405496818059 0.0033387606228064 -0.003631980932887 0.0037878160793285 -0.0039997364898179
-0.0027390417401117 0.002658781315526 -0.0029407975253337 0.0030408139628004 -0.0029405496818059 -0.00033929137715645 -0.00323865693352 0.0036417270803173 -0.0039628829036859 0.0041134989085023
0.0028155238590792 -0.0027649015434757 0.0030708566724646 -0.0032938365275841 0.0033387606228064 -0.0032386569335199 0.00060461468129463 -0.0035732785388096 0.0039501920635528 -0.004291133427713
-0.0028990438961205 0.00284208313719 -0.0032170651712594 0.0034423133994226 -0.003631980932887 0.0036417270803173 -0.0035732785388096 0.0014285700039397 -0.00393504954457 0.0042586907729894
0.0029708512718799 -0.0029473812012105 0.0033025577702577 -0.0036237528148547 0.0037878160793285 -0.0039628829036859 0.0039501920635528 -0.00393504954457 0.0021376715350277 -0.0043182964066411
-0.0030521364864061 0.0030039094163056 -0.0034451637617264 0.0037062836904985 -0.0039997364898179 0.0041134989085023 -0.004291133427713 0.0042586907729894 -0.0043182964066411 0.0027343361505034
