0.00591507472811 0.00024353074195212 0.00034631949011003 -0.00066339329144731 0.00088616450258862 -0.0010588441254706 0.0011996462040033 -0.0013197708249343 0.0014249758776382 -0.0015200512967934
0.00024353074195212 0.0066106857461486 -0.00066009151548296 0.0008292810598557 -0.00096129135224108 0.0010754084713805 -0.001176517709312 0.0012638289404097 -0.00134454391807 0.0014148459842512
0.00034631949011003 -0.00066009151548296 0.0065636074929499 -0.0012792491345823 0.0012780812752928 -0.0013393813958406 0.0014135960138595 -0.0014950753560361 0.0015660946434302 -0.0016413825065314
-0.00066339329144731 0.0008292810598557 -0.0012792491345823 0.0062093222100312 -0.0017716351936594 0.0016640819794812 -0.0016815362352728 0.0017251047416086 -0.0017945529563945 0.00184983256666
0.00088616450258862 -0.00096129135224108 0.0012780812752928 -0.0017716351936594 0.005783965168893 -0.0021613515513127 0.0019980557971363 -0.0019919646500817 0.0020097590147668 -0.0020748895928397
-0.0010588441254706 0.0010754084713805 -0.0013393813958406 0.0016640819794812 -0.0021613515513127 0.0053998971059124 -0.0024717041220311 0.0022870130372501 -0.002275735872728 0.0022690315882955
0.0011996462040033 -0.001176517709312 0.0014135960138595 -0.0016815362352728 0.0019980557971363 -0.0024717041220311 0.0050962221447029 -0.0027234138576836 0.0025372699378286 -0.0025383120595757
-0.0013197708249343 0.0012638289404097 -0.0014950753560361 0.0017251047416086 -0.0019919646500817 0.0022870130372501 -0.0027234138576836 0.0048794233698454 -0.0029339178396451 0.0027532392918314
0.0014249758776382 -0.00134454391807 0.0015660946434302 -0.0017945529563945 0.0020097590147668 -0.002275735872728 0.0025372699378286 -0.0029339178396451 0.0047411576485305 -0.0031198185537664
-0.0015200512967934 0.0014148459842512 -0.0016413825065314 0.00184983256666 -0.0020748895928397 0.0022690315882955 -0.0025383120595757 0.0027532392918314 -0.0031198185537664 0.0046610918946516
