0.0022900456459097 -0.00044067985345496 0.00095649659203671 -0.0013126415345581 0.0013890980560648 -0.0016516666389963 0.001602133761093 -0.0018733526347176 0.0017347345799885 -0.0020514990342978
-0.00044067985345496 0.0066218340379388 -0.0014581715543166 0.0016500630247223 -0.0022276608231392 0.0021017830826968 -0.0026881241917103 0.0023758038632637 -0.0030507785472222 0.0025539305121263
0.00095649659203671 -0.0014581715543166 0.0080070403506763 -0.002700082194232 0.0025715989558838 -0.0032129774141682 0.0029243646146966 -0.0036444674544737 0.0031767479854931 -0.0040273138136272
-0.0013126415345581 0.0016500630247223 -0.002700082194232 0.0083733129698991 -0.0036697799849782 0.0034062205169275 -0.0039400937048571 0.0036884201600362 -0.0043003072769403 0.0039419390397565
0.0013890980560648 -0.0022276608231392 0.0025715989558838 -0.0036697799849782 0.0083043654335041 -0.0044584097544792 0.0040336603411463 -0.0045830938627922 0.0042357244091648 -0.0049086502974479
-0.0016516666389963 0.0021017830826968 -0.0032129774141682 0.0034062205169275 -0.0044584097544792 0.0082580714010153 -0.0050857977619988 0.0047456891721576 -0.0051038155539534 0.0049276073767148
0.001602133761093 -0.0026881241917103 0.0029243646146966 -0.0039400937048571 0.0040336603411463 -0.0050857977619988 0.0080789760548074 -0.0056142532294569 0.0052040360170517 -0.0056132285540284
-0.0018733526347176 0.0023758038632637 -0.0036444674544737 0.0036884201600362 -0.0045830938627922 0.0047456891721576 -0.0056142532294569 0.0081631060412668 -0.0060437594951759 0.0058537288370982
0.0017347345799885 -0.0030507785472222 0.0031767479854931 -0.0043003072769403 0.0042357244091648 -0.0051038155539534 0.0052040360170517 -0.0060437594951759 0.0080843383225956 -0.006432057993343
-0.0020514990342978 0.0025539305121263 -0.0040273138136272 0.0039419390397565 -0.0049086502974479 0.0049276073767148 -0.0056132285540284 0.0058537288370982 -0.006432057993343 0.0083648540992342
