0.006068699046972 0.00066878685916978 -0.00018541536327071 -5.9929129346867e-05 0.00022979617316642 -0.00036059057179138 0.00046760373752889 -0.00055926241042731 0.00064028815638275 -0.00071319268071254
0.00066878685916978 0.0057711337985035 -0.00022960380962021 0.00028644077097155 -0.00035013356789586 0.00041424240046041 -0.00047370535996292 0.00052787673507675 -0.00057764561574563 0.00062445409998406
-0.00018541536327071 -0.00022960380962021 0.0052529428868684 -0.00066781736110943 0.00057437454087393 -0.00057499627278229 0.00060600907931806 -0.00064569445744983 0.00068719119603412 -0.00072834493024784
-5.9929129346867e-05 0.00028644077097155 -0.00066781736110943 0.0046893933368365 -0.00098096169925837 0.00081327023098403 -0.00077751486462672 0.00078728877102721 -0.00081414275177785 0.00084722207030623
0.00022979617316642 -0.00035013356789586 0.00057437454087393 -0.00098096169925837 0.0041835443374887 -0.0012135688709509 0.0010162515709347 -0.0009615522179961 0.00095767446802687 -0.00097549822948581
-0.00036059057179138 0.00041424240046041 -0.00057499627278229 0.00081327023098403 -0.0012135688709509 0.003769634033389 -0.0013912474280968 0.0011909934955186 -0.0011289270035315 0.0011165952199595
0.00046760373752889 -0.00047370535996292 0.00060600907931806 -0.00077751486462672 0.0010162515709347 -0.0013912474280968 0.0034496523960157 -0.0015321253524493 0.0013429356599117 -0.0012820810910393
-0.00055926241042731 0.00052787673507675 -0.00064569445744983 0.00078728877102721 -0.0009615522179961 0.0011909934955186 -0.0015321253524493 0.0032113552984198 -0.0016498904312907 0.001478122823171
0.00064028815638275 -0.00057764561574563 0.00068719119603412 -0.00081414275177785 0.00095767446802687 -0.0011289270035315 0.0013429356599117 -0.0016498904312907 0.0030402791277008 -0.0017544589224569
-0.00071319268071254 0.00062445409998406 -0.00072834493024784 0.00084722207030623 -0.00097549822948581 0.0011165952199595 -0.0012820810910393 0.001478122823171 -0.0017544589224569 0.0029223797050531
