0.0025081548333048 -0.00097881955590579 0.0016674656259027 -0.0021081583279469 0.0023223419608598 -0.0026171858777076 0.002704684226529 -0.0029684738400706 0.0029809176282235 -0.0032501655282425
-0.00097881955590579 0.0078109644457117 -0.0030110307510347 0.0035700546428078 -0.0042580679735579 0.0044666869851156 -0.0050654606030183 0.0051025510654864 -0.0057001361469204 0.0056005560533747
0.0016674656259027 -0.0030110307510347 0.01004817678212 -0.0050545030712046 0.005364620112964 -0.0060982769035703 0.0062260251328874 -0.006937436229218 0.0069101466667082 -0.0076467650583216
-0.0021081583279469 0.0035700546428078 -0.0050545030712046 0.011191740510356 -0.0067847967397601 0.0069583627898928 -0.0076151323654646 0.0077679790159376 -0.0084254848292866 0.0084796004230868
0.0023223419608598 -0.0042580679735579 0.005364620112964 -0.0067847967397601 0.011884167043928 -0.0083063263569639 0.0083358609474822 -0.0089955003118773 0.0090830671793073 -0.0097874018904029
-0.0026171858777076 0.0044666869851156 -0.0060982769035703 0.0069583627898928 -0.0083063263569639 0.012519632136292 -0.009654086400993 0.0097066116133681 -0.010244235343738 0.010429786979614
0.002704684226529 -0.0050654606030183 0.0062260251328874 -0.0076151323654646 0.0083358609474822 -0.009654086400993 0.01304705716975 -0.010884168546812 0.010870947048722 -0.011441156967599
-0.0029684738400706 0.0051025510654864 -0.006937436229218 0.0077679790159376 -0.0089955003118773 0.0097066116133681 -0.010884168546812 0.013737673080574 -0.012011492534214 0.012118200118061
0.0029809176282235 -0.0057001361469204 0.0069101466667082 -0.0084254848292866 0.0090830671793073 -0.010244235343738 0.010870947048722 -0.012011492534214 0.014329563331154 -0.013079738793368
-0.0032501655282425 0.0056005560533747 -0.0076467650583216 0.0084796004230868 -0.0097874018904029 0.010429786979614 -0.011441156967599 0.012118200118061 -0.013079738793368 0.0151482852137
