-0.0037709410930128 -0.0024669728700341 0.0021571943982068 -0.0021024868305865 0.0021154101805547 -0.0021566814925117 0.0022116642578495 -0.002273031619285 0.0023368739065478 -0.0024016300113501
-0.0024669728700341 -0.0045082177552051 -0.0014380374452051 0.0015205243169906 -0.0016012286344154 0.0016752818704538 -0.00174676019151 0.0018162636352662 -0.0018839466191561 0.0019489738412056
0.0021571943982068 -0.0014380374452051 -0.0037864206858768 -0.0013281107058413 0.0015762249931226 -0.0017281959843712 0.0018412854315544 -0.0019379718917084 0.0020256870633277 -0.00210752252044
-0.0021024868305865 0.0015205243169906 -0.0013281107058413 -0.0028702423066356 -0.0013714719228563 0.0017095008628175 -0.0019054507461651 0.0020459646483763 -0.0021613162459349 0.0022632521414311
0.0021154101805547 -0.0016012286344154 0.0015762249931226 -0.0013714719228563 -0.0019556715813776 -0.0015049729913965 0.0018840409874821 -0.0021051632292095 0.0022643039780369 -0.0023930908292848
-0.0021566814925117 0.0016752818704538 -0.0017281959843712 0.0017095008628175 -0.0015049729913965 -0.0011159203515562 -0.0016992585799183 0.0020878744116157 -0.0023204684048649 0.0024914317080881
0.0022116642578495 -0.00174676019151 0.0018412854315544 -0.0019054507461651 0.0018840409874821 -0.0016992585799183 -0.00036976559835503 -0.0019336154432093 0.0023134698228531 -0.002547796802418
-0.002273031619285 0.0018162636352662 -0.0019379718917084 0.0020459646483763 -0.0021051632292095 0.0020878744116157 -0.0019336154432093 0.00028718789305144 -0.0021926169244533 0.0025546650195162
0.0023368739065478 -0.0018839466191561 0.0020256870633277 -0.0021613162459349 0.0022643039780369 -0.0023204684048649 0.0023134698228531 -0.0021926169244533 0.0008676456025302 -0.0024652616460118
-0.0024016300113501 0.0019489738412056 -0.00210752252044 0.0022632521414311 -0.0023930908292848 0.0024914317080881 -0.002547796802418 0.0025546650195162 -0.0024652616460118 0.001385569694353
