0.0059130491182626 0.00024313693515975 0.00034678210389633 -0.00066394176356399 0.00088701685428548 -0.0010596814474118 0.001200630817867 -0.0013205411959037 0.00142595983469 -0.0015206656996994
0.00024313693515975 0.0066070697415266 -0.0006610297084836 0.00083020567552475 -0.00096144787836459 0.001076450152823 -0.0011768595207409 0.0012652081398504 -0.0013446636920493 0.0014164316555356
0.00034678210389633 -0.0006610297084836 0.0065574952226947 -0.0012808736372537 0.0012798850324168 -0.0013387166713133 0.0014155004393339 -0.0014945468801126 0.0015685187765489 -0.0016401827197129
-0.00066394176356399 0.00083020567552475 -0.0012808736372537 0.0061994113384611 -0.0017743213574583 0.0016675466904605 -0.0016793059362908 0.0017283489509424 -0.0017923321724752 0.0018548234887015
0.00088701685428548 -0.00096144787836459 0.0012798850324168 -0.0017743213574583 0.0057685705814303 -0.0021657606219407 0.0020039983019735 -0.0019872065527275 0.002015857198472 -0.0020695030175776
-0.0010596814474118 0.001076450152823 -0.0013387166713133 0.0016675466904605 -0.0021657606219407 0.0053762935910019 -0.0024788837895482 0.0022974080474413 -0.0022668083857587 0.0022800213995485
0.001200630817867 -0.0011768595207409 0.0014155004393339 -0.0016793059362908 0.0020039983019735 -0.0024788837895482 0.0050614787258282 -0.0027344622283257 0.0025547049114482 -0.0025218553258041
-0.0013205411959037 0.0012652081398504 -0.0014945468801126 0.0017283489509424 -0.0019872065527275 0.0022974080474413 -0.0027344622283257 0.0048294833382055 -0.0029491735712703 0.0027830133588068
0.00142595983469 -0.0013446636920493 0.0015685187765489 -0.0017923321724752 0.002015857198472 -0.0022668083857587 0.0025547049114482 -0.0029491735712703 0.004672465063251 -0.0031367079212566
-0.0015206656996994 0.0014164316555356 -0.0016401827197129 0.0018548234887015 -0.0020695030175776 0.0022800213995485 -0.0025218553258041 0.0027830133588068 -0.0031367079212566 0.0045771977433559
