0 0 0 0 0 0 0 0 0 0 0 0 0 0 0 0 0 0 0 0 0 0 0 0 0 0 0 0 0 0 0 0 0 0 0 0 0 0 0 0 0 0 0 0 0 0 0 0 0 0
0 8.7959792806086e-05 0.00035021682625376 0.00078188816316713 0.0013749745543644 0.0021185311750816 0.0029989993470607 0.0040006587256379 0.0051061506371512 0.0062970245031119 0.0075543422540452 0.0088593755955346 0.010194344923624 0.011543088183512 0.012891569885597 0.014228200839898 0.015543999052174 0.016832624985091 0.018090320278359 0.019315725565398 0.020509545699223 0.021674072031205 0.022812632201323 0.023929075556474 0.025027358741098 0.026111238877938 0.027184067809462 0.028248682694224 0.029307381340946 0.030361952946185 0.031413743585389 0.032463727885638 0.033512583351151 0.03456075994472 0.035608543276032 0.036656106863102 0.037703551940715 0.038750935294703 0.039798287531029 0.040845624560423 0.041892954378094 0.042940280869423 0.043987605881582 0.045034930261238 0.046082254379722 0.047129578398618 0.048176902381936 0.049224226352274 0.050271550318759 0.051318874284065
0 0.00035021682625376 0.0013944078479317 0.0031131313780315 0.0054745379593011 0.0084350501608431 0.011940683348131 0.015928846091147 0.020330423861492 0.025071954650732 0.030078035477857 0.035274098592959 0.04058935351017 0.045959450105903 0.051328505294637 0.056650376069385 0.06188930011858 0.06702003622035 0.072027620253358 0.076906639823671 0.081659901342914 0.086296527954516 0.090829768842847 0.095274950397506 0.099647826219242 0.10396335550204 0.10823488379384 0.11247370739982 0.11668897517372 0.12088781090152 0.12507557405778 0.12925614517463 0.13343222177295 0.13760559540473 0.14177740324087 0.14594833615304 0.15011879721319 0.15428901251728 0.15845910392466 0.1626291347848 0.16679913693106 0.17096912583329 0.17513910884614 0.17930908934063 0.18347906879526 0.18764904785337 0.19181902676982 0.1959890056346 0.20015898448403 0.20432896332877
0 0.00078188816316713 0.0031131313780315 0.0069503244630036 0.012222360858485 0.018831950329267 0.026658567693335 0.035562472382622 0.045389360469942 0.055975221917711 0.067151713305793 0.078752355936893 0.090619104169521 0.10260829100609 0.11459515281501 0.12647667149929 0.13817300472694 0.14962779937294 0.16080764679305 0.17170046336813 0.1823125146453 0.19266416880029 0.20278500573805 0.21270924289677 0.22247205149905 0.23210682918839 0.2416433710094 0.25110689690198 0.26051783244225 0.26989208207431 0.27924161127041 0.28857508364097 0.29789852162548 0.30721592501259 0.31652983263084 0.32584178690864 0.3351526877376 0.34446303989574 0.35377311544418 0.36308305581586 0.37239293208142 0.38170277877861 0.39101261232723 0.40032244025344 0.40963226585804 0.4189420905774 0.4282519149805 0.43756173926821 0.44687156352168 0.45618138776466
0 0.0013749745543644 0.0054745379593011 0.012222360858485 0.021493400164294 0.033116567984495 0.046879917053178 0.062537709252851 0.079818596347908 0.098434161606949 0.11808836791113 0.13848845731449 0.15935650166091 0.18043985808497 0.20151912587589 0.22241314451905 0.24298150880053 0.26312512000435 0.28278522799482 0.30194058335334 0.32060220423864 0.33880590871862 0.3566037139724 0.37405579242495 0.39122399376068 0.40816704877016 0.42493735296226 0.44157925638252 0.45812867803921 0.47461358638995 0.49105502308834 0.50746822336164 0.52386377785625 0.54024872032439 0.55662751537473 0.57300287541537 0.5893763829336 0.6057489255972 0.62212098183407 0.63849280035842 0.65486450615017 0.67123615994503 0.68760779061772 0.70397941140323 0.72035102810612 0.73672264325228 0.75309425784228 0.76946587222938 0.78583748655626 0.80220910086469
0 0.0021185311750816 0.0084350501608431 0.018831950329267 0.033116567984495 0.051025294587573 0.072231566356734 0.096356755293988 0.12298277388301 0.15166523583684 0.1819480135397 0.21338003185472 0.2455330650658 0.27801784648808 0.31049632823249 0.34268938208048 0.3743806747029 0.40541751693286 0.43570938782682 0.46522354673833 0.49397697020901 0.52202484594636 0.54944732089941 0.57633710744445 0.60278950224285 0.62889499643165 0.65473431988225 0.68037580618947 0.70587479858753 0.73127439027347 0.75660700177388 0.78189610719876 0.80715802438794 0.83240359079533 0.85763968539379 0.88287048740329 0.90809843508618 0.93332489614183 0.95855060772166 0.98377595303915 1.0090011246607 1.0342262161665 1.0594512720462 1.084676312692 1.1099013470473 1.1351263790041 1.1603514101039 1.1855764408911 1.2108014715856 1.2360265022516
0 0.0029989993470607 0.011940683348131 0.026658567693335 0.046879917053178 0.072231566356734 0.10225123089476 0.13640292369096 0.17409479875163 0.21469778146125 0.25756617614255 0.30206143942322 0.34757737364229 0.39356293166509 0.43953957184423 0.48511215940188 0.52997445220174 0.57391030298237 0.61679157001339 0.65857190553348 0.69927534158795 0.73898000206787 0.77779934324458 0.81586460904746 0.85331070172795 0.8902657208222 0.92684394778828 0.96314211587639 0.99923856914173 1.0351943104486 1.0710552343956 1.1068545710063 1.1426154198656 1.1783531225072 1.2140774168265 1.2497942189403 1.2855069804604 1.3212176375064 1.356927233592 1.3926363111956 1.4283451429146 1.4640538612216 1.4997625290961 1.5354711754054 1.57117981281 1.6068884468191 1.6425970796152 1.6783057119687 1.7140143441909 1.7497229763728
0 0.0040006587256379 0.015928846091147 0.035562472382622 0.062537709252851 0.096356755293988 0.13640292369096 0.18196120896177 0.23224208981455 0.28640638205536 0.34359272902937 0.4029493152413 0.46366747430578 0.52501211052171 0.58634485035323 0.6471385848504 0.70698478765728 0.7655951187886 0.82279863744964 0.87853351582578 0.93283181261412 0.98579774491856 1.0375826631628 1.0883616464685 1.1383146541509 1.1876125707177 1.2364078473902 1.2848295261173 1.3329821177016 1.3809469998337 1.4287853958103 1.4765416344117 1.5242465304349 1.5719205494531 1.6195766817979 1.6672228195567 1.7148635671721 1.7625015074235 1.8101380323561 1.8577738656347 1.9054093709038 1.9530447248815 2.0006800115825 2.0483152695154 2.0959505155695 2.143585757094 2.1912209970004 2.2388562363163 2.2864914754571 2.3341267145442
0 0.0051061506371512 0.020330423861492 0.045389360469942 0.079818596347908 0.12298277388301 0.17409479875163 0.23224208981455 0.29641695935732 0.36554833353924 0.43853683919868 0.51429528081803 0.59179153527404 0.67008737972897 0.74836804050166 0.82596075395862 0.90234410668879 0.97715008244773 1.0501605048031 1.1212964612165 1.1905988690838 1.2582007435577 1.324295257342 1.3891058687291 1.4528622647372 1.515782549958 1.578061302073 1.6398632208671 1.7013216963484 1.7625405930991 1.8235980520948 1.8845506513754 1.9454377207131 2.0062853808809 2.0671102117962 2.1279222863467 2.1887274813092 2.2495290931559 2.3103288985923 2.3711278212517 2.4319263252636 2.4927246361782 2.5535228612255 2.6143210495554 2.675119222724 2.7359173901115 2.7967155554336 2.8575137200022 2.9183118843471 2.9791100486236
0 0.0062970245031119 0.025071954650732 0.055975221917711 0.098434161606949 0.15166523583684 0.21469778146125 0.28640638205536 0.36554833353924 0.45080276257822 0.54081389645252 0.63424098019809 0.72981117541685 0.82636744374104 0.92290498719283 1.0185941379097 1.1127918766666 1.2050443572154 1.2950825192722 1.3828090460473 1.468274397831 1.5516426120238 1.6331519137261 1.7130778769355 1.7917037570598 1.8692985257874 1.9461021408704 2.0223177139391 2.0981097446743 2.1736063213103 2.2489038091274 2.3240719814892 2.3991593407912 2.4741980997824 2.5492087052049 2.6242035791797 2.6991899690856 2.7741719402091 2.8491516836252 2.92413033838 2.9991084768489 3.0740863771857 3.1490641716289 3.2240419207914 3.2990196512567 3.3739973745925 3.4489750953812 3.5239528152407 3.5989305348244 3.6739082543236
0 0.0075543422540452 0.030078035477857 0.067151713305793 0.11808836791113 0.1819480135397 0.25756617614255 0.34359272902937 0.43853683919868 0.54081389645252 0.64879742289825 0.76087895697241 0.87553151447979 0.99136703287962 1.1071800876389 1.2219753523162 1.3349814169703 1.4456538165308 1.5536697678369 1.6589125229969 1.7614426176341 1.8614568422587 1.9592409880315 2.0551256524107 2.1494506480004 2.2425386516761 2.3346775332063 2.426110959226 2.5170362748286 2.6076071434405 2.6979391714577 2.7881160637901 2.8781960072364 2.9682176464182 3.0582055106491 3.148174502357 3.2381333159942 3.3280868285571 3.4180376686096 3.5079872026293 3.5979361172771 3.6878847462452 3.7778332481762 3.8677816957853 3.9577301209639 4.0476785375895 4.1376269511596 4.2275753636147 4.3175237757391 4.4074721877621
0 0.0088593755955346 0.035274098592959 0.078752355936893 0.13848845731449 0.21338003185472 0.30206143942322 0.4029493152413 0.51429528081803 0.63424098019809 0.76087895697241 0.89232288343139 1.0267819846725 1.1626284065444 1.2984484841202 1.4330749455862 1.5656031178182 1.6953944779118 1.8220704810302 1.9454942107628 2.0657366604281 2.1830286166366 2.2977052417559 2.4101542448616 2.5207741421172 2.6299433537134 2.7379994797105 2.845228280823 2.9518611940504 3.0580784285975 3.1640155621822 3.269770759967 3.3754122606797 3.4809853849064 3.5865188994669 3.6920302812241 3.7975297266211 3.9030229551687 4.0085130495223 4.1140016122224 4.2194894485524 4.3249769498507 4.430464302166 4.5359515907751 4.6414388530788 4.7469261053519 4.8524133540415 4.9579006014238 5.063387848418 5.1688750952935
0 0.010194344923624 0.04058935351017 0.090619104169521 0.15935650166091 0.2455330650658 0.34757737364229 0.46366747430578 0.59179153527404 0.72981117541685 0.87553151447979 1.0267819846725 1.181501969325 1.3378183221276 1.4941043609608 1.6490169244063 1.8015150192507 1.9508639071755 2.0966280025577 2.2386497578255 2.37701086388 2.5119768832638 2.6439334820711 2.7733267910707 2.9006153765788 3.0262346807894 3.1505731748115 3.2739596790295 3.3966605043788 3.5188830147724 3.6407832173698 3.7624740692881 3.8840340917639 4.0055154344867 4.1269511989861 4.2483614956152 4.3697580572611 4.4911474652757 4.6125332668222 4.7339173059191 4.8553005091932 4.9766833269517 5.0980659732776 5.219448546298 5.3408310890489 5.462213620258 5.5835961473436 5.7049786729247 5.8263611980595 5.9477437230574
0 0.011543088183512 0.045959450105903 0.10260829100609 0.18043985808497 0.27801784648808 0.39356293166509 0.52501211052171 0.67008737972897 0.82636744374104 0.99136703287962 1.1626284065444 1.3378183221276 1.5148158102882 1.6917789738479 1.8671869469922 2.0398610098961 2.2089692160968 2.3740183506506 2.5348300219562 2.6914967288727 2.8443191686859 2.9937340323029 3.1402464749689 3.284375732737 3.4266148581461 3.5674037182302 3.7071146373245 3.846049160122 3.9844420854207 4.1224700606081 4.2602609873761 4.3979037755632 4.5354574744234 4.6729595649207 4.8104328180699 4.9478905190553 5.085340119962 5.2227856372537 5.3602291589183 5.4976717341782 5.6351138729175 5.7725558175433 5.9099976791649 6.0474395065123 6.1848813207909 6.3223231304004 6.4597649383064 6.597206745707 6.7346485529527
0 0.012891569885597 0.051328505294637 0.11459515281501 0.20151912587589 0.31049632823249 0.43953957184423 0.58634485035323 0.74836804050166 0.92290498719283 1.1071800876389 1.2984484841202 1.4941043609608 1.6917789738479 1.8894152522803 2.0853146605089 2.2781607788064 2.4670244714167 2.6513549052513 2.8309528487216 3.0059216065489 3.1765970039485 3.3434667467455 3.5070950032147 3.6680616673809 3.8269173909555 3.9841534269308 4.1401855951558 4.2953506672484 4.4499108715712 4.6040634917372 4.757951371115 4.91167380613 5.0652967442629 5.2188620450629 5.3723951396904 5.525910865326 5.6794175446189 5.8329196632425 5.9864195531067 6.1399183860057 6.2934167313891 6.4469148599823 6.6004128958746 6.7539108934889 6.9074088765075 7.0609068543117 7.2144048302134 7.3679028055505 7.5214007807147
0 0.014228200839898 0.056650376069385 0.12647667149929 0.22241314451905 0.34268938208048 0.48511215940188 0.6471385848504 0.82596075395862 1.0185941379097 1.2219753523162 1.4330749455862 1.6490169244063 1.8671869469922 2.0853146605089 2.3015254206744 2.5143663179958 2.722811881544 2.9262541664463 3.1244732842733 3.3175832506441 3.5059547099917 3.6901259347291 3.8707195875414 4.04837568735 4.2237019788447 4.3972406493852 4.5694506320863 4.7407036159093 4.9112890177243 5.0814245760141 5.2512679445134 5.4209287149548 5.590479672423 5.7599670165721 5.9294188153302 6.0988514442349 6.268274088849 6.437691699932 6.6071068511719 6.776520835858 6.9459342824815 7.1153474898374 7.2847605948811 7.4541736576779 7.6235867043657 7.7929997452984 7.9624127841314 8.1318258223413 8.3012388603603
0 0.015543999052174 0.06188930011858 0.13817300472694 0.24298150880053 0.3743806747029 0.52997445220174 0.70698478765728 0.90234410668879 1.1127918766666 1.3349814169703 1.5656031178182 1.8015150192507 2.0398610098961 2.2781607788064 2.5143663179958 2.7468903555362 2.9746125868064 3.1968688452946 3.413418907688 3.6243873335635 3.830179043879 4.0313820895043 4.2286767158404 4.4227621295981 4.6143022785938 4.8038894906911 4.9920251403071 5.1791152895241 5.3654761199597 5.5513455061566 5.736895681381 5.9222463722103 6.1074770947617 6.2926383211496 6.4777607149733 6.6628621661502 6.8479527097074 7.0330377542417 7.2181201114512 7.403201194226 7.5882816891792 7.7733619227377 7.9584420445223 8.1435221201532 8.3286021781854 8.5136822299302 8.6987622793811 8.8838423281514 9.0689223767131
0 0.016832624985091 0.06702003622035 0.14962779937294 0.26312512000435 0.40541751693286 0.57391030298237 0.7655951187886 0.97715008244773 1.2050443572154 1.4456538165308 1.6953944779118 1.9508639071755 2.2089692160968 2.4670244714167 2.722811881544 2.9746125868064 3.2212134072821 3.4618951158414 3.6963975742198 3.9248556682107 4.1477078874597 4.3655910333285 4.5792417448052 4.7894171941148 4.9968363715614 5.2021407100712 5.4058731489168 5.6084734134693 5.8102838973804 6.0115621954271 6.2124948193282 6.4132114212133 6.6137981092309 6.8143095397261 7.0147789183665 7.2152256181765 7.4156605061051 7.6160894391317 7.8165154620495 8.0169401048795 8.2173641111564 8.4177878343687 8.6182114365407 8.8186349887328 9.0190585218671 9.2194820481929 9.4199055720347 9.6203290951393 9.8207526180181
0 0.018090320278359 0.072027620253358 0.16080764679305 0.28278522799482 0.43570938782682 0.61679157001339 0.82279863744964 1.0501605048031 1.2950825192722 1.5536697678369 1.8220704810302 2.0966280025577 2.3740183506506 2.6513549052513 2.9262541664463 3.1968688452946 3.4618951158414 3.7205600119485 3.9725839584147 4.2181119193917 4.4576151474698 4.691778024354 4.9213922290153 5.1472715078578 5.3701885724991 5.5908327822683 5.8097876436208 6.0275257372028 6.2444150395377 6.460732392296 6.6766782429261 6.8923919308684 7.1079659980759 7.3234591846907 7.5389071774323 7.7543307968329 7.9697417217954 8.1851462469193 8.4005476444976 8.6159475588711 8.8313467891298 9.0467457151738 9.2621445111338 9.4775432533794 9.6929419751434 9.9083406895901 10.123739401367 10.339138112352 10.554536823094
0 0.019315725565398 0.076906639823671 0.17170046336813 0.30194058335334 0.46522354673833 0.65857190553348 0.87853351582578 1.1212964612165 1.3828090460473 1.6589125229969 1.9454942107628 2.2386497578255 2.5348300219562 2.8309528487216 3.1244732842733 3.413418907688 3.6963975742198 3.9725839584147 4.2416795471575 4.5038391242069 4.7595658639439 5.0095905068415 5.2547583587595 5.4959382877988 5.7339553476518 5.969545593591 6.2033320577341 6.4358193324782 6.6674003204049 6.8983706159342 7.128944244459 7.3592699840192 7.5894466451908 7.8195369470659 8.0495789937172 8.279595016022 8.5095974839905 8.7395931186071 8.9695854138238 9.1995761253662 9.4295661064531 9.6595557627183 9.8895452800878 10.119534740105 10.349524178252 10.579513608587 10.809503036071 11.039492462709 11.269481889089
0 0.020509545699223 0.081659901342914 0.1823125146453 0.32060220423864 0.49397697020901 0.69927534158795 0.93283181261412 1.1905988690838 1.468274397831 1.7614426176341 2.0657366604281 2.37701086388 2.6914967288727 3.0059216065489 3.3175832506441 3.6243873335635 3.9248556682107 4.2181119193917 4.5038391242069 4.7822016329192 5.0537337189075 5.3192112865028 5.5795318862063 5.8356180870388 6.0883459356367 6.3384969796149 6.5867327579691 6.8335890497355 7.079483041078 7.3247285958092 7.569552967291 7.8141141288806 8.0585169982011 8.3028281707366 8.5470881056049 8.7913204076761 9.0355383176771 9.2797489719867 9.5239560805028 9.7681615074646 10.012366158825 10.256570465287 10.50077462427 10.744978722354 10.989182797219 11.233386863787 11.477590927329 11.721794989972 11.96599905234
0 0.021674072031205 0.086296527954516 0.19266416880029 0.33880590871862 0.52202484594636 0.73898000206787 0.98579774491856 1.2582007435577 1.5516426120238 1.8614568422587 2.1830286166366 2.5119768832638 2.8443191686859 3.1765970039485 3.5059547099917 3.830179043879 4.1477078874597 4.4576151474698 4.7595658639439 5.0537337189075 5.3406833216341 5.6212346320879 5.8963361634394 6.1669628679232 6.4340405338615 6.6983950849264 6.960725622115 7.2215983458489 7.481454130007 7.7406246595024 7.99935009108 8.2577973677804 8.5160773644206 8.7742604577576 9.0323894041668 9.2904891487965 9.5485736841781 9.8066505518922 10.064723672484 10.322795016042 10.580865539961 10.838935699399 11.097005702983 11.355075642212 11.613145556901 11.871215462824 12.129285365548 12.387355267323 12.645425168807
0 0.022812632201323 0.090829768842847 0.20278500573805 0.3566037139724 0.54944732089941 0.77779934324458 1.0375826631628 1.324295257342 1.6331519137261 1.9592409880315 2.2977052417559 2.6439334820711 2.9937340323029 3.3434667467455 3.6901259347291 4.0313820895043 4.3655910333285 4.691778024354 5.0095905068415 5.3192112865028 5.6212346320879 5.9165235768588 6.206076460309 6.4909194498661 6.772026966417 7.050268320211 7.3263793367031 7.600955959376 7.8744622216442 8.147247232153 8.4195637633157 8.6915875278538 8.9634352249469 9.2351809283115 9.5068696403575 9.7785276166258 10.050169584689 10.321803482296 10.593433435939 10.8650615192 11.136688739765 11.408315576703 11.6799422496 11.95156885476 12.223195434093 12.494822004197 12.766448570936 13.038075136675 13.309701702109
0 0.023929075556474 0.095274950397506 0.21270924289677 0.37405579242495 0.57633710744445 0.81586460904746 1.0883616464685 1.3891058687291 1.7130778769355 2.0551256524107 2.4101542448616 2.7733267910707 3.1402464749689 3.5070950032147 3.8707195875414 4.2286767158404 4.5792417448052 4.9213922290153 5.2547583587595 5.5795318862063 5.8963361634394 6.206076460309 6.5097999747429 6.8085830944939 7.1034479283139 7.3953063302342 7.684930136786 7.9729444567469 8.2598360331869 8.5459710600235 8.8316146802758 9.116951205993 9.4021030475773 9.6871479038909 9.9721329797477 10.257085815627 10.542021859865 10.82694943868 11.111872880516 11.396794360434 11.681714935435 11.966635108035 12.251555108565 12.536475038044 12.821394940431 13.106314833139 13.391234722316 13.676154610444 13.961074498252
0 0.025027358741098 0.099647826219242 0.22247205149905 0.39122399376068 0.60278950224285 0.85331070172795 1.1383146541509 1.4528622647372 1.7917037570598 2.1494506480004 2.5207741421172 2.9006153765788 3.284375732737 3.6680616673809 4.04837568735 4.4227621295981 4.7894171941148 5.1472715078578 5.4959382877988 5.8356180870388 6.1669628679232 6.4909194498661 6.8085830944939 7.1210795929962 7.4294779662944 7.7347319201809 8.0376487165037 8.3388821549299 8.6389413187875 8.9382092093557 9.2369631390379 9.5353958793337 9.8336354589686 10.131763142983 10.429828302772 10.72785974285 11.025873620595 11.323878644374 11.621879341298 11.919877986257 12.217875684766 12.515872962404 12.813870060075 13.111867083434 13.409864078457 13.707861063358 14.005858044564 14.303855024675 14.60185200445
0 0.026111238877938 0.10396335550204 0.23210682918839 0.40816704877016 0.62889499643165 0.8902657208222 1.1876125707177 1.515782549958 1.8692985257874 2.2425386516761 2.6299433537134 3.0262346807894 3.4266148581461 3.8269173909555 4.2237019788447 4.6143022785938 4.9968363715614 5.3701885724991 5.7339553476518 6.0883459356367 6.4340405338615 6.772026966417 7.1034479283139 7.4294779662944 7.7512323982367 8.0697062328438 8.3857416927078 8.7000208921285 9.0130749617191 9.3253034897055 9.6369957982848 9.9483530074682 10.259508690625 10.570547632208 10.881521341776 11.192459871309 11.50338007792 11.814291047121 12.125197502079 12.436101816207 12.747005142896 13.057908030487 13.368810730317 13.679713352617 13.990615945353 14.301518527529 14.61242110585 14.923323683029 15.234226259857
0 0.027184067809462 0.10823488379384 0.2416433710094 0.42493735296226 0.65473431988225 0.92684394778828 1.2364078473902 1.578061302073 1.9461021408704 2.3346775332063 2.7379994797105 3.1505731748115 3.5674037182302 3.9841534269308 4.3972406493852 4.8038894906911 5.2021407100712 5.5908327822683 5.969545593591 6.3384969796149 6.6983950849264 7.050268320211 7.3953063302342 7.7347319201809 8.0697062328438 8.4012651587135 8.7302855246678 9.0574774709441 9.3833939506469 9.7084509698297 10.032949738031 10.357099638653 10.681039733177 11.00485828958 11.328608933791 11.652322952528 11.976017895513 12.299703221551 12.62338384787 12.947062245399 13.270739614918 13.594416527299 13.918093244203 14.241769880392 14.565446485803 14.889123080219 15.212799670623 15.536476259837 15.860152848686
0 0.028248682694224 0.11247370739982 0.25110689690198 0.44157925638252 0.68037580618947 0.96314211587639 1.2848295261173 1.6398632208671 2.0223177139391 2.426110959226 2.845228280823 3.2739596790295 3.7071146373245 4.1401855951558 4.5694506320863 4.9920251403071 5.4058731489168 5.8097876436208 6.2033320577341 6.5867327579691 6.960725622115 7.3263793367031 7.684930136786 8.0376487165037 8.3857416927078 8.7302855246678 9.0721913786013 9.4121972061047 9.7508776156914 10.08866490554 10.425872081517 10.762716727146 11.09934335 11.435843674913 11.772273427975 12.108665121193 12.445036991591 12.781398868413 13.117755861459 13.454110538429 13.790464147128 14.126817280786 14.463170211313 14.799523057962 15.135875872629 15.47222867587 15.808581474942 16.144934272777 16.481287070233
0 0.029307381340946 0.11668897517372 0.26051783244225 0.45812867803921 0.70587479858753 0.99923856914173 1.3329821177016 1.7013216963484 2.0981097446743 2.5170362748286 2.9518611940504 3.3966605043788 3.846049160122 4.2953506672484 4.7407036159093 5.1791152895241 5.6084734134693 6.0275257372028 6.4358193324782 6.8335890497355 7.2215983458489 7.600955959376 7.9729444567469 8.3388821549299 8.7000208921285 9.0574774709441 9.4121972061047 9.7649457060134 10.11631911425 10.466765930581 10.816610891644 11.166079735518 11.515322385601 11.864434004374 12.213472406418 12.562471322218 12.911449672283 13.260417654233 13.609380569375 13.958341081639 14.307300485597 14.656259396709 15.005218097077 15.354176710425 15.703135290591 16.052093858903 16.401052422889 16.750010985593 17.098969547903
0 0.030361952946185 0.12088781090152 0.26989208207431 0.47461358638995 0.73127439027347 1.0351943104486 1.3809469998337 1.7625405930991 2.1736063213103 2.6076071434405 3.0580784285975 3.5188830147724 3.9844420854207 4.4499108715712 4.9112890177243 5.3654761199597 5.8102838973804 6.2444150395377 6.6674003204049 7.079483041078 7.481454130007 7.8744622216442 8.2598360331869 8.6389413187875 9.0130749617191 9.3833939506469 9.7508776156914 10.11631911425 10.480336041021 10.843393034199 11.205826515468 11.567870345669 11.929679842918 12.291353593937 12.65295149366 13.0145084863 13.376044173185 13.737569118878 14.099088815444 14.460606022669 14.822122081706 15.183637630164 15.545152960295 15.906668200274 16.268183405877 16.6296985992 16.991213788042 17.352728975554 17.714244162659
0 0.031413743585389 0.12507557405778 0.27924161127041 0.49105502308834 0.75660700177388 1.0710552343956 1.4287853958103 1.8235980520948 2.2489038091274 2.6979391714577 3.1640155621822 3.6407832173698 4.1224700606081 4.6040634917372 5.0814245760141 5.5513455061566 6.0115621954271 6.460732392296 6.8983706159342 7.3247285958092 7.7406246595024 8.147247232153 8.5459710600235 8.9382092093557 9.3253034897055 9.7084509698297 10.08866490554 10.466765930581 10.843393034199 11.219026950462 11.594015755284 11.96860141085 12.342944615764 12.717147371965 13.091271649248 13.465353602357 13.839413511642 14.213462307642 14.587505672676 14.961546462133 15.335586063628 15.709625136856 16.083663984194 16.457702738257 16.831741456754 17.205780162544 17.579818863699 17.953857563478 18.327896262835
0 0.032463727885638 0.12925614517463 0.28857508364097 0.50746822336164 0.78189610719876 1.1068545710063 1.4765416344117 1.8845506513754 2.3240719814892 2.7881160637901 3.269770759967 3.7624740692881 4.2602609873761 4.757951371115 5.2512679445134 5.736895681381 6.2124948193282 6.6766782429261 7.128944244459 7.569552967291 7.99935009108 8.4195637633157 8.8316146802758 9.2369631390379 9.6369957982848 10.032949738031 10.425872081517 10.816610891644 11.205826515468 11.594015755284 11.981538321221 12.368644262896 12.755499650161 13.142209894304 13.528839036422 13.915424439707 14.301987062368 14.688538200289 15.075083725717 15.461626589482 15.848168225578 16.234709315749 16.621250172481 17.007790932819 17.394331656403 17.780872366856 18.167413072518 18.553953776758 18.940494480563
0 0.033512583351151 0.13343222177295 0.29789852162548 0.52386377785625 0.80715802438794 1.1426154198656 1.5242465304349 1.9454377207131 2.3991593407912 2.8781960072364 3.3754122606797 3.8840340917639 4.3979037755632 4.91167380613 5.4209287149548 5.9222463722103 6.4132114212133 6.8923919308684 7.3592699840192 7.8141141288806 8.2577973677804 8.6915875278538 9.116951205993 9.5353958793337 9.9483530074682 10.357099638653 10.762716727146 11.166079735518 11.567870345669 11.96860141085 12.368644262896 12.768257030162 13.16761114797 13.566815433296 13.965935996309 14.365011407351 14.764063301761 15.163103340375 15.562137585166 15.961169082298 16.360199312098 16.759228978335 17.15825840359 17.557287729338 17.956317017143 18.355346291393 18.754375560698 19.153404828535 19.552434095922
0 0.03456075994472 0.13760559540473 0.30721592501259 0.54024872032439 0.83240359079533 1.1783531225072 1.5719205494531 2.0062853808809 2.4741980997824 2.9682176464182 3.4809853849064 4.0055154344867 4.5354574744234 5.0652967442629 5.590479672423 6.1074770947617 6.6137981092309 7.1079659980759 7.5894466451908 8.0585169982011 8.5160773644206 8.9634352249469 9.4021030475773 9.8336354589686 10.259508690625 10.681039733177 11.09934335 11.515322385601 11.929679842918 12.342944615764 12.755499650161 13.16761114797 13.579455906516 13.991146146253 14.402750045086 14.814307379726 15.2258404622 15.637361318064 16.048876198891 16.46038824612 16.871898986377 17.283409145447 17.694919055996 18.106428863926 18.517938632727 18.929448387549 19.34095813727 19.752467885478 20.163977633223
0 0.035608543276032 0.14177740324087 0.31652983263084 0.55662751537473 0.85763968539379 1.2140774168265 1.6195766817979 2.0671102117962 2.5492087052049 3.0582055106491 3.5865188994669 4.1269511989861 4.6729595649207 5.2188620450629 5.7599670165721 6.2926383211496 6.8143095397261 7.3234591846907 7.8195369470659 8.3028281707366 8.7742604577576 9.2351809283115 9.6871479038909 10.131763142983 10.570547632208 11.00485828958 11.435843674913 11.864434004374 12.291353593937 12.717147371965 13.142209894304 13.566815433296 13.991146146253 14.415317655834 14.839400206901 15.263434782081 15.68744436984 16.111441360314 16.535432194603 16.959420109389 17.383406677579 17.807392646961 18.231378360289 18.655363967887 19.079349535169 19.503335088048 19.927320635672 20.351306181736 20.775291727323
0 0.036656106863102 0.14594833615304 0.32584178690864 0.57300287541537 0.88287048740329 1.2497942189403 1.6672228195567 2.1279222863467 2.6242035791797 3.148174502357 3.6920302812241 4.2483614956152 4.8104328180699 5.3723951396904 5.9294188153302 6.4777607149733 7.0147789183665 7.5389071774323 8.0495789937172 8.5470881056049 9.0323894041668 9.5068696403575 9.9721329797477 10.429828302772 10.881521341776 11.328608933791 11.772273427975 12.213472406418 12.65295149366 13.091271649248 13.528839036422 13.965935996309 14.402750045086 14.839400206901 15.275958793142 15.7124679921 16.148951468534 16.585421977084 17.021886148343 17.458347314208 17.894807093864 18.331266257095 18.767725156738 19.204183947541 19.640642696843 20.077101431317 20.513560160383 20.950018887842 21.386477614811
0 0.037703551940715 0.15011879721319 0.3351526877376 0.5893763829336 0.90809843508618 1.2855069804604 1.7148635671721 2.1887274813092 2.6991899690856 3.2381333159942 3.7975297266211 4.3697580572611 4.9478905190553 5.525910865326 6.0988514442349 6.6628621661502 7.2152256181765 7.7543307968329 8.279595016022 8.7913204076761 9.2904891487965 9.7785276166258 10.257085815627 10.72785974285 11.192459871309 11.652322952528 12.108665121193 12.562471322218 13.0145084863 13.465353602357 13.915424439707 14.365011407351 14.814307379726 15.263434782081 15.7124679921 16.161450403597 16.610406357552 17.059348973067 17.508285070202 17.957218076066 18.406149656109 18.855080602113 19.304011276998 19.752941839932 20.201872360179 20.650802865175 21.099733364607 21.548663862388 21.997594359663
0 0.038750935294703 0.15428901251728 0.34446303989574 0.6057489255972 0.93332489614183 1.3212176375064 1.7625015074235 2.2495290931559 2.7741719402091 3.3280868285571 3.9030229551687 4.4911474652757 5.085340119962 5.6794175446189 6.268274088849 6.8479527097074 7.4156605061051 7.9697417217954 8.5095974839905 9.0355383176771 9.5485736841781 10.050169584689 10.542021859865 11.025873620595 11.50338007792 11.976017895513 12.445036991591 12.911449672283 13.376044173185 13.839413511642 14.301987062368 14.764063301761 15.2258404622 15.68744436984 16.148951468534 16.610406357552 17.071834054052 17.533248041578 17.994655329647 18.456059440572 18.917462086066 19.378864079909 19.8402657951 20.301667395232 20.76306895149 21.224470492073 21.685872026938 22.147273560106 22.608675092754
0 0.039798287531029 0.15845910392466 0.35377311544418 0.62212098183407 0.95855060772166 1.356927233592 1.8101380323561 2.3103288985923 2.8491516836252 3.4180376686096 4.0085130495223 4.6125332668222 5.2227856372537 5.8329196632425 6.437691699932 7.0330377542417 7.6160894391317 8.1851462469193 8.7395931186071 9.2797489719867 9.8066505518922 10.321803482296 10.82694943868 11.323878644374 11.814291047121 12.299703221551 12.781398868413 13.260417654233 13.737569118878 14.213462307642 14.688538200289 15.163103340375 15.637361318064 16.111441360314 16.585421977084 17.059348973067 17.533248041578 18.007133030592 18.481011139077 18.954885984546 19.428759324979 19.902631996146 20.376504381131 20.850376647946 21.324248869702 21.79812107536 22.271993275144 22.745865473186 23.219737670694
0 0.040845624560423 0.1626291347848 0.36308305581586 0.63849280035842 0.98377595303915 1.3926363111956 1.8577738656347 2.3711278212517 2.92413033838 3.5079872026293 4.1140016122224 4.7339173059191 5.3602291589183 5.9864195531067 6.6071068511719 7.2181201114512 7.8165154620495 8.4005476444976 8.9695854138238 9.5239560805028 10.064723672484 10.593433435939 11.111872880516 11.621879341298 12.125197502079 12.62338384787 13.117755861459 13.609380569375 14.099088815444 14.587505672676 15.075083725717 15.562137585166 16.048876198891 16.535432194603 17.021886148343 17.508285070202 17.994655329647 18.481011139077 18.96735988691 19.453705285856 19.940049140159 20.426392307584 20.912735181296 21.399077933728 21.885420639915 22.371763329581 22.858106013219 23.344448695068 23.830791376369
0 0.041892954378094 0.16679913693106 0.37239293208142 0.65486450615017 1.0090011246607 1.4283451429146 1.9054093709038 2.4319263252636 2.9991084768489 3.5979361172771 4.2194894485524 4.8553005091932 5.4976717341782 6.1399183860057 6.776520835858 7.403201194226 8.0169401048795 8.6159475588711 9.1995761253662 9.7681615074646 10.322795016042 10.8650615192 11.396794360434 11.919877986257 12.436101816207 12.947062245399 13.454110538429 13.958341081639 14.460606022669 14.961546462133 15.461626589482 15.961169082298 16.46038824612 16.959420109389 17.458347314208 17.957218076066 18.456059440572 18.954885984546 19.453705285856 19.952521152411 20.451335434715 20.950149012529 21.448962289099 21.947775441279 22.446588546028 22.945401633833 23.444214715455 23.943027795242 24.441840874467
0 0.042940280869423 0.17096912583329 0.38170277877861 0.67123615994503 1.0342262161665 1.4640538612216 1.9530447248815 2.4927246361782 3.0740863771857 3.6878847462452 4.3249769498507 4.9766833269517 5.6351138729175 6.2934167313891 6.9459342824815 7.5882816891792 8.2173641111564 8.8313467891298 9.4295661064531 10.012366158825 10.580865539961 11.136688739765 11.681714935435 12.217875684766 12.747005142896 13.270739614918 13.790464147128 14.307300485597 14.822122081706 15.335586063628 15.848168225578 16.360199312098 16.871898986377 17.383406677579 17.894807093864 18.406149656109 18.917462086066 19.428759324979 19.940049140159 20.451335434715 20.962620105414 21.473904054011 21.985187693833 22.496471206155 23.00775466986 23.519038116197 24.030321556197 24.541604994316 25.052888431859
0 0.043987605881582 0.17513910884614 0.39101261232723 0.68760779061772 1.0594512720462 1.4997625290961 2.0006800115825 2.5535228612255 3.1490641716289 3.7778332481762 4.430464302166 5.0980659732776 5.7725558175433 6.4469148599823 7.1153474898374 7.7733619227377 8.4177878343687 9.0467457151738 9.6595557627183 10.256570465287 10.838935699399 11.408315576703 11.966635108035 12.515872962404 13.057908030487 13.594416527299 14.126817280786 14.656259396709 15.183637630164 15.709625136856 16.234709315749 16.759228978335 17.283409145447 17.807392646961 18.331266257095 18.855080602113 19.378864079909 19.902631996146 20.426392307584 20.950149012529 21.473904054011 21.997658355779 22.52141234124 23.045166196091 23.56892000114 24.092673788397 24.616427569163 25.140181348002 25.663935126251
0 0.045034930261238 0.17930908934063 0.40032244025344 0.70397941140323 1.084676312692 1.5354711754054 2.0483152695154 2.6143210495554 3.2240419207914 3.8677816957853 4.5359515907751 5.219448546298 5.9099976791649 6.6004128958746 7.2847605948811 7.9584420445223 8.6182114365407 9.2621445111338 9.8895452800878 10.50077462427 11.097005702983 11.6799422496 12.251555108565 12.813870060075 13.368810730317 13.918093244203 14.463170211313 15.005218097077 15.545152960295 16.083663984194 16.621250172481 17.15825840359 17.694919055996 18.231378360289 18.767725156738 19.304011276998 19.8402657951 20.376504381131 20.912735181296 21.448962289099 21.985187693833 22.52141234124 23.057636664809 23.593860854659 24.130084993521 24.666309114167 25.202533228167 25.738757340195 26.274981451618
0 0.046082254379722 0.18347906879526 0.40963226585804 0.72035102810612 1.1099013470473 1.57117981281 2.0959505155695 2.675119222724 3.2990196512567 3.9577301209639 4.6414388530788 5.3408310890489 6.0474395065123 6.7539108934889 7.4541736576779 8.1435221201532 8.8186349887328 9.4775432533794 10.119534740105 10.744978722354 11.355075642212 11.95156885476 12.536475038044 13.111867083434 13.679713352617 14.241769880392 14.799523057962 15.354176710425 15.906668200274 16.457702738257 17.007790932819 17.557287729338 18.106428863926 18.655363967887 19.204183947541 19.752941839932 20.301667395232 20.850376647946 21.399077933728 21.947775441279 22.496471206155 23.045166196091 23.593860854659 24.142555376397 24.691249845962 25.239944296888 25.788638741013 26.337333183119 26.886027624608
0 0.047129578398618 0.18764904785337 0.4189420905774 0.73672264325228 1.1351263790041 1.6068884468191 2.143585757094 2.7359173901115 3.3739973745925 4.0476785375895 4.7469261053519 5.462213620258 6.1848813207909 6.9074088765075 7.6235867043657 8.3286021781854 9.0190585218671 9.6929419751434 10.349524178252 10.989182797219 11.613145556901 12.223195434093 12.821394940431 13.409864078457 13.990615945353 14.565446485803 15.135875872629 15.703135290591 16.268183405877 16.831741456754 17.394331656403 17.956317017143 18.517938632727 19.079349535169 19.640642696843 20.201872360179 20.76306895149 21.324248869702 21.885420639915 22.446588546028 23.00775466986 23.56892000114 24.130084993521 24.691249845962 25.252414645045 25.813579425063 26.374744198127 26.935908969127 27.497073739495
0 0.048176902381936 0.19181902676982 0.4282519149805 0.75309425784228 1.1603514101039 1.6425970796152 2.1912209970004 2.7967155554336 3.4489750953812 4.1376269511596 4.8524133540415 5.5835961473436 6.3223231304004 7.0609068543117 7.7929997452984 8.5136822299302 9.2194820481929 9.9083406895901 10.579513608587 11.233386863787 11.871215462824 12.494822004197 13.106314833139 13.707861063358 14.301518527529 14.889123080219 15.47222867587 16.052093858903 16.6296985992 17.205780162544 17.780872366856 18.355346291393 18.929448387549 19.503335088048 20.077101431317 20.650802865175 21.224470492073 21.79812107536 22.371763329581 22.945401633833 23.519038116197 24.092673788397 24.666309114167 25.239944296888 25.813579425063 26.387214533752 26.960849635332 27.534484734801 28.108119833624
0 0.049224226352274 0.1959890056346 0.43756173926821 0.76946587222938 1.1855764408911 1.6783057119687 2.2388562363163 2.8575137200022 3.5239528152407 4.2275753636147 4.9579006014238 5.7049786729247 6.4597649383064 7.2144048302134 7.9624127841314 8.6987622793811 9.4199055720347 10.123739401367 10.809503036071 11.477590927329 12.129285365548 12.766448570936 13.391234722316 14.005858044564 14.61242110585 15.212799670623 15.808581474942 16.401052422889 16.991213788042 17.579818863699 18.167413072518 18.754375560698 19.34095813727 19.927320635672 20.513560160383 21.099733364607 21.685872026938 22.271993275144 22.858106013219 23.444214715455 24.030321556197 24.616427569163 25.202533228167 25.788638741013 26.374744198127 26.960849635332 27.546955065272 28.133060493056 28.71916592018
0 0.050271550318759 0.20015898448403 0.44687156352168 0.78583748655626 1.2108014715856 1.7140143441909 2.2864914754571 2.9183118843471 3.5989305348244 4.3175237757391 5.063387848418 5.8263611980595 6.597206745707 7.3679028055505 8.1318258223413 8.8838423281514 9.6203290951393 10.339138112352 11.039492462709 11.721794989972 12.387355267323 13.038075136675 13.676154610444 14.303855024675 14.923323683029 15.536476259837 16.144934272777 16.750010985593 17.352728975554 17.953857563478 18.553953776758 19.153404828535 19.752467885478 20.351306181736 20.950018887842 21.548663862388 22.147273560106 22.745865473186 23.344448695068 23.943027795242 24.541604994316 25.140181348002 25.738757340195 26.337333183119 26.935908969127 27.534484734801 28.133060493056 28.73163624911 29.330212004489
0 0.051318874284065 0.20432896332877 0.45618138776466 0.80220910086469 1.2360265022516 1.7497229763728 2.3341267145442 2.9791100486236 3.6739082543236 4.4074721877621 5.1688750952935 5.9477437230574 6.7346485529527 7.5214007807147 8.3012388603603 9.0689223767131 9.8207526180181 10.554536823094 11.269481889089 11.96599905234 12.645425168807 13.309701702109 13.961074498252 14.60185200445 15.234226259857 15.860152848686 16.481287070233 17.098969547903 17.714244162659 18.327896262835 18.940494480563 19.552434095922 20.163977633223 20.775291727323 21.386477614811 21.997594359663 22.608675092754 23.219737670694 23.830791376369 24.441840874467 25.052888431859 25.663935126251 26.274981451618 26.886027624608 27.497073739495 28.108119833624 28.71916592018 29.330212004489 29.941258088109
