0 0 0 0 0 0 0 0 -0 -0 -0 -0 -0 -0 0 0 0 0 0 0 -0 -0 -0 -0 -0 -0 -0 0 0 0 0 0 0 -0 -0 -0 -0 -0 -0 -0 -0 0 0 0 0 0 0 0 0 -0 -0 -0 -0 -0 -0 -0 -0 -0 -0 -0 -0 -0 0 0 0 0 0 0 0 0 0 0 0 0 0 0 0 0 0 0 0 0 0 0 0 0 0 0 0 0 0 0 0 0 0 0 0 0 0 0
0 0.00058169386727585 0.0020907316808417 0.0038999389352999 0.0052072919433354 0.0053164204811593 0.0038886360246047 0.0010840933813223 -0.0024544718051445 -0.0057730371685287 -0.0078827006488361 -0.0080586532515574 -0.0060731964068701 -0.0022927812848818 0.0023920135788047 0.0067873757839621 0.0097094410561605 0.010305421860212 0.0082950602208793 0.0040656667552578 -0.0014073587643347 -0.0067967065035923 -0.010755029488864 -0.012256778248561 -0.010859994625586 -0.0068207760536522 -0.0010324018903945 0.0051919307077226 0.010434091432756 0.013502123362046 0.013697045589033 0.010955545192346 0.0058432947083039 -0.00058923093709293 -0.0070459916292063 -0.012260480437058 -0.015245409685963 -0.015467751644659 -0.012921123980215 -0.0080919430073546 -0.0018373825224491 0.0047918316663897 0.010744275909492 0.015139533946976 0.017391006055377 0.017265413497767 0.014878163964595 0.010635315760272 0.0051403638330124 -0.00091324382566509 -0.0068447363300689 -0.012068863952057 -0.016150728311848 -0.018830214047025 -0.020019265497224 -0.019778185161534 -0.018279265772527 -0.015765650331484 -0.012512115816997 -0.0087920364838727 -0.0048534273976941 -0.00090362488281 0.0028970894841375 0.0064362241710411 0.0096443717166111 0.012488893396931 0.014965300903405 0.01708989929064 0.018892174836998 0.020409375519963 0.021681464386479 0.022748146861237 0.023646421598014 0.024409475351912 0.025065971135431 0.025639999687505 0.026151306243445 0.026615686289376 0.027045548005909 0.027450395276024 0.027837424994517 0.028211938626414 0.028577814868615 0.028937803206948 0.029293851501197 0.029647291949603 0.029999038964573 0.030349695499014 0.030699663676884 0.031049200577742 0.031398472663403 0.03174758260844 0.032096595385548 0.032445550341216 0.032794471668549 0.033143373453966 0.033492264142897 0.033841148550282 0.034190029591993 0.034538909019673
0 0.0020907316808417 0.0075145350624823 0.014017211361648 0.018716116586047 0.019108347799315 0.01397658629268 0.003896462563609 -0.008821894559041 -0.020749525449606 -0.028332105432526 -0.028964516570981 -0.021828361696989 -0.0082407443832825 0.0085974063877125 0.02439527452432 0.034897799618289 0.037039881593536 0.029814213581967 0.014612872452602 -0.0050583472173851 -0.024428811118452 -0.038655867193613 -0.044053472162817 -0.039033134256366 -0.024515322209053 -0.0037106723330556 0.018660905032755 0.037502347448539 0.048529507804275 0.049230099813558 0.039376563349033 0.021002046014957 -0.002117821515433 -0.025324794966665 -0.044066778616975 -0.054795250235531 -0.055594394601972 -0.046441272252075 -0.029084167045239 -0.0066039442146765 0.017222863842625 0.038617216538449 0.054414710274248 0.062506980676907 0.062055574269094 0.053475290876301 0.038225590549695 0.018475562699435 -0.0032823928634366 -0.024601440546901 -0.043378068148634 -0.058049158242606 -0.067679800802295 -0.071953505025317 -0.071087010940008 -0.065699575331822 -0.056665105945624 -0.044971209779921 -0.031600452145101 -0.017444252023053 -0.0032478203336324 0.010412756790931 0.023133160819476 0.034663926549823 0.044887743454989 0.053788479597706 0.0614247388178 0.067902501081348 0.073355643554597 0.077927801941838 0.0817616859981 0.084990276767116 0.087732854516699 0.090092440220036 0.092155621125051 0.093993365813906 0.095662446628745 0.097207461214069 0.098662568549989 0.1000536358096 0.10139971758759 0.10271475474695 0.10400862952547 0.10528834294617 0.10655868321336 0.10782293692001 0.10908327120732 0.11034113139448 0.11159744148018 0.11285279976364 0.11410757527916 0.11536200155244 0.11661622000315 0.11787031758646 0.11912434493196 0.12037833239433 0.12163229727948 0.12288625006768 0.12414019705471
0 0.0038999389352999 0.014017211361648 0.026146955563236 0.034912041779627 0.035643688883979 0.026071175734734 0.0072682526414099 -0.016455889767769 -0.038705053800751 -0.052849192513717 -0.054028858390777 -0.040717457173473 -0.015371843345904 0.016037141552539 0.045505638923701 0.065096486906855 0.069092211931935 0.055613837700516 0.027258069869362 -0.0094355700648321 -0.045568196290775 -0.072106584947074 -0.082174988257582 -0.072810318726267 -0.045729569447197 -0.0069216894929328 0.034809053104259 0.06995487097647 0.090524345486857 0.091831192309813 0.073450932967818 0.039176092142879 -0.0039504708623002 -0.047239516588384 -0.082199809404713 -0.10221212593718 -0.10370280705048 -0.086629062696277 -0.054252047979122 -0.012318643949087 0.032126608063919 0.072034488084369 0.10150228706831 0.11659717500037 0.11575514565647 0.099749944421856 0.07130396993342 0.0344633254393 -0.0061227999012831 -0.045890209983663 -0.080915125772067 -0.10828179171255 -0.12624627669867 -0.13421821573324 -0.13260190406041 -0.12255247013146 -0.10570005466281 -0.083886886870937 -0.058945791477242 -0.032539573722105 -0.0060583101552717 0.01942339899705 0.043151359594889 0.064660232606992 0.08373119325737 0.10033414989399 0.11457841898188 0.12666168987537 0.13683368987233 0.14536234932498 0.15251387136937 0.15853631172439 0.16365216941512 0.16805361424898 0.17190216144218 0.17533019198808 0.17844360597401 0.18132559345816 0.1840398727731 0.18663469515852 0.18914560403517 0.1915986039424 0.19401212867748 0.19639923757394 0.19876886229167 0.20112713346527 0.2034780935639 0.20582443860856 0.20816789217695 0.21050957030442 0.21285016136777 0.21519010097335 0.21752965291782 0.21986897940272 0.22220817486978 0.22454729594096 0.22688637489782 0.22922543128969 0.23156447686035
0 0.0052072919433354 0.018716116586047 0.034912041779627 0.046615394984501 0.047592307734948 0.034810858736259 0.0097047451382285 -0.021972298446137 -0.051679915549117 -0.070565508576942 -0.072140626731188 -0.054366924767304 -0.020524853680352 0.021413175792262 0.06076021980726 0.086918389603819 0.092253577430109 0.074256929095631 0.036395628233262 -0.012598599310017 -0.060843747903204 -0.096278440530878 -0.10972201395878 -0.097218082740522 -0.061059217209583 -0.0092420057156731 0.046477882036632 0.093405420463288 0.12087027585553 0.12261520905711 0.098073446230606 0.052308857233758 -0.0052747633834567 -0.063075334824142 -0.10975515574937 -0.13647608045507 -0.13846647360741 -0.11566920090823 -0.072438634819137 -0.016448148664144 0.042896217123736 0.096182175071717 0.13552828658336 0.15568334275685 0.15455904499443 0.13318851668023 0.095206769726914 0.046016258171696 -0.0081753091844639 -0.061273708304235 -0.10803981537071 -0.14458044368105 -0.16856705462197 -0.17921137869888 -0.17705324061224 -0.16363499555726 -0.14113324649106 -0.11200778201952 -0.078705833641307 -0.043447618768844 -0.0080892009298466 0.025934587896759 0.05761672961814 0.086335892406142 0.11179989617489 0.13396856182933 0.15298785133377 0.16912172425247 0.18270362245922 0.19409129298227 0.20364017662946 0.21168148334227 0.21851229915198 0.22438921379158 0.22952788624906 0.23410507479978 0.23826217977864 0.24211027854532 0.24573444934468 0.24919911838853 0.25255174410414 0.25582704837578 0.25904964445139 0.26223696946612 0.26540094918633 0.2685497693823 0.27168882765572 0.27482172379846 0.27795075917279 0.28107742393584 0.28420263722482 0.28732698067178 0.29045080650433 0.29357433129786 0.29669768115322 0.29982093167344 0.30294412596159 0.30606729012042 0.30919043983052
0 0.0053164204811593 0.019108347799315 0.035643688883979 0.047592307734948 0.048589693518441 0.035540385360773 0.0099081262158429 -0.02243276903779 -0.052762964796232 -0.072044340733003 -0.073652468432891 -0.055506285316011 -0.020954990360907 0.02186192892341 0.062033563805941 0.088739926953883 0.094186923615328 0.075813121869857 0.037158366665349 -0.012862626511927 -0.062118842389293 -0.098296135246947 -0.1120214438891 -0.099255469415778 -0.062338827257812 -0.009435689223586 0.047451912946173 0.095362905672665 0.12340333845582 0.12518483999484 0.10012875864692 0.053405087129696 -0.0053853059114477 -0.064397196386162 -0.11205528022787 -0.13933619186616 -0.14136829742809 -0.11809326525947 -0.073956721837455 -0.016792850369591 0.043795187549022 0.098197852365119 0.13836853520194 0.15894597825788 0.15779811873396 0.13597973104624 0.097202005577774 0.046980614890131 -0.0083466380723517 -0.062557813414349 -0.11030399168471 -0.14761039717483 -0.17209969239154 -0.18296708817928 -0.18076372227435 -0.16706427280852 -0.14409095752311 -0.11435511449285 -0.080355261527615 -0.044358144846462 -0.0082587252582776 0.02647809567144 0.058824195903081 0.088145222438437 0.1141428720117 0.13677612349976 0.15619399777275 0.17266598616111 0.18653251843645 0.19815883888482 0.2079078372407 0.21611766456907 0.22309163289445 0.22909170926734 0.23433807221304 0.239011184307 0.24325540919249 0.24718415206293 0.25088427413687 0.2544215517978 0.2578444380531 0.26118838244901 0.2644785140501 0.26773263541929 0.27096292224967 0.27417773185963 0.27738257496772 0.28058112680615 0.28377573696656 0.28696792683509 0.2901586348112 0.29334845471611 0.29653774615905 0.29972673025413 0.30291553574488 0.30610423981874 0.30929288648208 0.31248150238469 0.31567010353577
0 0.0038886360246047 0.01397658629268 0.026071175734734 0.034810858736259 0.035540385360773 0.025995615533423 0.0072471875909362 -0.016408196853716 -0.038592877745222 -0.052696023524866 -0.053872270461712 -0.040599448714929 -0.015327292245119 0.015990662266124 0.045373753224612 0.06490782247126 0.068891966975755 0.055452656140656 0.027179069778702 -0.0094082236351646 -0.045436129286198 -0.071897603651798 -0.081936826437853 -0.072599297850323 -0.045597034746483 -0.0069016288613442 0.034708168545513 0.06975212583803 0.09026198532949 0.091565044612903 0.073238055445992 0.039062550911022 -0.003939021498579 -0.047102605717177 -0.081961575647651 -0.10191589193183 -0.10340225271197 -0.086377991955038 -0.05409481319583 -0.01228294171509 0.032033497841448 0.071825715742211 0.10120811033756 0.11625924984866 0.11541966089746 0.099460846378947 0.071097314799136 0.034363442878018 -0.0061050546335655 -0.045757209710111 -0.080680615320577 -0.10796796643426 -0.12588038625402 -0.13382922079479 -0.13221759356107 -0.12219728517898 -0.10539371184612 -0.083643763579384 -0.058774953156955 -0.032445266631162 -0.0060407517935165 0.019367105565819 0.04302629713315 0.064472832535653 0.083488521201347 0.10004335869065 0.1142463446446 0.12629459546879 0.13643711469452 0.14494105615087 0.15207185145663 0.15807683740874 0.16317786817947 0.16756655662439 0.17140394985186 0.17482204518499 0.17792643578854 0.180800070617 0.18350648333269 0.18609378533224 0.18859741702345 0.19104330757863 0.19344983736969 0.19583002788124 0.19819278488719 0.20054422125416 0.20288836773533 0.205227912538 0.20756457424456 0.20989946565583 0.21223327315354 0.21456643108154 0.21689920247198 0.21923174905628 0.22156416500245 0.22389650676837 0.22622880654202 0.22856108381606 0.23089335030028
0 0.0010840933813223 0.003896462563609 0.0072682526414099 0.0097047451382285 0.0099081262158429 0.0072471875909362 0.0020204071686893 -0.0045743591058652 -0.010759115295196 -0.014690860744962 -0.015018780743379 -0.011318517176382 -0.0042730191181149 0.0044579567272374 0.012649521643402 0.018095327074044 0.019206046786619 0.015459368559683 0.0075771168788114 -0.0026228715951677 -0.012666911153526 -0.020043973197458 -0.02284275788883 -0.020239595012284 -0.012711769181742 -0.0019240705793972 0.0096761166537392 0.019445846172207 0.025163687283038 0.025526960661076 0.020417671046491 0.010890053127178 -0.0010981400955184 -0.013131499779853 -0.022849657597202 -0.028412621596819 -0.028826996682018 -0.024080888202923 -0.015080822318778 -0.0034242998656193 0.0089304585903087 0.02002393192682 0.028215302707391 0.03241133458646 0.032177269783463 0.027728191730438 0.019820864672302 0.0095800123096612 -0.0017019976359274 -0.01275642355845 -0.022492545076634 -0.030099849167063 -0.035093563067566 -0.037309578878854 -0.036860281385806 -0.034066769746483 -0.02938218561018 -0.023318626354214 -0.016385575122439 -0.009045253550994 -0.0016840709688759 0.0053992584614313 0.011995086104669 0.017974058406278 0.023275347108364 0.027890587423339 0.031850166815771 0.035209038382142 0.038036620571109 0.040407391862033 0.042395350607881 0.04406945059678 0.04549154144341 0.046715041937084 0.047784849595376 0.048737763291573 0.049603220815769 0.050404347091964 0.051158854352001 0.05188015533143 0.052578130284227 0.053260007874601 0.053930912274482 0.054594473678412 0.05525317488254 0.055908720062369 0.056562232931406 0.057214462921519 0.057865889147693 0.0585168218421 0.059167452357668 0.05981790178295 0.060468243447356 0.061118522439183 0.061768765011059 0.062418986902596 0.063069197087317 0.063719400999487 0.064369601903613
-0 -0.0024544718051445 -0.008821894559041 -0.016455889767769 -0.021972298446137 -0.02243276903779 -0.016408196853716 -0.0045743591058652 0.010356705100678 0.024359474557577 0.033261252317427 0.034003688720348 0.02562600396249 0.0096744479109946 -0.010093161054274 -0.028639501686125 -0.040969229102697 -0.043483984994488 -0.035001213833441 -0.017155182444379 0.0059383854654674 0.02867887289071 0.045381115615913 0.051717782024913 0.045824018632605 0.028780434958505 0.0043562455685121 -0.021907481328707 -0.04402690947033 -0.056972546843111 -0.05779502604953 -0.046227196636144 -0.024655928001868 0.0024862746595326 0.029730737706006 0.051733403501765 0.064328387038551 0.06526656448793 0.054521005436653 0.034144155676596 0.0077528814559048 -0.020219253428324 -0.045335740619103 -0.063881641712855 -0.07338178452168 -0.072851843587226 -0.062778784542518 -0.044875980547369 -0.021689893612597 0.0038534551375187 0.028881535943433 0.050924872956243 0.068148401597608 0.07945455859747 0.084471790897079 0.083454546397842 0.077129818589155 0.066523555439244 0.052795185273901 0.037098217590858 0.020479158155379 0.0038128677678363 -0.012224341454891 -0.027157808682755 -0.040694667398873 -0.052697197692279 -0.063146461032726 -0.072111257005469 -0.079716003698696 -0.086117869883952 -0.091485480636194 -0.095986373986841 -0.099776666679832 -0.1029963910574 -0.10576649141688 -0.10818861923303 -0.11034609001954 -0.11230555322473 -0.11411936547666 -0.11582762864701 -0.11746071021317 -0.11904097983925 -0.12058480378373 -0.12210378357073 -0.1236061382433 -0.12509748904518 -0.12658169436237 -0.12806129836972 -0.12953799783933 -0.13101287752481 -0.13248663981595 -0.13395971795067 -0.1354323860829 -0.13690481023611 -0.13837709249372 -0.13984929229373 -0.14132144527185 -0.14279357174481 -0.14426568401624 -0.14573778947722
-0 -0.0057730371685287 -0.020749525449606 -0.038705053800751 -0.051679915549117 -0.052762964796232 -0.038592877745222 -0.010759115295196 0.024359474557577 0.057294669970121 0.078232084596716 0.07997833115793 0.060273608784686 0.022754772435399 -0.023739606131203 -0.06736150212669 -0.096361621217284 -0.10227644949221 -0.0823245587831 -0.040349824217459 0.013967371693306 0.067454105116449 0.10673859306546 0.12164274092613 0.10778032252108 0.06769298404391 0.010246101637651 -0.051527462533645 -0.10355343428877 -0.13400220357865 -0.13593671471014 -0.10872861681197 -0.057991942902344 0.0058478390302013 0.069928142366438 0.12167948340014 0.15130349779805 0.15351013682914 0.12823605885048 0.080308716276908 0.018235154591845 -0.047556668329601 -0.10663186886412 -0.15025273104461 -0.17259752939459 -0.17135108251942 -0.14765875729327 -0.10555049079445 -0.051015685633262 0.009063514068292 0.067930778482022 0.11977778019809 0.16028835799792 0.18688098964137 0.19868176424716 0.19628915566585 0.18141308797428 0.15646664073651 0.12417684581536 0.087256813701953 0.048167976899706 0.00896805059902 -0.02875224617857 -0.063876488054467 -0.095715838724322 -0.12394637425339 -0.1485235502966 -0.16960918682763 -0.18749592124651 -0.20255342215484 -0.21517830393752 -0.22576462420016 -0.2346795771242 -0.2422525255953 -0.2487679364883 -0.25446489902022 -0.25953937533501 -0.2641481281796 -0.26841430289189 -0.27243222102622 -0.27627330836766 -0.27999017945517 -0.28362132852539 -0.28719404292783 -0.29072765425181 -0.29423538393626 -0.29772630709289 -0.30120640774479 -0.30467967678252 -0.3081486655994 -0.31161502625039 -0.3150797777322 -0.31854356486815 -0.3220067781536 -0.32546965769369 -0.32893234328949 -0.3323949187579 -0.33585743188493 -0.33931991160923 -0.34278237531503
-0 -0.0078827006488361 -0.028332105432526 -0.052849192513717 -0.070565508576942 -0.072044340733003 -0.052696023524866 -0.014690860744962 0.033261252317427 0.078232084596716 0.10682074028072 0.10920512453103 0.08229962863652 0.031070137642359 -0.032414862955271 -0.091977678476641 -0.13157542415165 -0.13965173118371 -0.1124087432647 -0.055095017796404 0.019071522786925 0.092104121737987 0.14574449327985 0.16609512200127 0.14716690599192 0.092430295123247 0.013990374506412 -0.070357344061646 -0.14139536951315 -0.18297115127774 -0.18561259835426 -0.14846173916272 -0.079184164695077 0.0079848376464558 0.095482256065971 0.1661452914208 0.20659492489771 0.20960794463313 0.17509786180062 0.10965624357214 0.024898898229231 -0.064935487050358 -0.14559876843753 -0.20516017235284 -0.23567051748136 -0.23396857666496 -0.20161827266022 -0.14412221816379 -0.069658546533249 0.012375629350931 0.092754987709987 0.1635486414033 0.21886315759043 0.25517363829421 0.27128681597284 0.2680198671094 0.24770758000276 0.21364485529014 0.16955527472009 0.11914341132833 0.065770188494594 0.012245280293892 -0.039259291598337 -0.087219122124697 -0.13069365084452 -0.16924058103667 -0.2027990903424 -0.23159013323925 -0.2560132867533 -0.27657330892446 -0.29381175047866 -0.30826667102862 -0.32043944995714 -0.33077981051332 -0.33967617341111 -0.34745499917228 -0.35438386115107 -0.36067680851617 -0.36650198808646 -0.3719881897096 -0.37723294057379 -0.38230808235408 -0.38726617638608 -0.39214448174184 -0.39696939442872 -0.40175896744764 -0.40652559226373 -0.41127743966501 -0.41601995894872 -0.42075663387378 -0.42548972021205 -0.43022060933616 -0.43495018170976 -0.43967897052842 -0.44440730363986 -0.44913537193319 -0.45386328985484 -0.45859112265346 -0.46331890984287 -0.46804667516007
-0 -0.0080586532515574 -0.028964516570981 -0.054028858390777 -0.072140626731188 -0.073652468432891 -0.053872270461712 -0.015018780743379 0.034003688720348 0.07997833115793 0.10920512453103 0.11164273148171 0.084136668314506 0.031763665384769 -0.033138406796135 -0.09403074539383 -0.13451236662416 -0.14276894781681 -0.11491785934396 -0.056324813549169 0.019497225121913 0.094160011040792 0.14899770865201 0.16980259109306 0.15045187155097 0.094493465059763 0.014302658698989 -0.071927815700707 -0.14455150652595 -0.18705531630245 -0.18975572407134 -0.15177560715973 -0.08095166297937 0.0081630700859191 0.097613549922854 0.16985388036229 0.21120640468924 0.2142866791243 0.17900628429276 0.11210392011355 0.025454675512106 -0.066384935464611 -0.14884873103294 -0.20973962651562 -0.24093100405605 -0.23919107360518 -0.20611866680318 -0.14733922214829 -0.071213420060777 0.012651870234813 0.094825405226776 0.16719926958371 0.22374848102632 0.26086946105901 0.27734230678505 0.27400243517836 0.25323675018909 0.2184136991193 0.17333997912804 0.12180285436115 0.067238268580676 0.012518611609484 -0.040135612398207 -0.089165971590201 -0.13361091093718 -0.17301826105346 -0.2073258419425 -0.23675954008639 -0.26172785161402 -0.28274680145151 -0.30037002847371 -0.31514760251594 -0.32759209443095 -0.33816326590257 -0.34725820772354 -0.35521066745862 -0.36229419106334 -0.36872760557505 -0.37468281107837 -0.3802914721856 -0.38565329302444 -0.39084171887388 -0.39591048431006 -0.40089768007818 -0.40583029138042 -0.41072677418523 -0.41559979655211 -0.42045771165217 -0.42530609041838 -0.43014849437191 -0.43498722963651 -0.43982371864214 -0.44465886150559 -0.4494932033241 -0.45432707926338 -0.45916068447344 -0.46399413595534 -0.46882750041413 -0.47366081824566 -0.47849411371676
-0 -0.0060731964068701 -0.021828361696989 -0.040717457173473 -0.054366924767304 -0.055506285316011 -0.040599448714929 -0.011318517176382 0.02562600396249 0.060273608784686 0.08229962863652 0.084136668314506 0.063407432450941 0.023937868085654 -0.024973906532682 -0.070863848739337 -0.10137177964613 -0.10759413934656 -0.086604884050333 -0.042447744627594 0.0146935814035 0.070961266463882 0.1122882844776 0.12796734813033 0.11338417688261 0.071212565494459 0.010778830247176 -0.054206545216861 -0.1089375187934 -0.1409694200001 -0.14300451274416 -0.11438177612058 -0.061007135235836 0.0061518874639819 0.073563937068361 0.12800600096671 0.15917026555507 0.16149163502553 0.1349034743943 0.084484231245228 0.019183260407475 -0.050029296328895 -0.11217601133313 -0.15806486597333 -0.18157144406902 -0.18026019031079 -0.15533602297332 -0.11103840885189 -0.053668159347899 0.0095347560506347 0.071462723649508 0.12600542194453 0.16862227826332 0.19659754851216 0.20901188430145 0.20649487611063 0.1908453526076 0.16460185731979 0.13063320948868 0.091793583165981 0.050672388847282 0.0094343291208151 -0.030247170264736 -0.067197637294052 -0.10069242079196 -0.13039075495024 -0.15624577941646 -0.17842772771827 -0.19724445243911 -0.21308484247011 -0.22636613348582 -0.23750287144613 -0.24688134216875 -0.25484803320183 -0.261702201791 -0.26769536819005 -0.27303368326098 -0.27788206036281 -0.28237004756563 -0.2865968705124 -0.29063766865028 -0.2945477921216 -0.29836773660529 -0.30212620821015 -0.30584354363855 -0.30953365175565 -0.31320607951812 -0.31686712207816 -0.32052097782588 -0.32417033080995 -0.32781691898113 -0.33146181431711 -0.33510569516772 -0.33874897233144 -0.34239189839728 -0.34603462043502 -0.34967722661949 -0.35331976722125 -0.35696227268356 -0.36060476129452
-0 -0.0022927812848818 -0.0082407443832825 -0.015371843345904 -0.020524853680352 -0.020954990360907 -0.015327292245119 -0.0042730191181149 0.0096744479109946 0.022754772435399 0.031070137642359 0.031763665384769 0.023937868085654 0.009037135022452 -0.0094282650638049 -0.026752848957832 -0.038270344579154 -0.040619438682684 -0.032695477640957 -0.016025069493471 0.0055471890241722 0.026789626549184 0.042391594131633 0.048310826986801 0.042805320516903 0.026884498125141 0.0040692740046553 -0.020464306448368 -0.041126597524234 -0.05321942948383 -0.053987727138637 -0.043181938809708 -0.023031696744526 0.0023224890978597 0.027772198831205 0.048325419384927 0.060090697142858 0.060967071315634 0.050929385555007 0.031894878954937 0.0072421534721843 -0.01888729206731 -0.042349208253226 -0.059673381564119 -0.068547693988537 -0.068052663386001 -0.058643176093945 -0.041919735286457 -0.020261052517208 0.003599605341938 0.026978938992476 0.047570151510534 0.06365906483428 0.074220418653414 0.078907136298463 0.07795690368829 0.072048822967487 0.062141256866431 0.049317255335406 0.03465433940472 0.01913007533856 0.0035616917014491 -0.011419052053902 -0.025368763803158 -0.038013869872558 -0.049225722773157 -0.058986631567287 -0.067360863606134 -0.074464640825312 -0.080444778363298 -0.085458792967774 -0.089663185952849 -0.093203789732651 -0.096211411893925 -0.098799029420488 -0.10106159740551 -0.10307694287887 -0.10490732469701 -0.1066016504484 -0.10819738025814 -0.10972288111895 -0.11119904907335 -0.11264117223795 -0.11406008787612 -0.11546347359409 -0.11685658033118 -0.11824301229876 -0.1196251460719 -0.1210045666463 -0.12238228731648 -0.12375896420167 -0.12513500199986 -0.12651065680483 -0.12788608370312 -0.12926137805331 -0.13063659537786 -0.13201176896496 -0.13338691779296 -0.13476205335495 -0.13613718255515
0 0.0023920135788047 0.0085974063877125 0.016037141552539 0.021413175792262 0.02186192892341 0.015990662266124 0.0044579567272374 -0.010093161054274 -0.023739606131203 -0.032414862955271 -0.033138406796135 -0.024973906532682 -0.0094282650638049 0.009836323336159 0.027910720660887 0.039926697109093 0.042377460743018 0.034110548179351 0.016718639532879 -0.0057872731069071 -0.027949089997941 -0.04422631563624 -0.050401734747966 -0.04465794822937 -0.028048067645494 -0.0042453934612932 0.021350008057066 0.042906569578474 0.055522783102324 0.05632433292087 0.045050866680142 0.02402851581138 -0.0024230071552563 -0.028974188316847 -0.050416958709664 -0.062691441383154 -0.0636057453053 -0.053133625353208 -0.033275299330819 -0.0075555961484331 0.019704739998428 0.044182095283705 0.062256064255133 0.071514459707736 0.070998004025287 0.061181271168735 0.043734034592084 0.021137957231946 -0.0037553973913816 -0.02814659594322 -0.049629002604521 -0.066414249148696 -0.077432701677294 -0.08232226193361 -0.081330902957703 -0.075167118648219 -0.06483074997542 -0.051451721631509 -0.036154190095315 -0.019958031005889 -0.0037158428366278 0.011913272212277 0.026466731866128 0.039659122096664 0.051356227511225 0.061539591502804 0.070276262933728 0.077687493861476 0.083926453629817 0.089157476360731 0.093543836794342 0.097237679017454 0.10037547201023 0.10307508243584 0.10543557507368 0.10753814533193 0.10944774664988 0.11121540335179 0.11288019684874 0.1144717218658 0.11601177883277 0.11751631754075 0.11899664429326 0.12046076898576 0.12191416981986 0.12336060699832 0.12480255995513 0.12624168228512 0.1276790311385 0.12911529103155 0.13055088417771 0.13198607775458 0.1334210335609 0.13485585108239 0.13629058824456 0.1377252797763 0.13915994547736 0.14059459733826 0.14202924256201
0 0.0067873757839621 0.02439527452432 0.045505638923701 0.06076021980726 0.062033563805941 0.045373753224612 0.012649521643402 -0.028639501686125 -0.06736150212669 -0.091977678476641 -0.09403074539383 -0.070863848739337 -0.026752848957832 0.027910720660887 0.07919710456715 0.11329262488019 0.12024670486055 0.096789211709196 0.047439400056818 -0.01642147757398 -0.079305978158617 -0.12549285941482 -0.1430157073226 -0.12671762362023 -0.079586828775064 -0.012046370065747 0.060580980374844 0.1217480594217 0.1575467617852 0.15982117187895 0.12783253584376 0.068181287843779 -0.006875320539849 -0.082214710603774 -0.14305890555103 -0.17788794130438 -0.18048229292318 -0.15076748946245 -0.094419180093014 -0.021439121744827 0.055912506634444 0.1253673834758 0.1766525519229 0.20292339321334 0.20145794217091 0.17360280980102 0.12409600428506 0.059979282856007 -0.010655998585993 -0.079866404354379 -0.14082306783076 -0.18845146631949 -0.21971649697485 -0.23359070035396 -0.23077770382003 -0.21328786984482 -0.18395826275332 -0.14599506145754 -0.10258807747418 -0.056631223812964 -0.010543761920842 0.033804095444042 0.075099763872806 0.11253337661511 0.14572409540398 0.17461954932956 0.19940999058295 0.22043947376569 0.23814261927622 0.25298572774507 0.26543209379024 0.27591342862759 0.28481696511375 0.29247715174113 0.29917508636418 0.30514116221817 0.31055968569869 0.31557543912052 0.32029931659623 0.32481529361912 0.32918522924833 0.33345438126445 0.33765483147986 0.34180930809765 0.3459333556002 0.35003764362143 0.3541292075939 0.35821273961867 0.36229123937594 0.36636664919129 0.37044016710198 0.37451255122858 0.37858426067755 0.38265557774117 0.38672666678396 0.39079762634967 0.39486851262044 0.39893935961954 0.40301018778565
0 0.0097094410561605 0.034897799618289 0.065096486906855 0.086918389603819 0.088739926953883 0.06490782247126 0.018095327074044 -0.040969229102697 -0.096361621217284 -0.13157542415165 -0.13451236662416 -0.10137177964613 -0.038270344579154 0.039926697109093 0.11329262488019 0.16206676901125 0.17201468287638 0.13845839332828 0.067862760697539 -0.023491165604293 -0.1134483701568 -0.17951938425692 -0.20458607635002 -0.181271427497 -0.11385013110135 -0.017232509856083 0.086661984955045 0.17416239269529 0.2253729638422 0.2286265409898 0.18286632585855 0.097534336763337 -0.0098352473251311 -0.11760935477344 -0.20464787205221 -0.25447132082739 -0.2581825790402 -0.2156751149067 -0.13506802818408 -0.03066897951475 0.079983664489608 0.17933988907754 0.2527040781164 0.29028490362601 0.2881885543196 0.24834137707974 0.17752116241418 0.085801247789647 -0.015243562970198 -0.1142500680865 -0.20144947325317 -0.26958259899204 -0.31430768596667 -0.33415493830667 -0.33013090532151 -0.30511144014534 -0.26315500509306 -0.20884808633434 -0.14675375623875 -0.081011800002214 -0.015083006767137 0.048357256562439 0.10743131865154 0.16098065318218 0.20846046540262 0.24979583795476 0.28525892940091 0.31534191491746 0.34066652538757 0.36189981073315 0.37970452073087 0.39469822463533 0.40743486475301 0.41839287457964 0.42797436873741 0.43650892814367 0.44426020581271 0.45143531497883 0.45819289130389 0.46465306296823 0.47090432026729 0.47701140512301 0.48302021104064 0.48896325104956 0.49486276176081 0.50073400624294 0.50658704878584 0.51242860150922 0.5182629554998 0.52409288928296 0.52992011666861 0.53574572215942 0.54157036251394 0.54739444155546 0.55321819440979 0.55904176204527 0.56486522483125 0.57068863143853 0.57651201110493
0 0.010305421860212 0.037039881593536 0.069092211931935 0.092253577430109 0.094186923615328 0.068891966975755 0.019206046786619 -0.043483984994488 -0.10227644949221 -0.13965173118371 -0.14276894781681 -0.10759413934656 -0.040619438682684 0.042377460743018 0.12024670486055 0.17201468287638 0.18257321538266 0.14695718786301 0.072028283970373 -0.024933090395222 -0.12041201002786 -0.19053856716903 -0.21714389235358 -0.1923981535862 -0.12083843169277 -0.018290268487135 0.091981434259637 0.18485275501724 0.23920671178146 0.24265999862535 0.19409094932438 0.10352114816788 -0.010438950316371 -0.12482840244223 -0.21720948117343 -0.27009117180721 -0.27403023290187 -0.22891359358456 -0.14335871675957 -0.032551489843089 0.084893187952158 0.19034805429247 0.26821545295164 0.30810304879691 0.30587802226407 0.26358496244527 0.18841769131834 0.091067863689623 -0.016179236904778 -0.12126291744077 -0.21381475961215 -0.28613000405646 -0.33360038740214 -0.35466589539037 -0.35039486091458 -0.3238396615096 -0.27930787430749 -0.22166751123203 -0.15576173323091 -0.085984432043922 -0.016008825508771 0.051325501230808 0.11402562241217 0.1708618995449 0.22125609751624 0.26512870042251 0.30276857234779 0.33469809895693 0.36157717395523 0.38411379184073 0.40301138301656 0.41892542411212 0.43244385928621 0.44407448903705 0.45424411041646 0.46330253453829 0.4715295978546 0.47914512653667 0.48631749355341 0.49317420074236 0.49980917007282 0.506291117428 0.5126687533289 0.51897658650588 0.52523821848826 0.53146984921579 0.53768216074037 0.54388227718218 0.55007475302162 0.55626253733434 0.5624474491266 0.56863063946956 0.57481280543464 0.58099437563243 0.58717559962117 0.59335662702202 0.59953754313755 0.60571839962604 0.61189922751997
0 0.0082950602208793 0.029814213581967 0.055613837700516 0.074256929095631 0.075813121869857 0.055452656140656 0.015459368559683 -0.035001213833441 -0.0823245587831 -0.1124087432647 -0.11491785934396 -0.086604884050333 -0.032695477640957 0.034110548179351 0.096789211709196 0.13845839332828 0.14695718786301 0.11828906567341 0.057977146520091 -0.020069191647507 -0.09692226946619 -0.15336867432565 -0.1747838844544 -0.15486549624381 -0.097265505622643 -0.014722238508509 0.074037875085191 0.14879203934229 0.19254273200855 0.19532235837597 0.15622806468403 0.083326444063643 -0.008402540205694 -0.10047712064387 -0.17483667833493 -0.21740231168204 -0.22057294840484 -0.18425757527628 -0.11539257730922 -0.026201408558565 0.068332390071717 0.15321532633026 0.21589250441016 0.24799890569006 0.24620793300274 0.21216532097957 0.15166153480811 0.073302522083918 -0.013023022858595 -0.097607183517094 -0.17210419244877 -0.23031231975205 -0.26852227310495 -0.28547836279405 -0.2820405134112 -0.26066565062249 -0.22482103779679 -0.17842504456624 -0.12537603746698 -0.069210756389918 -0.012885854986055 0.041313022344107 0.091781725916919 0.13753049272547 0.1780938886374 0.21340790955675 0.24370506852429 0.26940584522608 0.29104140258771 0.3091816209185 0.32439270678761 0.3372022677193 0.34808355287019 0.35744530200561 0.36563105343918 0.37292237781348 0.37954452163015 0.38567442779881 0.39144762341731 0.39696673751286 0.40230736993979 0.40752483162056 0.41265833072253 0.4177356440801 0.4227757690822 0.42779174541586 0.43279217129907 0.43778278109253 0.44276724079745 0.44774792418956 0.45272629542691 0.45770328103194 0.46267944209273 0.46765512360736 0.47263052645072 0.47760577105617 0.48258092608563 0.48755603311997 0.49253111713793
0 0.0040656667552578 0.014612872452602 0.027258069869362 0.036395628233262 0.037158366665349 0.027179069778702 0.0075771168788114 -0.017155182444379 -0.040349824217459 -0.055095017796404 -0.056324813549169 -0.042447744627594 -0.016025069493471 0.016718639532879 0.047439400056818 0.067862760697539 0.072028283970373 0.057977146520091 0.028416400953682 -0.0098365344088505 -0.047504615797841 -0.075170752701015 -0.085667012590508 -0.0759043916318 -0.047672846503025 -0.0072158265369019 0.036288263056381 0.072927601692182 0.094371175573056 0.095733556823237 0.076572228761566 0.040840879323658 -0.0041183460353933 -0.049246958815029 -0.085692888511744 -0.10655562799859 -0.10810965557327 -0.090310362825286 -0.056557487574201 -0.012842124454908 0.033491827572584 0.075095592083703 0.10581562454247 0.12155196940782 0.12067415804534 0.10398881613349 0.074334030579869 0.035927843701844 -0.006382988149487 -0.047840313455582 -0.084353612276161 -0.11288322408863 -0.13161110947225 -0.13992181588215 -0.13823681908004 -0.12776033467556 -0.1101917761793 -0.087451658298084 -0.061450691599855 -0.033922342197404 -0.006315757913126 0.020248795913606 0.0449850756793 0.067407967780723 0.087289348487805 0.10459784740441 0.11944742639638 0.13204417562284 0.14264843453771 0.1515395191877 0.15899494500532 0.16527330883182 0.17060656478349 0.17519504891952 0.17920714004171 0.18278084467086 0.18602656311618 0.18903102059559 0.19186064315079 0.19456573245687 0.19718334235144 0.1997405824362 0.20225666985223 0.20474521888916 0.20721554075756 0.20967402661323 0.21212489070995 0.21457094363608 0.21701398221273 0.21945516990113 0.22189522433064 0.2243345996187 0.22677357077201 0.22921230688484 0.23165090641223 0.23408942838229 0.23652790644839 0.23896636099058 0.24140480425173
-0 -0.0014073587643347 -0.0050583472173851 -0.0094355700648321 -0.012598599310017 -0.012862626511927 -0.0094082236351646 -0.0026228715951677 0.0059383854654674 0.013967371693306 0.019071522786925 0.019497225121913 0.0146935814035 0.0055471890241722 -0.0057872731069071 -0.01642147757398 -0.023491165604293 -0.024933090395222 -0.020069191647507 -0.0098365344088505 0.0034049846542569 0.016444052455353 0.026020877756052 0.029654230964135 0.026274831963627 0.016502286681526 0.0024978084358475 -0.012561434108891 -0.025244395466173 -0.032667237390164 -0.033138835115268 -0.026506008421095 -0.014137353826394 0.0014255940627643 0.017047176583159 0.029663188093858 0.036884970161183 0.037422907591597 0.03126155887421 0.019577766850509 0.004445390508437 -0.011593428558036 -0.025994860386731 -0.036628812828992 -0.042076057819302 -0.041772197323891 -0.035996450419601 -0.025731240586704 -0.012436672447895 0.0022095156478842 0.016560256529427 0.029199588329914 0.039075311463253 0.04555809896619 0.048434907668884 0.04785163433143 0.044225126544732 0.038143648089946 0.030271998461813 0.021271583384359 0.011742454183323 0.002186243434969 -0.007009261238488 -0.015571896156921 -0.023333735879731 -0.030215813794504 -0.036207270820898 -0.041347555649703 -0.04570800781983 -0.049378745640095 -0.052456456298605 -0.055037203688366 -0.057210502900724 -0.059056646462862 -0.060644982092068 -0.062033795279187 -0.063270857939197 -0.064394385905349 -0.065434399713724 -0.066413893199674 -0.067350278637139 -0.068256382469178 -0.069141588872566 -0.070012549994062 -0.070873978514506 -0.071729097574062 -0.072580119515663 -0.073428503132509 -0.074275221329264 -0.075120896088025 -0.075965930148973 -0.076810571924491 -0.077654978610482 -0.078499245402424 -0.079343430833474 -0.080187568984523 -0.08103168028857 -0.08187577639495 -0.08271986435837 -0.083563948416778
-0 -0.0067967065035923 -0.024428811118452 -0.045568196290775 -0.060843747903204 -0.062118842389293 -0.045436129286198 -0.012666911153526 0.02867887289071 0.067454105116449 0.092104121737987 0.094160011040792 0.070961266463882 0.026789626549184 -0.027949089997941 -0.079305978158617 -0.1134483701568 -0.12041201002786 -0.09692226946619 -0.047504615797841 0.016444052455353 0.079415001420442 0.12566537655901 0.14321231342048 0.12689182446837 0.079696238126954 0.012062930413254 -0.060664262067326 -0.12191542852636 -0.15776334396801 -0.16004088073157 -0.12800826938048 -0.068275017806749 0.006884772158614 0.082327732549006 0.14325557103424 0.17813248684875 0.18073040496635 0.1509747520656 0.094548979727689 0.021468594466021 -0.055989370497568 -0.12553972812611 -0.17689539915671 -0.20320235541445 -0.20173488979184 -0.17384146450305 -0.12426660114901 -0.060061737384792 0.010670647566446 0.079976198043519 0.14101665967026 0.18871053371934 0.2200185449381 0.23391182141792 0.23109495781035 0.21358108026625 0.18421115327067 0.14619576332365 0.10272910702946 0.05670907570868 0.010558256607663 -0.033850566502515 -0.075203004781118 -0.11268807814037 -0.1459244247685 -0.17485960176051 -0.19968412285039 -0.2207425156173 -0.23846999793967 -0.25333351147934 -0.26579698775322 -0.27629273145782 -0.28520850778532 -0.29287922500007 -0.29958636738649 -0.30556064490528 -0.31098661732115 -0.31600926598355 -0.32073963745307 -0.32526182266552 -0.32963776571872 -0.33391278660991 -0.33811901125488 -0.34227919910154 -0.34640891600153 -0.35051884625653 -0.3546160349708 -0.35870518069571 -0.36278928723518 -0.36687029958495 -0.3709494174292 -0.37502739993075 -0.37910470682717 -0.38318162079883 -0.38725830643618 -0.39133486241847 -0.39541134500505 -0.39948778826598 -0.40356421266802
-0 -0.010755029488864 -0.038655867193613 -0.072106584947074 -0.096278440530878 -0.098296135246947 -0.071897603651798 -0.020043973197458 0.045381115615913 0.10673859306546 0.14574449327985 0.14899770865201 0.1122882844776 0.042391594131633 -0.04422631563624 -0.12549285941482 -0.17951938425692 -0.19053856716903 -0.15336867432565 -0.075170752701015 0.026020877756052 0.12566537655901 0.19885143339748 0.22661750263773 0.20079215033513 0.12611040225937 0.019088241083837 -0.095994424227293 -0.19291755915243 -0.2496428844972 -0.25324683223882 -0.20255879980661 -0.1080375957791 0.010894383559282 0.13027444849176 0.22668595298369 0.28187477978788 0.28598569526578 0.23890069545907 0.14961320818779 0.033971654719013 -0.088596930063993 -0.19865260877553 -0.2799172265816 -0.32154504884592 -0.31922294827607 -0.27508471582955 -0.19663802742286 -0.095040996162539 0.016885108865851 0.12655340758213 0.22314312562608 0.29861335838733 0.34815479197983 0.37013935143644 0.36568197915628 0.33796822259616 0.29149359098505 0.23133847913865 0.16255734669173 0.089735783237174 0.016707262717081 -0.053564743564677 -0.11900036196128 -0.17831630699405 -0.23090911615812 -0.27669580440928 -0.31597783846908 -0.3493003947802 -0.37735215706237 -0.40087200838195 -0.42059406858691 -0.43720241161171 -0.45131063259604 -0.4634486864905 -0.47406199075982 -0.48351561816823 -0.4921016139454 -0.50004939489603 -0.50753467980881 -0.51469053320462 -0.52161497470491 -0.52837971814733 -0.53503559920817 -0.54161863217368 -0.54815344826684 -0.55465695420259 -0.56114029807217 -0.56761091480874 -0.57407355759675 -0.58053130417488 -0.58698605290948 -0.59343900509095 -0.59989088820272 -0.6063421495549 -0.61279304959353 -0.61924374446748 -0.62569432320093 -0.63214483970592 -0.63859532636882
