0.0002465096067372 0.00022632854876318 0.00018381093981808 0.00014228030378345 0.00011073139623075 8.7344165639439e-05 6.9397915400133e-05 5.5541601578412e-05 4.4926407742351e-05 3.6805766037982e-05 3.0549512865684e-05 2.5672785139769e-05 2.1820079706492e-05 1.8734979673417e-05 1.6232589768511e-05 1.4178464624287e-05 1.2473711470647e-05 1.104466485889e-05 9.8357452343729e-06 8.8044897434886e-06 7.9180685423676e-06 7.1508176652885e-06 6.4824709785721e-06 5.8968602547322e-06 5.3809670815475e-06 4.9242181755643e-06 4.5179543836474e-06 4.1550361836777e-06 3.8295373765139e-06 3.5365057120867e-06 3.2717752091293e-06 3.0318246714125e-06 2.8136627433762e-06 2.6147368557042e-06 2.4328609281898e-06 2.2661515373941e-06 2.1129786354604e-06 1.9719288651272e-06 1.8417769109614e-06 1.7214504915038e-06 1.6100068858204e-06 1.5066171659446e-06 1.4105540258559e-06 1.321172259723e-06 1.2378969465651e-06 1.1602158003769e-06 1.0876730845779e-06 1.0198596134155e-06 9.5640665175847e-07 8.9698156111071e-07 8.4128412424022e-07 7.8904202390303e-07 7.400076189026e-07 6.939552530715e-07 6.5067889877695e-07 6.0999013134312e-07 5.7171632584492e-07 5.3569923453149e-07 5.0179373816445e-07 4.6986622179557e-07 4.3979342867919e-07 4.1146210312782e-07
0.00022632854876318 0.00021241912268192 0.00017868802827759 0.00014170822167123 0.00011101022308174 8.7624632343265e-05 6.9721281346449e-05 5.5885137519247e-05 4.523227030984e-05 3.7051109645755e-05 3.0737453948716e-05 2.581447412239e-05 2.1926718243917e-05 1.88156526328e-05 1.6294095187596e-05 1.4225762864296e-05 1.2510399138674e-05 1.1073356150255e-05 9.8583515508315e-06 8.8224211479184e-06 7.9323762364214e-06 7.1622949348963e-06 6.4917180206872e-06 5.9043365315737e-06 5.3870271557695e-06 4.929136936372e-06 4.5219489183527e-06 4.1582784809347e-06 3.8321641056686e-06 3.538625524199e-06 3.2734766434496e-06 3.0331797353472e-06 2.8147305572955e-06 2.6155667387639e-06 2.4334927267557e-06 2.2666180934936e-06 2.1133079809988e-06 1.9721460399325e-06 1.8419011564767e-06 1.7214976787977e-06 1.6099909749347e-06 1.5065512258326e-06 1.4104476577866e-06 1.3210333571889e-06 1.237732499912e-06 1.1600323653083e-06 1.0874754491035e-06 1.0196517074069e-06 9.5619186977702e-07 8.9676292531226e-07 8.4106395324521e-07 7.8882222033831e-07 7.3978975242705e-07 6.9374060856569e-07 6.5046853133253e-07 6.0978489509739e-07 5.7151694677295e-07 5.3550635275018e-07 5.0160777105017e-07 4.6968747116627e-07 4.3962226216784e-07 4.1129900935266e-07
0.00018381093981808 0.00017868802827759 0.00016274120784442 0.00013790790572937 0.00011130098004332 8.8502767327247e-05 7.0676715404969e-05 5.6869774690786e-05 4.6126582271406e-05 3.7783148282006e-05 3.1304570829059e-05 2.6244234380325e-05 2.2250822730074e-05 1.9060917799612e-05 1.648101051858e-05 1.4369398868614e-05 1.2621720297621e-05 1.116033929404e-05 9.9268307043969e-06 8.8766983664786e-06 7.9756573325141e-06 7.1969907317803e-06 6.5196556708583e-06 5.926912172801e-06 5.4053163775069e-06 4.9439761295007e-06 4.5339953411195e-06 4.168052658537e-06 3.8400791194082e-06 3.5450117470845e-06 3.2786011623268e-06 3.0372603299452e-06 2.8179462982977e-06 2.6180650424564e-06 2.4353943897964e-06 2.2680228623298e-06 2.1143013564988e-06 1.9728004682117e-06 1.8422758267152e-06 1.7216410672431e-06 1.6099458504491e-06 1.5063544931399e-06 1.4101292364973e-06 1.3206173970011e-06 1.2372403723247e-06 1.159482543518e-06 1.0868828739132e-06 1.0190283351233e-06 9.5554798943551e-07 8.9610727710258e-07 8.4040365921512e-07 7.881630109048e-07 7.3913633988806e-07 6.9309686231454e-07 6.4983761473271e-07 6.0916940520389e-07 5.7091908932164e-07 5.3492791876913e-07 5.0105007700298e-07 4.6915154709696e-07 4.3910928791326e-07 4.1081000866243e-07
0.00014228030378345 0.00014170822167123 0.00013790790572937 0.00012716490689639 0.00010939225349689 8.9608070464181e-05 7.2232877616472e-05 5.8402429441579e-05 4.7539014365454e-05 3.8981184036052e-05 3.2256143915619e-05 2.6974529596199e-05 2.2804482359065e-05 1.9480484827644e-05 1.6800609695846e-05 1.4614684698293e-05 1.2811520795969e-05 1.1308396790904e-05 1.0043203326993e-05 8.9688006761307e-06 8.0490014899938e-06 7.2557115436393e-06 6.5668827486537e-06 5.9650330408678e-06 5.4361684887608e-06 4.9689872425396e-06 4.5542840642304e-06 4.1845014595865e-06 3.8533895188328e-06 3.5557451505616e-06 3.2872102130858e-06 3.0441137241197e-06 2.823345900008e-06 2.6222583552354e-06 2.4385854956697e-06 2.2703824643442e-06 2.1159722223722e-06 1.9739018144985e-06 1.8429073515475e-06 1.7218870716389e-06 1.6098772217369e-06 1.506031009543e-06 1.4096011646945e-06 1.3199270590738e-06 1.2364231130958e-06 1.1585681982009e-06 1.0858964744156e-06 1.0179906455412e-06 9.5447610740531e-07 8.9501551243261e-07 8.3930391030163e-07 7.8706499656973e-07 7.380479514097e-07 6.9202457237701e-07 6.4878673496762e-07 6.0814435345013e-07 5.6992347737187e-07 5.3396461536685e-07 5.0012138660471e-07 4.6825954175701e-07 4.3825569086361e-07 4.0999611409161e-07
0.00011073139623075 0.00011101022308174 0.00011130098004332 0.00010939225349689 0.00010215321421631 8.9122687069844e-05 7.4015015235734e-05 6.0408783699421e-05 4.9380275597685e-05 4.0592369268047e-05 3.3585086653237e-05 2.8019313249842e-05 2.3605713423667e-05 2.009016163844e-05 1.7265188390113e-05 1.4970739038595e-05 1.308644539964e-05 1.1522348227601e-05 1.0210973897724e-05 9.1012875867896e-06 8.1542884918406e-06 7.3398461759848e-06 6.634428538118e-06 6.0194651697937e-06 5.4801569918919e-06 5.0046009238874e-06 4.5831385134819e-06 4.207868556893e-06 3.8722787553609e-06 3.5709638177246e-06 3.2994088988457e-06 3.0538198651966e-06 2.8309894365221e-06 2.6281920153125e-06 2.4431017722422e-06 2.2737244051977e-06 2.1183414755752e-06 1.9754663296349e-06 1.8438091655524e-06 1.7222459828581e-06 1.6097931764021e-06 1.5055874360954e-06 1.4088690781245e-06 1.3189665638636e-06 1.2352842042105e-06 1.157292352182e-06 1.0845187475589e-06 1.0165404908577e-06 9.5297783403944e-07 8.9348908657962e-07 8.3776593010091e-07 7.8552919396602e-07 7.3652554468234e-07 6.9052469751945e-07 6.4731694787821e-07 6.0671084207448e-07 5.6853122795638e-07 5.3261766842011e-07 4.9882324304563e-07 4.6701309444144e-07 4.3706313552e-07 4.0885912775913e-07
8.7344165639439e-05 8.7624632343265e-05 8.8502767327247e-05 8.9608070464181e-05 8.9122687069844e-05 8.4293059533965e-05 7.4468459497349e-05 6.2563585157844e-05 5.158634195996e-05 4.2546900121965e-05 3.5254905123093e-05 2.938046478781e-05 2.4672856657171e-05 2.0910263463248e-05 1.7891919747693e-05 1.5450761943631e-05 1.3456259373635e-05 1.1809323524544e-05 1.0435332729306e-05 9.2779446935622e-06 8.2942914870723e-06 7.4514353444298e-06 6.7238030596207e-06 6.0913314351496e-06 5.5381198458922e-06 5.0514437206434e-06 4.6210283517772e-06 4.2385071480009e-06 3.8970130470561e-06 3.590869060759e-06 3.3153491397643e-06 3.0664931112945e-06 2.8409633260174e-06 2.6359330557992e-06 2.4489948959915e-06 2.2780875839945e-06 2.1214384656934e-06 1.9775180308427e-06 1.8450007246278e-06 1.722732500444e-06 1.6097046686709e-06 1.5050332814478e-06 1.4079411297525e-06 1.317742146488e-06 1.2338282432314e-06 1.1556590685597e-06 1.0827532876261e-06 1.0146807122024e-06 9.5105533445204e-07 8.9152990964173e-07 8.3579145771101e-07 7.8355713079683e-07 7.3457050095726e-07 6.8859867671091e-07 6.45429729115e-07 6.0487036255512e-07 5.6674394645429e-07 5.3088905575199e-07 4.9715780372477e-07 4.6541436927372e-07 4.3553390300619e-07 4.0740181849041e-07
6.9397915400133e-05 6.9721281346449e-05 7.0676715404969e-05 7.2232877616472e-05 7.4015015235734e-05 7.4468459497349e-05 7.1204807453231e-05 6.3549256757411e-05 5.388495111842e-05 4.4794251308471e-05 3.7210912258199e-05 3.1032079580542e-05 2.60125174661e-05 2.1960735677531e-05 1.8701560146676e-05 1.6072018355842e-05 1.3934184574385e-05 1.21791121913e-05 1.0723440136173e-05 9.5039961242468e-06 8.4728277674992e-06 7.5932801447473e-06 6.8370727730567e-06 6.182163750841e-06 5.6111957061764e-06 5.1103645323057e-06 4.668588688196e-06 4.2768935855113e-06 3.9279514666683e-06 3.6157317033149e-06 3.3352344172873e-06 3.082286440725e-06 2.8533848209366e-06 2.6455713175229e-06 2.4563328706761e-06 2.2835235640482e-06 2.1253037259664e-06 1.980088656642e-06 1.8465067129418e-06 1.7233659281915e-06 1.609627177988e-06 1.504380773155e-06 1.406827264616e-06 1.3162619547637e-06 1.2320617391501e-06 1.1536734318444e-06 1.0806044272206e-06 1.0124150382617e-06 9.4871160945089e-07 8.8914037868163e-07 8.3338266057294e-07 7.8115084549757e-07 7.3218478328692e-07 6.8624839339869e-07 6.4312695267069e-07 6.0262489126445e-07 5.6456398586824e-07 5.2878134770682e-07 4.95127718507e-07 4.6346617967925e-07 4.3367126992481e-07 4.0562768926484e-07
5.5541601578412e-05 5.5885137519247e-05 5.6869774690786e-05 5.8402429441579e-05 6.0408783699421e-05 6.2563585157844e-05 6.3549256757411e-05 6.1293802705573e-05 5.5144261968742e-05 4.7102024597947e-05 3.941201898297e-05 3.292977930019e-05 2.7605375521506e-05 2.3250368565305e-05 1.9714125979616e-05 1.6854743999458e-05 1.4536939250716e-05 1.2644501745936e-05 1.1084772341258e-05 9.7863814775768e-06 8.6949673338156e-06 7.7690926826171e-06 6.9769660668435e-06 6.2939748842126e-06 5.7008756239302e-06 5.1824718884447e-06 4.7266461525279e-06 4.3236472144531e-06 3.9655587794291e-06 3.6459005313401e-06 3.3593268941997e-06 3.1013989704328e-06 2.8684050544091e-06 2.6572210064762e-06 2.4652022310155e-06 2.2900995197124e-06 2.1299893625828e-06 1.9832180895125e-06 1.8483577530626e-06 1.7241708803936e-06 1.6095804985036e-06 1.503645313353e-06 1.4055394187827e-06 1.3145358892991e-06 1.2299929397294e-06 1.1513419679914e-06 1.0780772757387e-06 1.0097478282817e-06 9.4595043632612e-07 8.8632362468519e-07 8.3054217871468e-07 7.7831289157232e-07 7.2937088082397e-07 6.8347621636284e-07 6.4041099160184e-07 5.9997716376552e-07 5.6199431127499e-07 5.2629761336281e-07 4.9273625084531e-07 4.6117231178905e-07 4.3147930917124e-07 4.0354088179467e-07
4.4926407742351e-05 4.523227030984e-05 4.6126582271406e-05 4.7539014365454e-05 4.9380275597685e-05 5.158634195996e-05 5.388495111842e-05 5.5144261968742e-05 5.3548621826447e-05 4.8482214487864e-05 4.1655185819434e-05 3.5038839343466e-05 2.9414200313567e-05 2.4763975980266e-05 2.0939170428055e-05 1.7818242648419e-05 1.5283754982876e-05 1.3221331726683e-05 1.1531441739016e-05 1.0134083667071e-05 8.967298386918e-06 7.9836927377276e-06 7.1470126722201e-06 6.4293583856032e-06 5.8090731058727e-06 5.269183227565e-06 4.7962553907463e-06 4.3795546337494e-06 4.0104225049028e-06 3.6818152841231e-06 3.3879587268173e-06 3.1240818093906e-06 2.8862130319283e-06 2.671024522602e-06 2.4757123052182e-06 2.2978995258021e-06 2.1355595423231e-06 1.986955421062e-06 1.8505922673275e-06 1.7251774960203e-06 1.6095883355848e-06 1.5028456310282e-06 1.4040923973724e-06 1.31257564199e-06 1.2276314257541e-06 1.1486725840459e-06 1.0751781308782e-06 1.0066840983705e-06 9.4277615565639e-07 8.8308349972318e-07 8.2727341998455e-07 7.7504631241468e-07 7.2613171252778e-07 6.8028508247894e-07 6.3728506073727e-07 5.9693055867613e-07 5.5903840669876e-07 5.2344154450582e-07 4.899876451879e-07 4.5853734273351e-07 4.2896273285267e-07 4.0114626045265e-07
3.6805766037982e-05 3.7051109645755e-05 3.7783148282006e-05 3.8981184036052e-05 4.0592369268047e-05 4.2546900121965e-05 4.4794251308471e-05 4.7102024597947e-05 4.8482214487864e-05 4.7328178140297e-05 4.3066918091187e-05 3.7178691211652e-05 3.1408733509867e-05 2.6469505933507e-05 2.2364184602254e-05 1.8972028286147e-05 1.6192800222886e-05 1.3927582486487e-05 1.2078244520162e-05 1.0558427398928e-05 9.2982292663218e-06 8.2432495030635e-06 7.3517257003892e-06 6.5916200223744e-06 5.938217118716e-06 5.372291450573e-06 4.8787443883057e-06 4.4456015974994e-06 4.0632763099438e-06 3.7240261757921e-06 3.4215432595007e-06 3.1506451805104e-06 2.9070419534019e-06 2.6871591856517e-06 2.4879980364416e-06 2.3070260190933e-06 2.1420922613589e-06 1.9913610257846e-06 1.8532570973523e-06 1.7264219433628e-06 1.6096787321577e-06 1.5020039716743e-06 1.4025039402527e-06 1.3103951550486e-06 1.2249881744698e-06 1.1456742780217e-06 1.0719144531147e-06 1.0032298793858e-06 9.3919370965462e-07 8.794244816083e-07 8.2358049953734e-07 7.7135479099916e-07 7.2247072830113e-07 6.7667873567863e-07 6.3375309677191e-07 5.9348905219759e-07 5.5570040373727e-07 5.2021784291458e-07 4.8688696637571e-07 4.5556650747689e-07 4.2612696853701e-07 3.9844966192139e-07
3.0549512865684e-05 3.0737453948716e-05 3.1304570829059e-05 3.2256143915619e-05 3.3585086653237e-05 3.5254905123093e-05 3.7210912258199e-05 3.941201898297e-05 4.1655185819434e-05 4.3066918091187e-05 4.2215054596482e-05 3.8569648421627e-05 3.3426335879939e-05 2.834005154189e-05 2.3961017911879e-05 2.0305320786799e-05 1.7273067513679e-05 1.4780065600056e-05 1.2741806529024e-05 1.1073108706611e-05 9.6982501231203e-06 8.5555548099308e-06 7.5968245010015e-06 6.7849445452604e-06 6.0913741760452e-06 5.4940495697748e-06 4.9757731589085e-06 4.5230154667869e-06 4.1250335410977e-06 3.7732145429689e-06 3.4605890607061e-06 3.1814694802662e-06 2.9311791459868e-06 2.7058423658806e-06 2.5022233937574e-06 2.3176028808828e-06 2.1496824156273e-06 1.9965078217486e-06 1.8564081332953e-06 1.7279471953506e-06 1.6098850568552e-06 1.5011463814064e-06 1.4007945847063e-06 1.308010724169e-06 1.2220760030635e-06 1.1423571941797e-06 1.0682946226136e-06 9.9939222918178e-07 9.3520904251528e-07 8.7535164292408e-07 8.1946804539819e-07 7.6724272916027e-07 7.1839237952074e-07 6.7266162373777e-07 6.2981960786343e-07 5.8965733886178e-07 5.5198553160772e-07 5.1663207449045e-07 4.8343997002962e-07 4.5226578167756e-07 4.2297844159174e-07 3.9545776787796e-07
2.5672785139769e-05 2.581447412239e-05 2.6244234380325e-05 2.6974529596199e-05 2.8019313249842e-05 2.938046478781e-05 3.1032079580542e-05 3.292977930019e-05 3.5038839343466e-05 3.7178691211652e-05 3.8569648421627e-05 3.792848324592e-05 3.4766111079035e-05 3.0227730026446e-05 2.5705335780129e-05 2.1792968963147e-05 1.8514870180667e-05 1.5786979961093e-05 1.3537498210001e-05 1.1693368518405e-05 1.0179938125864e-05 8.9302546069309e-06 7.8894795327347e-06 7.0145989309559e-06 6.2723986600056e-06 5.6372785188439e-06 5.0894114750718e-06 4.6133236579078e-06 4.1968250486425e-06 3.8302188784845e-06 3.5057194571396e-06 3.2170218570364e-06 2.9589754500114e-06 2.7273374640861e-06 2.5185864989506e-06 2.3297804107695e-06 2.1584442356492e-06 2.0024826601037e-06 1.8601116277864e-06 1.729804177915e-06 1.6102466084915e-06 1.500303227493e-06 1.3989879315659e-06 1.305440930664e-06 1.2189096726181e-06 1.1387330088057e-06 1.0643280056008e-06 9.9517911914728e-07 9.3082905641499e-07 8.7087087849931e-07 8.1494129676249e-07 7.6271543897562e-07 7.1390200346588e-07 6.682389334533e-07 6.2548980464022e-07 5.8544121343794e-07 5.4789997036562e-07 5.126905776524e-07 4.7965319220465e-07 4.4864218251287e-07 4.1952445954704e-07 3.9217800308689e-07
2.1820079706492e-05 2.1926718243917e-05 2.2250822730074e-05 2.2804482359065e-05 2.3605713423667e-05 2.4672856657171e-05 2.60125174661e-05 2.7605375521506e-05 2.9414200313567e-05 3.1408733509867e-05 3.3426335879939e-05 3.4766111079035e-05 3.42728363197e-05 3.1499010050816e-05 2.7461641622184e-05 2.3412648708885e-05 1.9895433591406e-05 1.6939332032073e-05 1.4472569526562e-05 1.2433100009046e-05 1.0757159827218e-05 9.3788290026752e-06 8.2385133205115e-06 7.2871481398512e-06 6.4861107623158e-06 5.8055030599421e-06 5.2222421497848e-06 4.7184229583275e-06 4.2800467064089e-06 3.8960697286271e-06 3.557700468684e-06 3.2578731880242e-06 2.9908566891683e-06 2.751962798579e-06 2.5373271284081e-06 2.3437395891167e-06 2.1685142034792e-06 2.0093886525887e-06 1.8644460564016e-06 1.7320528431966e-06 1.6108092515783e-06 1.4995097405863e-06 1.3971111383983e-06 1.3027068712978e-06 1.2155058294155e-06 1.1348150483625e-06 1.0600253915256e-06 9.9059942231309e-07 9.2606138028295e-07 8.6598900382224e-07 8.1000668898379e-07 7.5777903561597e-07 7.0900559166283e-07 6.6341671674281e-07 6.2077017505194e-07 5.808474318273e-07 5.4345067678621e-07 5.0840055108189e-07 4.755343029705e-07 4.4470366154314e-07 4.1577311412454e-07 3.8861852849494e-07
1.8734979673417e-05 1.88156526328e-05 1.9060917799612e-05 1.9480484827644e-05 2.009016163844e-05 2.0910263463248e-05 2.1960735677531e-05 2.3250368565305e-05 2.4763975980266e-05 2.6469505933507e-05 2.834005154189e-05 3.0227730026446e-05 3.1499010050816e-05 3.1111662387682e-05 2.8654883356734e-05 2.5039483018361e-05 2.1394078553481e-05 1.821626907279e-05 1.5538425511899e-05 1.3298522771109e-05 1.1442351119126e-05 9.9138170302106e-06 8.654353094788e-06 7.6106182978634e-06 6.7384860509635e-06 6.0031173240101e-06 5.3774814953032e-06 4.8406655775174e-06 4.376422251064e-06 3.9720375978701e-06 3.6174714694743e-06 3.3047190940962e-06 3.0273392911821e-06 2.7801042675052e-06 2.558734294874e-06 2.3596970371138e-06 2.1800549798645e-06 2.0173484328807e-06 1.8695040708569e-06 1.7347633798574e-06 1.611626352169e-06 1.4988066059425e-06 1.395195389113e-06 1.2998325798517e-06 1.2118832217976e-06 1.1306183455497e-06 1.0553990281885e-06 9.8566315025291e-07 9.2091449371957e-07 8.6071396618417e-07 8.0467174726379e-07 7.5244052617672e-07 7.0370992432646e-07 6.5820226419144e-07 6.1566834062016e-07 5.7588368090746e-07 5.3864547853551e-07 5.0377035599649e-07 4.7109199750357e-07 4.4045903796447e-07 4.1173327902518e-07 3.8478828266862e-07
1.6232589768511e-05 1.6294095187596e-05 1.648101051858e-05 1.6800609695846e-05 1.7265188390113e-05 1.7891919747693e-05 1.8701560146676e-05 1.9714125979616e-05 2.0939170428055e-05 2.2364184602254e-05 2.3961017911879e-05 2.5705335780129e-05 2.7461641622184e-05 2.8654883356734e-05 2.8342077572536e-05 2.6149920051916e-05 2.2895168151384e-05 1.9598448962628e-05 1.6715801183356e-05 1.4281262561678e-05 1.2240687099483e-05 1.0546250350215e-05 9.1482626879267e-06 7.9944245060094e-06 7.03679820081e-06 6.2355478953145e-06 5.5591169713151e-06 4.9829665495177e-06 4.4880862114967e-06 4.0596882637023e-06 3.6861831158545e-06 3.3584076568423e-06 3.0690517881506e-06 2.8122288703672e-06 2.5831554962658e-06 2.3779118449786e-06 2.1932605406703e-06 2.0265075062006e-06 1.8753948787719e-06 1.7380179014757e-06 1.6127598613248e-06 1.4982407658721e-06 1.3932763934952e-06 1.2968454523191e-06 1.2080631810945e-06 1.1261597454799e-06 1.0504625060235e-06 9.8038162924911e-07 9.1539838430632e-07 8.550547466309e-07 7.9894481212136e-07 7.4670795710748e-07 6.9802326954576e-07 6.526039590619e-07 6.1019281392761e-07 5.7055867490313e-07 5.3349353214232e-07 4.9880940922057e-07 4.6633586415092e-07 4.3591799419893e-07 4.0741468445645e-07 3.8069696878426e-07
1.4178464624287e-05 1.4225762864296e-05 1.4369398868614e-05 1.4614684698293e-05 1.4970739038595e-05 1.5450761943631e-05 1.6072018355842e-05 1.6854743999458e-05 1.7818242648419e-05 1.8972028286147e-05 2.0305320786799e-05 2.1792968963147e-05 2.3412648708885e-05 2.5039483018361e-05 2.6149920051916e-05 2.5890233064632e-05 2.3920965028547e-05 2.0978390695923e-05 1.7986494458374e-05 1.5363422139387e-05 1.3143914561496e-05 1.128026670507e-05 9.7299200662407e-06 8.4486295905025e-06 7.3895214816212e-06 6.5093562460416e-06 5.7720469343677e-06 5.1489317292172e-06 4.6176776918579e-06 4.1609502161529e-06 3.765246651466e-06 3.4199763160839e-06 3.1167589619138e-06 2.8489013894498e-06 2.6110087383919e-06 2.3986945610501e-06 2.2083620453512e-06 2.0370381922523e-06 1.8822471307885e-06 1.7419125383426e-06 1.6142817579393e-06 1.4978663328468e-06 1.3913950943661e-06 1.2937768011759e-06 1.2040698999901e-06 1.1214581404862e-06 1.045230998783e-06 9.7476788586997e-07 9.0952448796416e-07 8.4902144145693e-07 7.9283520056994e-07 7.4059083913681e-07 6.919552424742e-07 6.4663128535042e-07 6.0435309690549e-07 5.6488245507346e-07 5.2800521456505e-07 4.9352816742919e-07 4.6127638023777e-07 4.3109109718636e-07 4.0282790302395e-07 3.7635506942057e-07
1.2473711470647e-05 1.2510399138674e-05 1.2621720297621e-05 1.2811520795969e-05 1.308644539964e-05 1.3456259373635e-05 1.3934184574385e-05 1.4536939250716e-05 1.5283754982876e-05 1.6192800222886e-05 1.7273067513679e-05 1.8514870180667e-05 1.9895433591406e-05 2.1394078553481e-05 2.2895168151384e-05 2.3920965028547e-05 2.3698439320363e-05 2.1919572614976e-05 1.9250352697754e-05 1.6527811655051e-05 1.4135328241797e-05 1.2107655905576e-05 1.0402477213927e-05 8.9816544374138e-06 7.8055859947813e-06 6.8321191480176e-06 6.0221670348213e-06 5.3429744626245e-06 4.7684436172442e-06 4.2781967701919e-06 3.8563970470712e-06 3.4906947645818e-06 3.1713915022104e-06 2.8908056592695e-06 2.642798140298e-06 2.4224175717441e-06 2.2256350393029e-06 2.0491446746807e-06 1.890212354287e-06 1.7465599040477e-06 1.6162758226266e-06 1.4977458427869e-06 1.3895985846989e-06 1.2906623614831e-06 1.1999307015353e-06 1.1165348699588e-06 1.0397220053145e-06 9.6883662457206e-07 9.0330547947109e-07 8.4262547326937e-07 7.8635400673395e-07 7.3410000219706e-07 6.8551651947388e-07 6.4029494215149e-07 5.9816024364485e-07 5.5886627413155e-07 5.2219193683579e-07 4.8793812345984e-07 4.5592504567138e-07 4.2598978435398e-07 3.9798431387091e-07 3.7177376081524e-07
1.104466485889e-05 1.1073356150255e-05 1.116033929404e-05 1.1308396790904e-05 1.1522348227601e-05 1.1809323524544e-05 1.21791121913e-05 1.2644501745936e-05 1.3221331726683e-05 1.3927582486487e-05 1.4780065600056e-05 1.5786979961093e-05 1.6939332032073e-05 1.821626907279e-05 1.9598448962628e-05 2.0978390695923e-05 2.1919572614976e-05 2.1722125262255e-05 2.0108272476929e-05 1.7680912429417e-05 1.5198623267997e-05 1.3012809864109e-05 1.1157777561013e-05 9.5957178809774e-06 8.2922155770214e-06 7.2117108727673e-06 6.3162292180723e-06 5.5703667676527e-06 4.9443350339563e-06 4.4143390804568e-06 3.9617634816881e-06 3.5721164500978e-06 3.2340833991033e-06 2.9387715662031e-06 2.6791322968612e-06 2.4495279087234e-06 2.2454083753417e-06 2.063069234405e-06 1.8994692618704e-06 1.752092003551e-06 1.6188397622764e-06 1.497951924688e-06 1.3879410639319e-06 1.2875428360092e-06 1.1956766420037e-06 1.1114145472428e-06 1.0339554473243e-06 9.6260427331506e-07 8.9675552938007e-07 8.3588020059214e-07 7.7951398637836e-07 7.2724758757021e-07 6.7871895778773e-07 6.3360718693168e-07 5.9162675130448e-07 5.5252261285203e-07 5.1606613350581e-07 4.8205179389825e-07 4.5029436977297e-07 4.2062642616681e-07 3.9289601082788e-07 3.6696466454433e-07
9.8357452343729e-06 9.8583515508315e-06 9.9268307043969e-06 1.0043203326993e-05 1.0210973897724e-05 1.0435332729306e-05 1.0723440136173e-05 1.1084772341258e-05 1.1531441739016e-05 1.2078244520162e-05 1.2741806529024e-05 1.3537498210001e-05 1.4472569526562e-05 1.5538425511899e-05 1.6715801183356e-05 1.7986494458374e-05 1.9250352697754e-05 2.0108272476929e-05 1.9926874305452e-05 1.8457791732406e-05 1.6246403835466e-05 1.3980287493368e-05 1.1981222510513e-05 1.0282690409653e-05 8.85077090494e-06 7.6542622800824e-06 6.661122816403e-06 5.8370801618959e-06 5.1500425104629e-06 4.5729028884754e-06 4.0839433248477e-06 3.6661387415482e-06 3.3062176352753e-06 2.9938071262318e-06 2.7207466775385e-06 2.4805629807565e-06 2.2680752366546e-06 2.0790998542818e-06 1.9102290384178e-06 1.7586639189529e-06 1.6220878551865e-06 1.4985689756304e-06 1.3864849867288e-06 1.2844648936884e-06 1.1913436447444e-06 1.1061253045759e-06 1.0279537128647e-06 9.5608936627284e-07 8.898912237213e-07 8.2880081919697e-07 7.7232930607889e-07 7.2004721033357e-07 6.7157624237547e-07 6.2658171785379e-07 5.8476633840931e-07 5.4586517951915e-07 5.0964144437324e-07 4.758826988135e-07 4.4439779785974e-07 4.150142294197e-07 3.8757562705764e-07 3.6193992624213e-07
8.8044897434886e-06 8.8224211479184e-06 8.8766983664786e-06 8.9688006761307e-06 9.1012875867896e-06 9.2779446935622e-06 9.5039961242468e-06 9.7863814775768e-06 1.0134083667071e-05 1.0558427398928e-05 1.1073108706611e-05 1.1693368518405e-05 1.2433100009046e-05 1.3298522771109e-05 1.4281262561678e-05 1.5363422139387e-05 1.6527811655051e-05 1.7680912429417e-05 1.8457791732406e-05 1.8285927586958e-05 1.6945231845622e-05 1.4928353237053e-05 1.2858139967829e-05 1.1028939441018e-05 9.4732007868054e-06 8.1603482578701e-06 7.0619522736058e-06 6.1490904346329e-06 5.3908202767629e-06 4.7580372604749e-06 4.2260614048694e-06 3.7750656155509e-06 3.3894766410066e-06 3.0571362160284e-06 2.7685308533942e-06 2.5161696862894e-06 2.2941064921114e-06 2.0975795487404e-06 1.9227418084937e-06 1.7664584897788e-06 1.6261539150773e-06 1.4996950755389e-06 1.385302683674e-06 1.281482908149e-06 1.1869730503563e-06 1.1006990099517e-06 1.0217421881499e-06 9.4931355777434e-07 8.827315479273e-07 8.2140430225299e-07 7.6481573682845e-07 7.1251445056493e-07 6.6410379214074e-07 6.1923367708518e-07 5.7759393771076e-07 5.3890888728772e-07 5.0293270314215e-07 4.6944545865321e-07 4.3824959945549e-07 4.0916691900602e-07 3.8203641835506e-07 3.5671235224405e-07
7.9180685423676e-06 7.9323762364214e-06 7.9756573325141e-06 8.0490014899938e-06 8.1542884918406e-06 8.2942914870723e-06 8.4728277674992e-06 8.6949673338156e-06 8.967298386918e-06 9.2982292663218e-06 9.6982501231203e-06 1.0179938125864e-05 1.0757159827218e-05 1.1442351119126e-05 1.2240687099483e-05 1.3143914561496e-05 1.4135328241797e-05 1.5198623267997e-05 1.6246403835466e-05 1.6945231845622e-05 1.6779921404019e-05 1.5552610031447e-05 1.371210688206e-05 1.1820568604472e-05 1.0146792102937e-05 8.7220020437633e-06 7.5185865446307e-06 6.5105703989115e-06 5.6717987174705e-06 4.9743248791603e-06 4.3917626925531e-06 3.9016508144922e-06 3.4858914013351e-06 3.1302401685964e-06 2.8235600841117e-06 2.5571272479199e-06 2.3240667284191e-06 2.1189176240717e-06 1.9373047332071e-06 1.7756915766e-06 1.6311948538946e-06 1.5014447072381e-06 1.3844788463203e-06 1.278659989744e-06 1.1826122365478e-06 1.0951720845507e-06 1.0153505399281e-06 9.4230170163134e-07 8.7529780632224e-07 8.1370968745045e-07 7.5699138955676e-07 7.0466676569801e-07 6.5631856590639e-07 6.115796712278e-07 5.7012589076221e-07 5.3166983356942e-07 4.9595584360324e-07 4.6275568479341e-07 4.3186468228485e-07 4.0309881468854e-07 3.7629229090095e-07 3.512952953335e-07
7.1508176652885e-06 7.1622949348963e-06 7.1969907317803e-06 7.2557115436393e-06 7.3398461759848e-06 7.4514353444298e-06 7.5932801447473e-06 7.7690926826171e-06 7.9836927377276e-06 8.2432495030635e-06 8.5555548099308e-06 8.9302546069309e-06 9.3788290026752e-06 9.9138170302106e-06 1.0546250350215e-05 1.128026670507e-05 1.2107655905576e-05 1.3012809864109e-05 1.3980287493368e-05 1.4928353237053e-05 1.5552610031447e-05 1.5389814326751e-05 1.4265715363293e-05 1.2586140326572e-05 1.0858354296824e-05 9.3274010000867e-06 8.0231981500073e-06 6.9207617690433e-06 5.9962907808024e-06 5.226115636446e-06 4.5850109628584e-06 4.0490720986196e-06 3.5978700546486e-06 3.2148959466667e-06 2.8871289060574e-06 2.6043731270801e-06 2.3586332011582e-06 2.1436033092153e-06 1.9542711808017e-06 1.786618363088e-06 1.6373953250985e-06 1.5039527517994e-06 1.3841124208027e-06 1.2760690852538e-06 1.1783158764883e-06 1.0895872817303e-06 1.0088129952844e-06 9.3508187213848e-07 8.6761401226997e-07 8.0573888377137e-07 7.4887669155809e-07 6.9652344855849e-07 6.4823908918131e-07 6.0363780117657e-07 5.6237995315013e-07 5.2416539840302e-07 4.8872776876733e-07 4.5582958967977e-07 4.2525868335324e-07 3.9682500841325e-07 3.7035766859532e-07 3.4570225046196e-07
6.4824709785721e-06 6.4917180206872e-06 6.5196556708583e-06 6.5668827486537e-06 6.634428538118e-06 6.7238030596207e-06 6.8370727730567e-06 6.9769660668435e-06 7.1470126722201e-06 7.3517257003892e-06 7.5968245010015e-06 7.8894795327347e-06 8.2385133205115e-06 8.654353094788e-06 9.1482626879267e-06 9.7299200662407e-06 1.0402477213927e-05 1.1157777561013e-05 1.1981222510513e-05 1.2858139967829e-05 1.371210688206e-05 1.4265715363293e-05 1.4104660784827e-05 1.3073275384225e-05 1.1541172043631e-05 9.9640567086065e-06 8.564823837461e-06 7.372002747944e-06 6.3629888519055e-06 5.515945098386e-06 4.8094395942539e-06 4.2207207214027e-06 3.7281577481147e-06 3.3131918032215e-06 2.9607793642254e-06 2.6590295109452e-06 2.3986170997108e-06 2.1722209522967e-06 1.974061354838e-06 1.7995411998814e-06 1.6449741453786e-06 1.5073778972563e-06 1.3843187808835e-06 1.2737949867405e-06 1.1741482936498e-06 1.0839942802885e-06 1.0021686332263e-06 9.2768595699414e-07 8.5970789309982e-07 7.9751670630888e-07 7.4049431809373e-07 6.8810571392862e-07 6.3988564040353e-07 5.9542766941627e-07 5.5437523185836e-07 5.1641412353069e-07 4.812661049494e-07 4.4868407225039e-07 4.1844798928411e-07 3.9036122716438e-07 3.6424718745108e-07 3.3994696960996e-07
5.8968602547322e-06 5.9043365315737e-06 5.926912172801e-06 5.9650330408678e-06 6.0194651697937e-06 6.0913314351496e-06 6.182163750841e-06 6.2939748842126e-06 6.4293583856032e-06 6.5916200223744e-06 6.7849445452604e-06 7.0145989309559e-06 7.2871481398512e-06 7.6106182978634e-06 7.9944245060094e-06 8.4486295905025e-06 8.9816544374138e-06 9.5957178809774e-06 1.0282690409653e-05 1.1028939441018e-05 1.1820568604472e-05 1.2586140326572e-05 1.3073275384225e-05 1.2911125309328e-05 1.1966191555986e-05 1.0569730729115e-05 9.1316285260387e-06 7.8541606014483e-06 6.7644425772543e-06 5.8420347940281e-06 5.0668811315357e-06 4.419574297804e-06 3.8796195071614e-06 3.4274746152241e-06 3.0463053890152e-06 2.72242328548e-06 2.4449833882169e-06 2.2054661000228e-06 1.9971748094364e-06 1.814819655508e-06 1.6541901600601e-06 1.511906534014e-06 1.3852330145211e-06 1.2719378043784e-06 1.1701846032519e-06 1.0784502554127e-06 9.9546227184026e-07 9.2015102467454e-07 8.5161105895069e-07 7.8907087670969e-07 7.3186933494498e-07 6.7943688286767e-07 6.3128031111853e-07 5.8697045140715e-07 5.4613205268185e-07 5.0843528276634e-07 4.7358931366432e-07 4.4133690658257e-07 4.114495768486e-07 3.8372334172794e-07 3.5797582366086e-07 3.3404364921943e-07
5.3809670815475e-06 5.3870271557695e-06 5.4053163775069e-06 5.4361684887608e-06 5.4801569918919e-06 5.5381198458922e-06 5.6111957061764e-06 5.7008756239302e-06 5.8090731058727e-06 5.938217118716e-06 6.0913741760452e-06 6.2723986600056e-06 6.4861107623158e-06 6.7384860509635e-06 7.03679820081e-06 7.3895214816212e-06 7.8055859947813e-06 8.2922155770214e-06 8.85077090494e-06 9.4732007868054e-06 1.0146792102937e-05 1.0858354296824e-05 1.1541172043631e-05 1.1966191555986e-05 1.1803707443251e-05 1.0937057405111e-05 9.6656363487771e-06 8.3560335040831e-06 7.1913221595588e-06 6.1971820087632e-06 5.3551617722334e-06 4.6468369882396e-06 4.0546373340882e-06 3.560128872339e-06 3.1456904378576e-06 2.7960802087245e-06 2.4988621737497e-06 2.2441602686122e-06 2.0242045398713e-06 1.8328797195354e-06 1.665348610825e-06 1.5177580221057e-06 1.3870150631421e-06 1.2706150391905e-06 1.1665119486583e-06 1.0730212511196e-06 9.8874622472793e-07 9.1251969712174e-07 8.4335919473923e-07 7.8043228849391e-07 7.2302946887618e-07 6.7054248728118e-07 6.2244705800989e-07 5.782887872036e-07 5.3767160128196e-07 5.0024899614781e-07 4.6571674955819e-07 4.3380658198288e-07 4.0428062207243e-07 3.7692749232166e-07 3.5155895478134e-07 3.2800683056644e-07
4.9242181755643e-06 4.929136936372e-06 4.9439761295007e-06 4.9689872425396e-06 5.0046009238874e-06 5.0514437206434e-06 5.1103645323057e-06 5.1824718884447e-06 5.269183227565e-06 5.372291450573e-06 5.4940495697748e-06 5.6372785188439e-06 5.8055030599421e-06 6.0031173240101e-06 6.2355478953145e-06 6.5093562460416e-06 6.8321191480176e-06 7.2117108727673e-06 7.6542622800824e-06 8.1603482578701e-06 8.7220020437633e-06 9.3274010000867e-06 9.9640567086065e-06 1.0569730729115e-05 1.0937057405111e-05 1.0773758308678e-05 9.9796836062552e-06 8.8237147081495e-06 7.6330268197469e-06 6.5728299593651e-06 5.667364459305e-06 4.9000150983618e-06 4.2538609420065e-06 3.7130015537649e-06 3.2608845652749e-06 2.8816530098672e-06 2.5615352114601e-06 2.2892581649895e-06 2.0558461839593e-06 1.854222226768e-06 1.6788088002356e-06 1.5251920338116e-06 1.3898531878052e-06 1.2699638134025e-06 1.1632316600735e-06 1.067784682665e-06 9.8208100910802e-07 9.0484049979083e-07 8.3499249396474e-07 7.7163546763716e-07 7.1400530628672e-07 6.6145037636863e-07 6.134116101552e-07 5.6940635135113e-07 5.2901608633127e-07 4.9187640855686e-07 4.5766848111896e-07 4.2611173414714e-07 3.9695864943717e-07 3.6999028960219e-07 3.4501223438607e-07 3.2185100864839e-07
4.5179543836474e-06 4.5219489183527e-06 4.5339953411195e-06 4.5542840642304e-06 4.5831385134819e-06 4.6210283517772e-06 4.668588688196e-06 4.7266461525279e-06 4.7962553907463e-06 4.8787443883057e-06 4.9757731589085e-06 5.0894114750718e-06 5.2222421497848e-06 5.3774814953032e-06 5.5591169713151e-06 5.7720469343677e-06 6.0221670348213e-06 6.3162292180723e-06 6.661122816403e-06 7.0619522736058e-06 7.5185865446307e-06 8.0231981500073e-06 8.564823837461e-06 9.1316285260387e-06 9.6656363487771e-06 9.9796836062552e-06 9.8152880593755e-06 9.0888303818668e-06 8.0395416159891e-06 6.9589537455107e-06 5.9956770491858e-06 5.1725147225041e-06 4.4745530553912e-06 3.8862623648894e-06 3.3932570595494e-06 2.9807004517943e-06 2.6343609000114e-06 2.3418263871992e-06 2.0928967899456e-06 1.8794289483092e-06 1.6949928091349e-06 1.5345133727085e-06 1.3939673327793e-06 1.2701441052863e-06 1.1604627751682e-06 1.0628305806981e-06 9.7553610033648e-07 8.9716856632223e-07 8.2655627895737e-07 7.6271890518559e-07 7.0483054818003e-07 6.5219067878269e-07 6.0420101528443e-07 5.6034804941058e-07 5.2018890509891e-07 4.8333951563099e-07 4.4946475314115e-07 4.1827129964403e-07 3.8950162882883e-07 3.6292869489825e-07 3.3835129237049e-07 3.1559073448021e-07
4.1550361836777e-06 4.1582784809347e-06 4.168052658537e-06 4.1845014595865e-06 4.207868556893e-06 4.2385071480009e-06 4.2768935855113e-06 4.3236472144531e-06 4.3795546337494e-06 4.4456015974994e-06 4.5230154667869e-06 4.6133236579078e-06 4.7184229583275e-06 4.8406655775174e-06 4.9829665495177e-06 5.1489317292172e-06 5.3429744626245e-06 5.5703667676527e-06 5.8370801618959e-06 6.1490904346329e-06 6.5105703989115e-06 6.9207617690433e-06 7.372002747944e-06 7.8541606014483e-06 8.3560335040831e-06 8.8237147081495e-06 9.0888303818668e-06 8.9246867844052e-06 8.2599602397644e-06 7.3092710541518e-06 6.330630105925e-06 5.4572432042254e-06 4.7104807828527e-06 4.0770017295125e-06 3.542567775941e-06 3.0941763275218e-06 2.7185557832052e-06 2.4029602982538e-06 2.1362293045128e-06 1.9091607917199e-06 1.7143871189363e-06 1.5460750385006e-06 1.3996131094944e-06 1.27134330443e-06 1.1583439309228e-06 1.0582628570633e-06 9.6919104255275e-07 8.8956661945714e-07 8.1810153368834e-07 7.5372540710711e-07 6.9554204102402e-07 6.4279538688034e-07 5.9484391286113e-07 5.5114023618594e-07 5.1121446640615e-07 4.7466053156262e-07 4.4112618242927e-07 4.1030471295355e-07 3.8192783296472e-07 3.5575956705384e-07 3.3159185621231e-07 3.0924077397615e-07
3.8295373765139e-06 3.8321641056686e-06 3.8400791194082e-06 3.8533895188328e-06 3.8722787553609e-06 3.8970130470561e-06 3.9279514666683e-06 3.9655587794291e-06 4.0104225049028e-06 4.0632763099438e-06 4.1250335410977e-06 4.1968250486425e-06 4.2800467064089e-06 4.376422251064e-06 4.4880862114967e-06 4.6176776918579e-06 4.7684436172442e-06 4.9443350339563e-06 5.1500425104629e-06 5.3908202767629e-06 5.6717987174705e-06 5.9962907808024e-06 6.3629888519055e-06 6.7644425772543e-06 7.1913221595588e-06 7.6330268197469e-06 8.0395416159891e-06 8.2599602397644e-06 8.096862153637e-06 7.4890958679268e-06 6.6295327754103e-06 5.7452730608845e-06 4.9552405098397e-06 4.2793788005e-06 3.7058123539612e-06 3.2215084479693e-06 2.8147128744938e-06 2.473573263993e-06 2.1867122282488e-06 1.9441268541391e-06 1.7375330536551e-06 1.560278076217e-06 1.4070857360376e-06 1.2737781337368e-06 1.1570349003268e-06 1.0542008202495e-06 9.6313683369398e-07 8.8210578426956e-07 8.0968550149962e-07 7.4470223276012e-07 6.8617932193429e-07 6.3329871919482e-07 5.8537086622849e-07 5.4181054923381e-07 5.0211748506163e-07 4.6586210883233e-07 4.3267394366671e-07 4.0223176865565e-07 3.7425541377926e-07 3.484997876623e-07 3.2474981825543e-07 3.0281600481721e-07
3.5365057120867e-06 3.538625524199e-06 3.5450117470845e-06 3.5557451505616e-06 3.5709638177246e-06 3.590869060759e-06 3.6157317033149e-06 3.6459005313401e-06 3.6818152841231e-06 3.7240261757921e-06 3.7732145429689e-06 3.8302188784845e-06 3.8960697286271e-06 3.9720375978701e-06 4.0596882637023e-06 4.1609502161529e-06 4.2781967701919e-06 4.4143390804568e-06 4.5729028884754e-06 4.7580372604749e-06 4.9743248791603e-06 5.226115636446e-06 5.515945098386e-06 5.8420347940281e-06 6.1971820087632e-06 6.5728299593651e-06 6.9589537455107e-06 7.3092710541518e-06 7.4890958679268e-06 7.3260444704159e-06 6.7727399523402e-06 5.9973666124944e-06 5.2004316034086e-06 4.487660537008e-06 3.8775819513846e-06 3.3596627334057e-06 2.9219913418618e-06 2.5539587351724e-06 2.2450054673283e-06 1.9849980306927e-06 1.7649942558971e-06 1.5775628203635e-06 1.4167168337101e-06 1.2776944220715e-06 1.1567177009266e-06 1.0507806087057e-06 9.5747691694821e-07 8.7486640200077e-07 8.0137194831184e-07 7.3570068061279e-07 6.767850937915e-07 6.2373750833098e-07 5.7581421028189e-07 5.323871731367e-07 4.9292326396449e-07 4.5696756763529e-07 4.2412962295797e-07 3.9407211467531e-07 3.6650256023745e-07 3.411664087269e-07 3.1784110997445e-07 2.9633105737604e-07
3.2717752091293e-06 3.2734766434496e-06 3.2786011623268e-06 3.2872102130858e-06 3.2994088988457e-06 3.3153491397643e-06 3.3352344172873e-06 3.3593268941997e-06 3.3879587268173e-06 3.4215432595007e-06 3.4605890607061e-06 3.5057194571396e-06 3.557700468684e-06 3.6174714694743e-06 3.6861831158545e-06 3.765246651466e-06 3.8563970470712e-06 3.9617634816881e-06 4.0839433248477e-06 4.2260614048694e-06 4.3917626925531e-06 4.5850109628584e-06 4.8094395942539e-06 5.0668811315357e-06 5.3551617722334e-06 5.667364459305e-06 5.9956770491858e-06 6.330630105925e-06 6.6295327754103e-06 6.7727399523402e-06 6.6121430045085e-06 6.1077900055573e-06 5.4101573583164e-06 4.6939782747018e-06 4.0527796939392e-06 3.5036801421992e-06 3.0374000720466e-06 2.6430841235833e-06 2.3111538549586e-06 2.0322150159079e-06 1.7972758675869e-06 1.5983735631817e-06 1.4288603887993e-06 1.2833625663002e-06 1.1575959052678e-06 1.0481554023688e-06 9.5232774150767e-07 8.6793822647153e-07 7.9323067500832e-07 7.2677668294336e-07 6.674057608478e-07 6.1415105775442e-07 5.662071842722e-07 5.2289917887288e-07 4.8365800656829e-07 4.4800074576363e-07 4.1551465004526e-07 3.8584542906064e-07 3.5868763333944e-07 3.3377653446473e-07 3.1088137476085e-07 2.8980041038055e-07
3.0318246714125e-06 3.0331797353472e-06 3.0372603299452e-06 3.0441137241197e-06 3.0538198651966e-06 3.0664931112945e-06 3.082286440725e-06 3.1013989704328e-06 3.1240818093906e-06 3.1506451805104e-06 3.1814694802662e-06 3.2170218570364e-06 3.2578731880242e-06 3.3047190940962e-06 3.3584076568423e-06 3.4199763160839e-06 3.4906947645818e-06 3.5721164500978e-06 3.6661387415482e-06 3.7750656155509e-06 3.9016508144922e-06 4.0490720986196e-06 4.2207207214027e-06 4.419574297804e-06 4.6468369882396e-06 4.9000150983618e-06 5.1725147225041e-06 5.4572432042254e-06 5.7452730608845e-06 5.9973666124944e-06 6.1077900055573e-06 5.9496485942079e-06 5.4915342756843e-06 4.8656450202609e-06 4.2240528042199e-06 3.6490814910166e-06 3.1564636742109e-06 2.738056087493e-06 2.383987411069e-06 2.0856281188695e-06 1.8346433273449e-06 1.6230758491313e-06 1.4438571409366e-06 1.2910631138071e-06 1.1598888356046e-06 1.0464934492182e-06 9.4781781820051e-07 8.6141926655139e-07 7.8533800279333e-07 7.1799137174621e-07 6.5809124002873e-07 6.0458015915804e-07 5.5658432450013e-07 5.133768575839e-07 4.7434865998118e-07 4.3898539601595e-07 4.0685051339823e-07 3.7757158149321e-07 3.5082903188669e-07 3.2634691943659e-07 3.0388608750052e-07 2.832385000693e-07
