0 0 0 0 0 0 0 0 0 0 0 0 0 0 0 0 0 0 0 0 0 0 0 0 0 0 0 0 0 0 0 0 0 0 0 0 0 0 0 0 0 0 0 0 0 0 0 0 0 0 0 0 0 0 0 0 0 0 0 0 0 0
0 1.28976251461e-06 2.7347273281515e-06 2.6815236285333e-06 1.8130240598048e-06 1.1586161566477e-06 8.1646857168725e-07 6.0343132631754e-07 4.422442553098e-07 3.2026201846383e-07 2.3186638734941e-07 1.6925980938596e-07 1.250920738244e-07 9.3738231970717e-08 7.1218444394797e-08 5.4823555432357e-08 4.2721441963717e-08 3.3666863576057e-08 2.6804583208487e-08 2.154076904134e-08 1.7458188312995e-08 1.4259940469076e-08 1.1729673841682e-08 9.7099247177846e-09 8.0841758189502e-09 6.7650516539903e-09 5.687632954055e-09 4.8020197301231e-09 4.0694749344563e-09 3.4597544601346e-09 2.9499531542946e-09 2.5217220046014e-09 2.1606038941783e-09 1.8551788351271e-09 1.595579575587e-09 1.3740899806438e-09 1.1849223662304e-09 1.0235956809391e-09 8.8500256227611e-10 7.6551346957497e-10 6.6261721923007e-10 5.7440007430133e-10 4.980977537104e-10 4.318911912821e-10 3.7455286497238e-10 3.2512164590748e-10 2.8218147643772e-10 2.4479687579011e-10 2.1228219624964e-10 1.8406755373529e-10 1.5949682735103e-10 1.3808333128196e-10 1.1942119294349e-10 1.0315919637635e-10 8.8998347760495e-11 7.6676713896901e-11 6.5989241164341e-11 5.6760341133342e-11 4.8771839868894e-11 4.1865916988703e-11 3.5992838902961e-11 3.1112696457884e-11
0 2.7347273281515e-06 7.3547136918026e-06 8.5915578887853e-06 6.8028315554958e-06 4.6463825468465e-06 3.2488736884392e-06 2.3841226602463e-06 1.7591134604654e-06 1.2844008315886e-06 9.3443385414648e-07 6.8357334872022e-07 5.0549416786387e-07 3.7870317788791e-07 2.8755406913686e-07 2.2119838382931e-07 1.7224117525894e-07 1.356369932842e-07 1.0791690064037e-07 8.6670929349357e-08 7.0205964608459e-08 5.7314307037989e-08 4.712236473234e-08 3.8991468294934e-08 3.244978471949e-08 2.7145746136281e-08 2.2815204945718e-08 1.9256759687811e-08 1.6314177464428e-08 1.3866681326171e-08 1.1820668659097e-08 1.0102691700129e-08 8.6546061460308e-09 7.4294185122453e-09 6.3885669639917e-09 5.501227565708e-09 4.7439933642096e-09 4.0967754959116e-09 3.5414368542729e-09 3.0632300919763e-09 2.6518293498089e-09 2.2979067111613e-09 1.9923215844047e-09 1.7275022228941e-09 1.4983365372026e-09 1.3001465350431e-09 1.1282668270684e-09 9.7874685962758e-10 8.4875506816999e-10 7.3578566825635e-10 6.374927360252e-10 5.5184919529952e-10 4.7721605887094e-10 4.1219342270723e-10 3.5557512718069e-10 3.0633924715482e-10 2.6364758303001e-10 2.2671616688831e-10 1.9478355550536e-10 1.6727285632288e-10 1.4390795675604e-10 1.2426098337347e-10
0 2.6815236285333e-06 8.5915578887853e-06 1.2974324067508e-05 1.2888456615042e-05 1.0093779033062e-05 7.2619038509096e-06 5.2862793304486e-06 3.9174586437523e-06 2.8942059865801e-06 2.1246136066406e-06 1.5612541643031e-06 1.1562889421223e-06 8.6619574695099e-07 6.5716399228735e-07 5.049446933909e-07 3.9270763595373e-07 3.0887914098838e-07 2.4547555902778e-07 1.9694484796872e-07 1.5938104328686e-07 1.3000150217425e-07 1.0679871854304e-07 8.830612949642e-08 7.344213109566e-08 6.1401722128576e-08 5.1578799041649e-08 4.3511534020459e-08 3.6845012480144e-08 3.1304330953641e-08 2.6675477741987e-08 2.2791079816719e-08 1.9518106210032e-08 1.6749315238693e-08 1.4398374864406e-08 1.239673907036e-08 1.0688584168344e-08 9.2273769509942e-09 7.9741115089172e-09 6.8971513727806e-09 5.9704196383065e-09 5.1719726824128e-09 4.4827604993381e-09 3.8868552758618e-09 3.3710529808515e-09 2.9243386826108e-09 2.5369820309239e-09 2.2005792500787e-09 1.9081108003594e-09 1.6537831157107e-09 1.4325146590713e-09 1.2398447533593e-09 1.071985100471e-09 9.257707309499e-10 7.9849987959809e-10 6.8789918738714e-10 5.9197464866146e-10 5.0892691833808e-10 4.372138063478e-10 3.7568676481211e-10 3.2330671309502e-10 2.7899716548453e-10
0 1.8130240598048e-06 6.8028315554958e-06 1.2888456615042e-05 1.6509979854211e-05 1.5752036871169e-05 1.251174132803e-05 9.2740156799311e-06 6.8776390570687e-06 5.1338839002543e-06 3.8163924804702e-06 2.8271508398443e-06 2.1010867375028e-06 1.5749707991066e-06 1.1939566648059e-06 9.160990521131e-07 7.1130696311478e-07 5.585428217485e-07 4.4319087288974e-07 3.5505249420721e-07 2.8694758212269e-07 2.3376574734432e-07 1.9182601026111e-07 1.5844692814197e-07 1.3165390305542e-07 1.0997743792819e-07 9.231200197078e-08 7.7817835013169e-08 6.585144617744e-08 5.5915371792596e-08 4.762237553363e-08 4.0668280801532e-08 3.4811783117357e-08 2.9860144977493e-08 2.565964347235e-08 2.2085902696252e-08 1.9036818885737e-08 1.6428532733572e-08 1.4192990977437e-08 1.2273530887308e-08 1.0622191447286e-08 9.1988844536591e-09 7.9707404493789e-09 6.9097529271232e-09 5.9917507813873e-09 5.1963564101366e-09 4.5066754304941e-09 3.9081214630084e-09 3.3880416854162e-09 2.9357290131461e-09 2.5421962158155e-09 2.1996641076993e-09 1.9014026733253e-09 1.6416988363925e-09 1.4157754788653e-09 1.2195029704481e-09 1.0492523100409e-09 9.0189641691133e-10 7.7491334870442e-10 6.6607419969726e-10 5.7327480187029e-10 4.9464908601066e-10
0 1.1586161566477e-06 4.6463825468465e-06 1.0093779033062e-05 1.5752036871169e-05 1.8701595346961e-05 1.7527677764682e-05 1.4072264160167e-05 1.0622785363577e-05 7.9790721647038e-06 6.0044993521915e-06 4.5006793453606e-06 3.3674151696196e-06 2.5301589171719e-06 1.9177005862746e-06 1.469313935343e-06 1.1386482979671e-06 8.9226380381736e-07 7.065641628473e-07 5.6497554730338e-07 4.5580500819367e-07 3.7073100363893e-07 3.0377074915892e-07 2.5057594554824e-07 2.0795066765525e-07 1.7351949031051e-07 1.4549951848998e-07 1.2254002952559e-07 1.0360800969456e-07 8.7907051865122e-08 7.4817084556143e-08 6.3850817099966e-08 5.4622995918225e-08 4.6828336692984e-08 4.0221858378333e-08 3.4604623495728e-08 2.981447238178e-08 2.5719710516436e-08 2.2212081579112e-08 1.9201468393301e-08 1.6612385346268e-08 1.438204455442e-08 1.24580368967e-08 1.0796243805604e-08 9.3589817636562e-09 8.1142264539911e-09 7.0350025128168e-09 6.0985564216547e-09 5.2852781923443e-09 4.5782776711808e-09 3.9632305440039e-09 3.4280292278973e-09 2.9622527107106e-09 2.5569830134054e-09 2.204594579674e-09 1.8985270323301e-09 1.6331332133121e-09 1.4037241044166e-09 1.2062179593527e-09 1.0369176734841e-09 8.9254898391613e-10 7.7045927549944e-10
0 8.1646857168725e-07 3.2488736884392e-06 7.2619038509096e-06 1.251174132803e-05 1.7527677764682e-05 1.9873849382081e-05 1.8440702162277e-05 1.4930046034089e-05 1.1422662626869e-05 8.6720918201839e-06 6.5811413742461e-06 4.976054122762e-06 3.7592322181691e-06 2.8531672478546e-06 2.1840589578068e-06 1.6892075176125e-06 1.3205687584245e-06 1.0432024214973e-06 8.3221633089375e-07 6.6994860197131e-07 5.4381525975982e-07 4.4477765355049e-07 3.6627846513375e-07 3.0350860087286e-07 2.5290401283279e-07 2.1179649215981e-07 1.7816922519398e-07 1.5048429277053e-07 1.2755734678121e-07 1.0846780761801e-07 9.2494486874392e-08 7.9069684497892e-08 6.7742246651308e-08 5.8150069925601e-08 5.0000586042418e-08 4.3057144105162e-08 3.7126458472453e-08 3.2049083948725e-08 2.7692992811791e-08 2.394898657629e-08 2.0725771955719e-08 1.7946466363197e-08 1.5546444217051e-08 1.3471446069285e-08 1.1675322058734e-08 1.0118710304824e-08 8.7682849494539e-09 7.5958301531367e-09 6.5771102690877e-09 5.6913173559992e-09 4.9207794326252e-09 4.2505589202581e-09 3.6677898080959e-09 3.161336236689e-09 2.7216710894303e-09 2.3408340403948e-09 2.0119424501321e-09 1.7288927076668e-09 1.4863302599827e-09 1.2798001063887e-09 1.1053612907656e-09
0 6.0343132631754e-07 2.3841226602463e-06 5.2862793304486e-06 9.2740156799311e-06 1.4072264160167e-05 1.8440702162277e-05 2.0300863765372e-05 1.8731449443032e-05 1.5275464590061e-05 1.1815085774674e-05 9.0548815071721e-06 6.9278609895703e-06 5.2823842139506e-06 4.0265045434839e-06 3.0838872830925e-06 2.3815477587102e-06 1.8573065935041e-06 1.4632130434633e-06 1.1641017295102e-06 9.3469321295065e-07 7.5688927026313e-07 6.1768001963866e-07 5.0763828533e-07 4.1986827420677e-07 3.4927487644965e-07 2.920551051006e-07 2.4534306645539e-07 2.0695777009961e-07 1.7522364188819e-07 1.4884231034364e-07 1.2680119396133e-07 1.0830295248511e-07 9.271387969744e-08 7.952708799259e-08 6.8335765927207e-08 5.8810244560846e-08 5.0680905623549e-08 4.3726168468952e-08 3.7763674332609e-08 3.2642271848919e-08 2.8235754193293e-08 2.4438159368658e-08 2.1160441850087e-08 1.8327710380649e-08 1.5876746984619e-08 1.37537209088e-08 1.191274164654e-08 1.0314892940464e-08 8.927154822723e-09 7.7212208125133e-09 6.6728823808597e-09 5.7615152582812e-09 4.9694976241563e-09 4.2816682989878e-09 3.6851732825598e-09 3.1689803622786e-09 2.7234715616284e-09 2.3402670997932e-09 2.0123071555004e-09 1.7334042004272e-09 1.4979469153805e-09
0 4.422442553098e-07 1.7591134604654e-06 3.9174586437523e-06 6.8776390570687e-06 1.0622785363577e-05 1.4930046034089e-05 1.8731449443032e-05 2.0218976096535e-05 1.8601221629894e-05 1.5266917661757e-05 1.1917922727763e-05 9.2104173608416e-06 7.1006213521733e-06 5.456471272777e-06 4.1931025551064e-06 3.2376355562732e-06 2.5198548703692e-06 1.9796033221708e-06 1.5701534334464e-06 1.2569613657546e-06 1.0149858175464e-06 8.2614684015782e-07 6.773424421993e-07 5.5900736350763e-07 4.6409441532693e-07 3.873616197762e-07 3.24870181978e-07 2.7363114036594e-07 2.3135588147979e-07 1.9627871589713e-07 1.6702422069819e-07 1.4251106461538e-07 1.2188270494584e-07 1.0445726434444e-07 8.9687304403975e-08 7.7129552815355e-08 6.6422774567891e-08 5.7271568366253e-08 4.9432702250845e-08 4.2704523644643e-08 3.691913398966e-08 3.1936328914831e-08 2.7638345575286e-08 2.3925893188712e-08 2.071522146617e-08 1.7935509591895e-08 1.5526461067435e-08 1.3436681999147e-08 1.162254323821e-08 1.0047032973779e-08 8.6784160260568e-09 7.4894194465186e-09 6.4567757257978e-09 5.5608317301082e-09 4.7846666109194e-09 4.1135526652675e-09 3.5347594325431e-09 3.0375350047102e-09 2.6125154439794e-09 2.2513433448865e-09 1.9465714449282e-09
0 3.2026201846383e-07 1.2844008315886e-06 2.8942059865801e-06 5.1338839002543e-06 7.9790721647038e-06 1.1422662626869e-05 1.5275464590061e-05 1.8601221629894e-05 1.9805693127909e-05 1.8196069226126e-05 1.5020108526204e-05 1.1818802458312e-05 9.2019697503408e-06 7.1436247276773e-06 5.5286911809918e-06 4.2797356173005e-06 3.3284577692832e-06 2.6084565130023e-06 2.0624526712096e-06 1.6456205533825e-06 1.3245613809929e-06 1.0748763170604e-06 8.7881899170738e-07 7.2343735679461e-07 5.9921189770785e-07 4.9908262860177e-07 4.1776281871135e-07 3.512560882441e-07 2.9651565113234e-07 2.5119618813764e-07 2.1347539486944e-07 1.8192572783233e-07 1.5542184572892e-07 1.3306881807553e-07 1.1414894643603e-07 9.8082975785763e-08 8.4401212664911e-08 7.2719917806295e-08 6.2723366217593e-08 5.4150508348224e-08 4.6784681293055e-08 4.0445210373801e-08 3.4980718514796e-08 3.0263785517393e-08 2.6186843403321e-08 2.2659031102106e-08 1.9603417203627e-08 1.695450580804e-08 1.4656533610394e-08 1.2662081240264e-08 1.0930720491924e-08 9.4277919031988e-09 8.1237849796866e-09 6.9934818868664e-09 6.0151609975459e-09 5.1700338996202e-09 4.442108760109e-09 3.817556071319e-09 3.2842062038932e-09 2.831316160019e-09 2.4495709201894e-09
0 2.3186638734941e-07 9.3443385414648e-07 2.1246136066406e-06 3.8163924804702e-06 6.0044993521915e-06 8.6720918201839e-06 1.1815085774674e-05 1.5266917661757e-05 1.8196069226126e-05 1.9183876758583e-05 1.7615974145807e-05 1.4615625315376e-05 1.1580360603949e-05 9.0761304972647e-06 7.090490083361e-06 5.5229519885284e-06 4.3033076509534e-06 3.368284353812e-06 2.655776560335e-06 2.111801487894e-06 1.6938001600832e-06 1.3698354322258e-06 1.1164130993064e-06 9.1633064797202e-07 7.5695095848205e-07 6.2892562991079e-07 5.2528033367914e-07 4.4076673409138e-07 3.7139640243263e-07 3.1410904270193e-07 2.6653622134036e-07 2.2683155647249e-07 1.9354263720217e-07 1.6551712057369e-07 1.4183407936264e-07 1.2175336104883e-07 1.0467578288378e-07 9.0112825319171e-08 7.7663779056511e-08 6.6998385987237e-08 5.7843041315312e-08 4.9969937821847e-08 4.318863120916e-08 3.7339282172034e-08 3.2287185983129e-08 2.7918510074348e-08 2.4136999620866e-08 2.0861143805665e-08 1.8021499189133e-08 1.5558766864626e-08 1.342246513722e-08 1.1569794372304e-08 9.9640498062585e-09 8.573570789715e-09 7.3711779246281e-09 6.3338018864728e-09 5.4414898405032e-09 4.6767616177297e-09 4.0243294321309e-09 3.4709937610914e-09 3.0051180634012e-09
0 1.6925980938596e-07 6.8357334872022e-07 1.5612541643031e-06 2.8271508398443e-06 4.5006793453606e-06 6.5811413742461e-06 9.0548815071721e-06 1.1917922727763e-05 1.5020108526204e-05 1.7615974145807e-05 1.8435327786716e-05 1.6928021332002e-05 1.4108851895084e-05 1.1246816374279e-05 8.8666852926185e-06 6.9662925925589e-06 5.4576414385528e-06 4.2772657970575e-06 3.3669450924509e-06 2.6689940970871e-06 2.1328931153618e-06 1.7185303796344e-06 1.3956039549881e-06 1.1416783396831e-06 9.4022196461967e-07 7.7901943875893e-07 6.4898849190125e-07 5.4331749551082e-07 4.5684983025157e-07 3.8564649267626e-07 3.2667405615048e-07 2.7757493255907e-07 2.3650049310892e-07 2.0198973944901e-07 1.7288040373177e-07 1.4824062876151e-07 1.2731776719795e-07 1.0950014408867e-07 9.4287932269277e-08 8.1270203180403e-08 7.0107225488558e-08 6.0516826591965e-08 5.2263606883779e-08 4.5150448203922e-08 3.9011678039371e-08 3.3707541381181e-08 2.911991074593e-08 2.5148766041414e-08 2.1709161972952e-08 1.872869391289e-08 1.6145812106806e-08 1.3908062673551e-08 1.197051002643e-08 1.0294505699757e-08 8.8470868198043e-09 7.5999349012389e-09 6.5284759035838e-09 5.6112751615717e-09 4.829811426869e-09 4.1678859941364e-09 3.6111531332233e-09
0 1.250920738244e-07 5.0549416786387e-07 1.1562889421223e-06 2.1010867375028e-06 3.3674151696196e-06 4.976054122762e-06 6.9278609895703e-06 9.2104173608416e-06 1.1818802458312e-05 1.4615625315376e-05 1.6928021332002e-05 1.7612690867351e-05 1.6176982270531e-05 1.3537579749607e-05 1.0849134088529e-05 8.5979509670179e-06 6.7896342245261e-06 5.3468312126032e-06 4.2121997331368e-06 3.3323950110926e-06 2.6540938646808e-06 2.130247101729e-06 1.7232416562245e-06 1.4044801388429e-06 1.1526646852665e-06 9.5202053531719e-07 7.9083009448897e-07 6.6033174183282e-07 5.5392144521122e-07 4.6658041269082e-07 3.9445863233649e-07 3.34575409776e-07 2.8460377935845e-07 2.4271366325411e-07 2.0745384999747e-07 1.7766455881561e-07 1.5241243538497e-07 1.3094172881451e-07 1.1263666229845e-07 9.6992480837409e-08 8.3593115266249e-08 7.2093856389613e-08 6.2207867213452e-08 5.3695470523911e-08 4.6355695488592e-08 4.0019513922421e-08 3.4544172364377e-08 2.9808729759084e-08 2.5710678982871e-08 2.2163210911308e-08 1.9092289694143e-08 1.6434503858522e-08 1.4135654317625e-08 1.2149672944319e-08 1.0436928302828e-08 8.9630661549542e-09 7.6983567584475e-09 6.6172429811168e-09 5.6974292011734e-09 4.9192728829531e-09 4.2654129040555e-09
0 9.3738231970717e-08 3.7870317788791e-07 8.6619574695099e-07 1.5749707991066e-06 2.5301589171719e-06 3.7592322181691e-06 5.2823842139506e-06 7.1006213521733e-06 9.2019697503408e-06 1.1580360603949e-05 1.4108851895084e-05 1.6176982270531e-05 1.6753120839629e-05 1.5392439503283e-05 1.2927437887698e-05 1.0409001773528e-05 8.2874993516163e-06 6.5743332135203e-06 5.2012507801588e-06 4.1164136011095e-06 3.2710646589877e-06 2.6160673427821e-06 2.1077443772143e-06 1.7109523848972e-06 1.3988230855747e-06 1.1512381691865e-06 9.5321410571854e-07 7.9356650136271e-07 6.6389896787338e-07 5.5785588073643e-07 4.7058321383905e-07 3.9834143569429e-07 3.3822625814597e-07 2.8796258384322e-07 2.4575343090277e-07 2.1016864102174e-07 1.8006218135278e-07 1.5450927576481e-07 1.3275880786196e-07 1.1419711839992e-07 9.8320031455167e-08 8.4711117012677e-08 7.3024750371291e-08 6.2972890732547e-08 5.431461329895e-08 4.6847615557485e-08 4.0401373764482e-08 3.4831735276283e-08 3.0016825828715e-08 2.5853248876434e-08 2.2252896061155e-08 1.9140464934855e-08 1.6451855323789e-08 1.4132239199561e-08 1.2134404044099e-08 1.0417512888776e-08 8.9464249407531e-09 7.6907039892778e-09 6.6237701704556e-09 5.7222383688706e-09 4.9654994587834e-09
0 7.1218444394797e-08 2.8755406913686e-07 6.5716399228735e-07 1.1939566648059e-06 1.9177005862746e-06 2.8531672478546e-06 4.0265045434839e-06 5.456471272777e-06 7.1436247276773e-06 9.0761304972647e-06 1.1246816374279e-05 1.3537579749607e-05 1.5392439503283e-05 1.5877663724716e-05 1.4593858104402e-05 1.22958801898e-05 9.9416664653132e-06 7.9480359112367e-06 6.3306830436049e-06 5.0291515743185e-06 3.9964989574275e-06 3.1882034070284e-06 2.5590805799977e-06 2.0686985761806e-06 1.6843228276933e-06 1.3807804673382e-06 1.1391279355445e-06 9.4519751773695e-07 7.8836846314164e-07 6.6062983913906e-07 5.5589276961051e-07 4.6949182283651e-07 3.9782039620777e-07 3.3806609819428e-07 2.8801804987955e-07 2.4592511414186e-07 2.1038974728678e-07 1.8028863409586e-07 1.5471286625546e-07 1.3292245466954e-07 1.1431151947685e-07 9.8381297086145e-08 8.471912313481e-08 7.2982072510432e-08 6.2883915167756e-08 5.4184735324524e-08 4.6682843100119e-08 4.0208445057153e-08 3.4617876455336e-08 2.9789070816267e-08 2.5618253559022e-08 2.2017386505649e-08 1.8911189254883e-08 1.6234934925923e-08 1.39329947911e-08 1.1957715788059e-08 1.0267855424928e-08 8.8274866754511e-09 7.6052614418464e-09 6.5737727430142e-09 5.7088939836884e-09
0 5.4823555432357e-08 2.2119838382931e-07 5.049446933909e-07 9.160990521131e-07 1.469313935343e-06 2.1840589578068e-06 3.0838872830925e-06 4.1931025551064e-06 5.5286911809918e-06 7.090490083361e-06 8.8666852926185e-06 1.0849134088529e-05 1.2927437887698e-05 1.4593858104402e-05 1.5002636543286e-05 1.3793993320201e-05 1.16547364948e-05 9.4578788521561e-06 7.588871127387e-06 6.0665028201742e-06 4.8369940698263e-06 3.8577354407153e-06 3.088113425514e-06 2.4866565327849e-06 2.0159981519714e-06 1.6457076319205e-06 1.3522721140185e-06 1.1179163343423e-06 9.2928398663259e-07 7.7632176258573e-07 6.5142135620299e-07 5.4877996086568e-07 4.639341784706e-07 3.9342181896469e-07 3.345354620623e-07 2.8514076196879e-07 2.4354212762288e-07 2.083826622484e-07 1.7856905739691e-07 1.532146986824e-07 1.3159625564578e-07 1.1312038360911e-07 9.7297915679712e-08 8.3723460427901e-08 7.2059439974103e-08 6.2023726895011e-08 5.3379998202631e-08 4.5929369530452e-08 3.9503699466796e-08 3.3960468799812e-08 2.9178995710595e-08 2.5056603200945e-08 2.1505462755749e-08 1.8450193129872e-08 1.5826249149725e-08 1.3578106623195e-08 1.1657716051905e-08 1.0023246937371e-08 8.6382241585059e-09 7.4707853395053e-09 6.4930045756316e-09
0 4.2721441963717e-08 1.7224117525894e-07 3.9270763595373e-07 7.1130696311478e-07 1.1386482979671e-06 1.6892075176125e-06 2.3815477587102e-06 3.2376355562732e-06 4.2797356173005e-06 5.5229519885284e-06 6.9662925925589e-06 8.5979509670179e-06 1.0409001773528e-05 1.22958801898e-05 1.3793993320201e-05 1.4137104236339e-05 1.300112671421e-05 1.1012132317596e-05 8.9654140909881e-06 7.2169966917397e-06 5.787817127641e-06 4.6298858059661e-06 3.7044439233225e-06 2.9744273824712e-06 2.4018118004949e-06 1.9521385726288e-06 1.5971874665044e-06 1.3150397633042e-06 1.0890533343375e-06 9.0667855521008e-07 7.5843583042095e-07 6.3712408326399e-07 5.3723275384724e-07 4.545111225814e-07 3.856526761828e-07 3.2806414343956e-07 2.7969564305005e-07 2.3891466338489e-07 2.0441178554026e-07 1.7512969666175e-07 1.5020929808997e-07 1.2894856424175e-07 1.1077061097044e-07 9.5198856662412e-08 8.1837788086287e-08 7.0358110117006e-08 6.0484288542733e-08 5.1984674356672e-08 4.4663982079155e-08 3.8357519896521e-08 3.2925584619626e-08 2.8249081670126e-08 2.4226350519193e-08 2.0770697718742e-08 1.7807659310919e-08 1.5272953775531e-08 1.3110998802371e-08 1.1273634766301e-08 9.7188947229054e-09 8.4101070497884e-09 7.3151190983753e-09
0 3.3666863576057e-08 1.356369932842e-07 3.0887914098838e-07 5.585428217485e-07 8.9226380381736e-07 1.3205687584245e-06 1.8573065935041e-06 2.5198548703692e-06 3.3284577692832e-06 4.3033076509534e-06 5.4576414385528e-06 6.7896342245261e-06 8.2874993516163e-06 9.9416664653132e-06 1.16547364948e-05 1.300112671421e-05 1.328669964713e-05 1.2220794562709e-05 1.0373828053547e-05 8.4699932585824e-06 6.8377338252168e-06 5.4994132734645e-06 4.4120314739992e-06 3.5402274761317e-06 2.8501990790813e-06 2.3071424681257e-06 1.8793243091039e-06 1.5406162008761e-06 1.2706362623119e-06 1.0538477683912e-06 8.7848910327372e-07 7.3564574370321e-07 6.1852600300058e-07 5.2191778394296e-07 4.4178895249815e-07 3.7499463643229e-07 3.1906224324885e-07 2.7203274373499e-07 2.3234256864195e-07 1.9873506264323e-07 1.7019374216491e-07 1.4589117002425e-07 1.2514980332482e-07 1.0741203535205e-07 9.221710159191e-08 7.9182115395101e-08 6.7987254069459e-08 5.8364468579285e-08 5.0088795102374e-08 4.2970411219071e-08 3.6848322497669e-08 3.1585584038589e-08 2.7065729663479e-08 2.3189251749552e-08 1.987070819313e-08 1.7036402065752e-08 1.4622647924653e-08 1.2574313179231e-08 1.0843527470879e-08 9.3884457382303e-09 8.172227778702e-09
0 2.6804583208487e-08 1.0791690064037e-07 2.4547555902778e-07 4.4319087288974e-07 7.065641628473e-07 1.0432024214973e-06 1.4632130434633e-06 1.9796033221708e-06 2.6084565130023e-06 3.368284353812e-06 4.2772657970575e-06 5.3468312126032e-06 6.5743332135203e-06 7.9480359112367e-06 9.4578788521561e-06 1.1012132317596e-05 1.2220794562709e-05 1.2455277269691e-05 1.1456750521704e-05 9.7439665579627e-06 7.9760230686234e-06 6.4553713753202e-06 5.205192591585e-06 4.1868810260503e-06 3.368121919661e-06 2.7180735099096e-06 2.2049123990951e-06 1.79947632191e-06 1.4776294031903e-06 1.2204563815697e-06 1.0134831308535e-06 8.4571707894478e-07 7.0880149775808e-07 5.9635094931346e-07 5.0345189005624e-07 4.2629368309168e-07 3.6189725225226e-07 3.0791518131292e-07 2.6248377789094e-07 2.2411283245638e-07 1.9160238947161e-07 1.6397984137828e-07 1.404522138004e-07 1.2036982905498e-07 1.0319725504214e-07 8.8490737056815e-08 7.5880928697471e-08 6.5059674785642e-08 5.5768444768528e-08 4.778920966616e-08 4.0937543618416e-08 3.505730342408e-08 3.0015554473533e-08 2.5698591540631e-08 2.2008909887491e-08 1.8862696059992e-08 1.618758560241e-08 1.3920931977115e-08 1.2008344433141e-08 1.0402284880816e-08 9.0611757760358e-09
0 2.154076904134e-08 8.6670929349357e-08 1.9694484796872e-07 3.5505249420721e-07 5.6497554730338e-07 8.3221633089375e-07 1.1641017295102e-06 1.5701534334464e-06 2.0624526712096e-06 2.655776560335e-06 3.3669450924509e-06 4.2121997331368e-06 5.2012507801588e-06 6.3306830436049e-06 7.588871127387e-06 8.9654140909881e-06 1.0373828053547e-05 1.1456750521704e-05 1.1645625309276e-05 1.0711759598843e-05 9.1258366970508e-06 7.4870183419812e-06 6.0733437195427e-06 4.9083857075501e-06 3.9573823213276e-06 3.1907305539631e-06 2.5803112063538e-06 2.0970816483694e-06 1.7142885695259e-06 1.4096776796762e-06 1.1657358180687e-06 9.6901365529257e-07 8.0926370179144e-07 6.7867326807005e-07 5.7125709940551e-07 4.8239848703351e-07 4.0850891176923e-07 3.4677703053817e-07 2.9498338244067e-07 2.5136246426696e-07 2.144997026133e-07 1.8325417344795e-07 1.5670037810849e-07 1.3408262230899e-07 1.1478008303202e-07 9.828028927803e-08 8.4158798976987e-08 7.20619509861e-08 6.1693432636655e-08 5.2804097350045e-08 4.5184094910195e-08 3.8655750589162e-08 3.3067897467237e-08 2.8291436683593e-08 2.4215835750957e-08 2.07462102177e-08 1.7800861226551e-08 1.5309075987874e-08 1.3209298028413e-08 1.144804256584e-08 9.9788533917924e-09
0 1.7458188312995e-08 7.0205964608459e-08 1.5938104328686e-07 2.8694758212269e-07 4.5580500819367e-07 6.6994860197131e-07 9.3469321295065e-07 1.2569613657546e-06 1.6456205533825e-06 2.111801487894e-06 2.6689940970871e-06 3.3323950110926e-06 4.1164136011095e-06 5.0291515743185e-06 6.0665028201742e-06 7.2169966917397e-06 8.4699932585824e-06 9.7439665579627e-06 1.0711759598843e-05 1.0861434559085e-05 9.9879814168257e-06 8.5219933997254e-06 7.0058523132651e-06 5.6945686627989e-06 4.6117289094434e-06 3.7260108443722e-06 3.0102713277949e-06 2.4388764513632e-06 1.9853607158553e-06 1.6252356967836e-06 1.3380306759199e-06 1.1075673437318e-06 9.2137779127418e-07 7.6993382695798e-07 6.4595187155193e-07 5.4383857017394e-07 4.5926996724528e-07 3.888783957359e-07 3.3002031304862e-07 2.8060448446988e-07 2.3896458437636e-07 2.0376416374056e-07 1.7392362322393e-07 1.4856498697418e-07 1.2697022781295e-07 1.0854962908724e-07 9.2815815131044e-08 7.9363625571088e-08 6.7854780707745e-08 5.8006098275176e-08 4.9579238007544e-08 4.2372598305718e-08 3.621501985411e-08 3.0960739329981e-08 2.6485152200735e-08 2.2681413155644e-08 1.9457596617194e-08 1.6734167644695e-08 1.4442241347411e-08 1.2522161369485e-08 1.0922131545092e-08
0 1.4259940469076e-08 5.7314307037989e-08 1.3000150217425e-07 2.3376574734432e-07 3.7073100363893e-07 5.4381525975982e-07 7.5688927026313e-07 1.0149858175464e-06 1.3245613809929e-06 1.6938001600832e-06 2.1328931153618e-06 2.6540938646808e-06 3.2710646589877e-06 3.9964989574275e-06 4.8369940698263e-06 5.787817127641e-06 6.8377338252168e-06 7.9760230686234e-06 9.1258366970508e-06 9.9879814168257e-06 1.0101846673432e-05 9.2871841379421e-06 7.9346465862181e-06 6.5349451984313e-06 5.3214530959145e-06 4.3175200951803e-06 3.4948936229761e-06 2.8286530647345e-06 2.2954512428541e-06 1.8712224070708e-06 1.5336013787034e-06 1.2638007389762e-06 1.046911189285e-06 8.7140372232643e-07 7.2844228914869e-07 6.1125545608227e-07 5.1463172229048e-07 4.3453385664689e-07 3.678109536358e-07 3.1198525882314e-07 2.6509437020039e-07 2.2557206968491e-07 1.9215919528198e-07 1.6383697426752e-07 1.3977685349948e-07 1.1930036490172e-07 1.0184843193878e-07 8.6958130675986e-08 7.4244823191974e-08 6.338703483052e-08 5.4114650074767e-08 4.6199774037818e-08 3.9449460610702e-08 3.3699741554663e-08 2.8810782722526e-08 2.4662811142415e-08 2.1152697385516e-08 1.8191650183622e-08 1.5703170399473e-08 1.3621038455265e-08 1.1887550706498e-08
0 1.1729673841682e-08 4.712236473234e-08 1.0679871854304e-07 1.9182601026111e-07 3.0377074915892e-07 4.4477765355049e-07 6.1768001963866e-07 8.2614684015782e-07 1.0748763170604e-06 1.3698354322258e-06 1.7185303796344e-06 2.130247101729e-06 2.6160673427821e-06 3.1882034070284e-06 3.8577354407153e-06 4.6298858059661e-06 5.4994132734645e-06 6.4553713753202e-06 7.4870183419812e-06 8.5219933997254e-06 9.2871841379421e-06 9.3703937359941e-06 8.6108840069935e-06 7.3655818686085e-06 6.076302304603e-06 4.9560495335846e-06 4.0277119536788e-06 3.2658207628784e-06 2.6474920514342e-06 2.1514774850814e-06 1.7559373722129e-06 1.4404959879346e-06 1.1879543005423e-06 9.8460722733955e-07 8.1982145167085e-07 6.8542495428116e-07 5.7513985534869e-07 4.8412351110012e-07 4.0861724540303e-07 3.4568347848461e-07 2.9300823817739e-07 2.4875464402867e-07 2.1145433000138e-07 1.7992640984394e-07 1.5321416252124e-07 1.3053716915802e-07 1.1125524880184e-07 9.4840991936179e-08 8.0857224299224e-08 6.8939505048165e-08 5.8782575740878e-08 5.0129712003155e-08 4.2764113083302e-08 3.6501986373686e-08 3.1186860725943e-08 2.6684810147308e-08 2.2881048426273e-08 1.9677086497354e-08 1.6988154443241e-08 1.4740820645454e-08 1.2871534346758e-08
0 9.7099247177846e-09 3.8991468294934e-08 8.830612949642e-08 1.5844692814197e-07 2.5057594554824e-07 3.6627846513375e-07 5.0763828533e-07 6.773424421993e-07 8.7881899170738e-07 1.1164130993064e-06 1.3956039549881e-06 1.7232416562245e-06 2.1077443772143e-06 2.5590805799977e-06 3.088113425514e-06 3.7044439233225e-06 4.4120314739992e-06 5.205192591585e-06 6.0733437195427e-06 7.0058523132651e-06 7.9346465862181e-06 8.6108840069935e-06 8.6653821270474e-06 7.9603239404246e-06 6.8163284579253e-06 5.6316062639706e-06 4.6000464466177e-06 3.743924330837e-06 3.0403011587422e-06 2.4681598894421e-06 2.0081815268166e-06 1.6405915559585e-06 1.3468756111955e-06 1.1113305685956e-06 9.2139194498702e-07 7.672784612638e-07 6.4145141558922e-07 5.3810606424036e-07 4.5275698411234e-07 3.8191613576041e-07 3.2285124337327e-07 2.7340652924701e-07 2.3186968054961e-07 1.9686996631656e-07 1.6730199854587e-07 1.4226872017424e-07 1.2103836329894e-07 1.0300998184022e-07 8.7687029423713e-08 7.4657098816486e-08 6.3576081623392e-08 5.4155481794128e-08 4.6152373517931e-08 3.936127111882e-08 3.3607417831383e-08 2.8741940688637e-08 2.4637786656289e-08 2.1186078653286e-08 1.8292955242856e-08 1.5877637142617e-08 1.387064765258e-08
0 8.0841758189502e-09 3.244978471949e-08 7.344213109566e-08 1.3165390305542e-07 2.0795066765525e-07 3.0350860087286e-07 4.1986827420677e-07 5.5900736350763e-07 7.2343735679461e-07 9.1633064797202e-07 1.1416783396831e-06 1.4044801388429e-06 1.7109523848972e-06 2.0686985761806e-06 2.4866565327849e-06 2.9744273824712e-06 3.5402274761317e-06 4.1868810260503e-06 4.9083857075501e-06 5.6945686627989e-06 6.5349451984313e-06 7.3655818686085e-06 7.9603239404246e-06 7.9907610007725e-06 7.3365326425532e-06 6.2880933803259e-06 5.2022070318975e-06 4.2548327925904e-06 3.467501767627e-06 2.8195907424539e-06 2.2918056298066e-06 1.8666004273346e-06 1.5261125787003e-06 1.2535661870267e-06 1.0346637701982e-06 8.5791654885588e-07 7.1435090843e-07 5.9703356757937e-07 5.0061336947076e-07 4.2094518910085e-07 3.5479979560485e-07 2.9964540276758e-07 2.5348135006556e-07 2.1471446049742e-07 1.8206729746763e-07 1.5450944990419e-07 1.3120372498098e-07 1.1146536610982e-07 9.473101191892e-08 8.0534746113486e-08 6.8489240182326e-08 5.8270929608322e-08 4.9608129329298e-08 4.2271423145023e-08 3.6066633083021e-08 3.0829014530045e-08 2.6418226876424e-08 2.2713998994245e-08 1.9613270709033e-08 1.7027735873289e-08 1.488155736441e-08
0 6.7650516539903e-09 2.7145746136281e-08 6.1401722128576e-08 1.0997743792819e-07 1.7351949031051e-07 2.5290401283279e-07 3.4927487644965e-07 4.6409441532693e-07 5.9921189770785e-07 7.5695095848205e-07 9.4022196461967e-07 1.1526646852665e-06 1.3988230855747e-06 1.6843228276933e-06 2.0159981519714e-06 2.4018118004949e-06 2.8501990790813e-06 3.368121919661e-06 3.9573823213276e-06 4.6117289094434e-06 5.3214530959145e-06 6.076302304603e-06 6.8163284579253e-06 7.3365326425532e-06 7.3456236165744e-06 6.7402685674561e-06 5.7818207637705e-06 4.7891802139044e-06 3.9215223343262e-06 3.1995359735985e-06 2.6047249780567e-06 2.1193903164126e-06 1.7276143388458e-06 1.4132999292682e-06 1.1612881746722e-06 9.5859873066479e-07 7.9475924634492e-07 6.6156159743093e-07 5.5264411422002e-07 4.6308566840784e-07 3.8906911926123e-07 3.2761546188523e-07 2.7638323451251e-07 2.3351912857553e-07 1.9754659766691e-07 1.6728024538822e-07 1.4176155626223e-07 1.2021043167771e-07 1.0198822282944e-07 8.6569006986108e-08 7.3517334611053e-08 6.2470689280813e-08 5.3125470425013e-08 4.5226601957966e-08 3.8559115052201e-08 3.2941042082815e-08 2.8217427383762e-08 2.4256268360907e-08 2.0945027366318e-08 1.818743857621e-08 1.5900739569504e-08
0 5.687632954055e-09 2.2815204945718e-08 5.1578799041649e-08 9.231200197078e-08 1.4549951848998e-07 2.1179649215981e-07 2.920551051006e-07 3.873616197762e-07 4.9908262860177e-07 6.2892562991079e-07 7.7901943875893e-07 9.5202053531719e-07 1.1512381691865e-06 1.3807804673382e-06 1.6457076319205e-06 1.9521385726288e-06 2.3071424681257e-06 2.7180735099096e-06 3.1907305539631e-06 3.7260108443722e-06 4.3175200951803e-06 4.9560495335846e-06 5.6316062639706e-06 6.2880933803259e-06 6.7402685674561e-06 6.7303819509354e-06 6.172063508985e-06 5.2981966143598e-06 4.3933407733311e-06 3.6009888080449e-06 2.9409075920061e-06 2.3965598624536e-06 1.9517263056459e-06 1.5919788116051e-06 1.3028454052877e-06 1.0706731596209e-06 8.8371505860303e-07 7.3244963734395e-07 6.0938851737626e-07 5.0871480763839e-07 4.2591827312048e-07 3.5749103007038e-07 3.0069045375082e-07 2.5335919081977e-07 2.1378729992404e-07 1.8060929964134e-07 1.5272717412511e-07 1.2925221218464e-07 1.0946042607435e-07 9.2758436173902e-08 7.8656940551319e-08 6.6749892465412e-08 5.6699048853397e-08 4.8221587008962e-08 4.1079838116267e-08 3.507284384576e-08 3.0030487206271e-08 2.5808546883183e-08 2.2284335807305e-08 1.9352940818572e-08 1.6924678768925e-08
0 4.8020197301231e-09 1.9256759687811e-08 4.3511534020459e-08 7.7817835013169e-08 1.2254002952559e-07 1.7816922519398e-07 2.4534306645539e-07 3.24870181978e-07 4.1776281871135e-07 5.2528033367914e-07 6.4898849190125e-07 7.9083009448897e-07 9.5321410571854e-07 1.1391279355445e-06 1.3522721140185e-06 1.5971874665044e-06 1.8793243091039e-06 2.2049123990951e-06 2.5803112063538e-06 3.0102713277949e-06 3.4948936229761e-06 4.0277119536788e-06 4.6000464466177e-06 5.2022070318975e-06 5.7818207637705e-06 6.172063508985e-06 6.146764730995e-06 5.6322153566781e-06 4.8376779231555e-06 4.0152880699342e-06 3.2939143348549e-06 2.692335044827e-06 2.1958124363325e-06 1.7895024675418e-06 1.4603461064328e-06 1.1953652616324e-06 9.8229576252431e-07 8.1053799660078e-07 6.7146684769858e-07 5.5827430061156e-07 4.6565373285072e-07 3.8948091185085e-07 3.2654404603459e-07 2.7432781847223e-07 2.3084907867597e-07 1.9453337594738e-07 1.6412210457941e-07 1.3860214775326e-07 1.1715257727604e-07 9.9103747785129e-08 8.3905688928802e-08 7.1104615209441e-08 6.032442283611e-08 5.1251714792404e-08 4.3623668875424e-08 3.7219400964387e-08 3.1852851168908e-08 2.7366685878364e-08 2.3627154907132e-08 2.0520541242424e-08 1.7950102492926e-08
0 4.0694749344563e-09 1.6314177464428e-08 3.6845012480144e-08 6.585144617744e-08 1.0360800969456e-07 1.5048429277053e-07 2.0695777009961e-07 2.7363114036594e-07 3.512560882441e-07 4.4076673409138e-07 5.4331749551082e-07 6.6033174183282e-07 7.9356650136271e-07 9.4519751773695e-07 1.1179163343423e-06 1.3150397633042e-06 1.5406162008761e-06 1.79947632191e-06 2.0970816483694e-06 2.4388764513632e-06 2.8286530647345e-06 3.2658207628784e-06 3.743924330837e-06 4.2548327925904e-06 4.7891802139044e-06 5.2981966143598e-06 5.6322153566781e-06 5.5941682316782e-06 5.120828946068e-06 4.4005434581443e-06 3.6554625655689e-06 3.0008375074511e-06 2.4544031946508e-06 2.0030865158465e-06 1.633326465394e-06 1.3333066890625e-06 1.0914130448427e-06 8.9667075302622e-07 7.3955121722297e-07 6.1226196548976e-07 5.0863002465836e-07 4.2383269240762e-07 3.541131012171e-07 2.9653791328835e-07 2.4880561945017e-07 2.0909937250949e-07 1.7597505213738e-07 1.482768354739e-07 1.2507311711844e-07 1.0560756419654e-07 8.9262826725721e-08 7.5532358858352e-08 6.3998028485785e-08 5.4312359248085e-08 4.6185763270581e-08 3.9376161483831e-08 3.3680271128729e-08 2.8926428083557e-08 2.4969533634203e-08 2.1686788278576e-08 1.8973944259946e-08
0 3.4597544601346e-09 1.3866681326171e-08 3.1304330953641e-08 5.5915371792596e-08 8.7907051865122e-08 1.2755734678121e-07 1.7522364188819e-07 2.3135588147979e-07 2.9651565113234e-07 3.7139640243263e-07 4.5684983025157e-07 5.5392144521122e-07 6.6389896787338e-07 7.8836846314164e-07 9.2928398663259e-07 1.0890533343375e-06 1.2706362623119e-06 1.4776294031903e-06 1.7142885695259e-06 1.9853607158553e-06 2.2954512428541e-06 2.6474920514342e-06 3.0403011587422e-06 3.467501767627e-06 3.9215223343262e-06 4.3933407733311e-06 4.8376779231555e-06 5.120828946068e-06 5.0706235717054e-06 4.6378755519496e-06 3.9869456818789e-06 3.3141747009371e-06 2.7221822333057e-06 2.2276180406314e-06 1.8189260647677e-06 1.4837382457534e-06 1.2113833933804e-06 9.9149657922982e-07 8.1428225902832e-07 6.7120104893953e-07 5.5524189932148e-07 4.6083007414946e-07 3.8359499172146e-07 3.2012357971494e-07 2.6774631897422e-07 2.243655308188e-07 1.8832291501676e-07 1.5829848650298e-07 1.3323380287914e-07 1.1227512433973e-07 9.4729771911408e-08 8.0032044858944e-08 6.7716642835215e-08 5.7399400102097e-08 4.8761919747846e-08 4.1538999973476e-08 3.5508435757615e-08 3.0483691879352e-08 2.6307849214584e-08 2.2848434079327e-08 1.9993076758697e-08
0 2.9499531542946e-09 1.1820668659097e-08 2.6675477741987e-08 4.762237553363e-08 7.4817084556143e-08 1.0846780761801e-07 1.4884231034364e-07 1.9627871589713e-07 2.5119618813764e-07 3.1410904270193e-07 3.8564649267626e-07 4.6658041269082e-07 5.5785588073643e-07 6.6062983913906e-07 7.7632176258573e-07 9.0667855521008e-07 1.0538477683912e-06 1.2204563815697e-06 1.4096776796762e-06 1.6252356967836e-06 1.8712224070708e-06 2.1514774850814e-06 2.4681598894421e-06 2.8195907424539e-06 3.1995359735985e-06 3.6009888080449e-06 4.0152880699342e-06 4.4005434581443e-06 4.6378755519496e-06 4.5792775019616e-06 4.1832167794629e-06 3.5969391898548e-06 2.991673680993e-06 2.458324923524e-06 2.0124179089118e-06 1.6438027338586e-06 1.3412321851066e-06 1.0950695771482e-06 8.9608161346735e-07 7.3556184101882e-07 6.0589039920944e-07 5.0077982095892e-07 4.1521150593573e-07 3.4523989431545e-07 2.8777683899123e-07 2.4040228109646e-07 2.0121123448864e-07 1.6869473372668e-07 1.4165056927021e-07 1.1911500509483e-07 1.0031013612896e-07 8.4603371674231e-08 7.1477930539903e-08 6.0509679201283e-08 5.1348553982776e-08 4.3703799741323e-08 3.7333287139893e-08 3.2034805661245e-08 2.7638766282449e-08 2.4002201994045e-08 2.1004500899411e-08
0 2.5217220046014e-09 1.0102691700129e-08 2.2791079816719e-08 4.0668280801532e-08 6.3850817099966e-08 9.2494486874392e-08 1.2680119396133e-07 1.6702422069819e-07 2.1347539486944e-07 2.6653622134036e-07 3.2667405615048e-07 3.9445863233649e-07 4.7058321383905e-07 5.5589276961051e-07 6.5142135620299e-07 7.5843583042095e-07 8.7848910327372e-07 1.0134831308535e-06 1.1657358180687e-06 1.3380306759199e-06 1.5336013787034e-06 1.7559373722129e-06 2.0081815268166e-06 2.2918056298066e-06 2.6047249780567e-06 2.9409075920061e-06 3.2939143348549e-06 3.6554625655689e-06 3.9869456818789e-06 4.1832167794629e-06 4.1173939377929e-06 3.756685626648e-06 3.2305615956163e-06 2.6881516013559e-06 2.2095702106915e-06 1.8092016427531e-06 1.4781655468921e-06 1.2062578625303e-06 9.8479747820447e-07 8.0558403370485e-07 6.609024369525e-07 5.4397758160104e-07 4.4919533545223e-07 3.7205770235329e-07 3.0901758368878e-07 2.5729165906849e-07 2.1469341660654e-07 1.7949944287522e-07 1.5034432120889e-07 1.2613913147529e-07 1.0600900150599e-07 8.9247448297066e-08 7.5280938414454e-08 6.364097224617e-08 5.3942259450944e-08 4.5866821518225e-08 3.9151281898608e-08 3.3576459426794e-08 2.8958945851493e-08 2.5145004542654e-08 2.2005523371118e-08
0 2.1606038941783e-09 8.6546061460308e-09 1.9518106210032e-08 3.4811783117357e-08 5.4622995918225e-08 7.9069684497892e-08 1.0830295248511e-07 1.4251106461538e-07 1.8192572783233e-07 2.2683155647249e-07 2.7757493255907e-07 3.34575409776e-07 3.9834143569429e-07 4.6949182283651e-07 5.4877996086568e-07 6.3712408326399e-07 7.3564574370321e-07 8.4571707894478e-07 9.6901365529257e-07 1.1075673437318e-06 1.2638007389762e-06 1.4404959879346e-06 1.6405915559585e-06 1.8666004273346e-06 2.1193903164126e-06 2.3965598624536e-06 2.692335044827e-06 3.0008375074511e-06 3.3141747009371e-06 3.5969391898548e-06 3.756685626648e-06 3.6856188055728e-06 3.3580780894845e-06 2.8877905697154e-06 2.4037785515579e-06 1.9762149168383e-06 1.6183224553314e-06 1.3223930698868e-06 1.0792091429362e-06 8.8095678221636e-07 7.2036713054118e-07 5.9063192239225e-07 4.857557970882e-07 4.0074884689687e-07 3.3159703315731e-07 2.7512361997113e-07 2.2883043676726e-07 1.9075302107609e-07 1.5934065032905e-07 1.3336178756449e-07 1.1183359723649e-07 9.3967367287399e-08 7.9126046193111e-08 6.6791437503167e-08 5.6540217145118e-08 4.8025036550246e-08 4.0959349939914e-08 3.5105368018946e-08 3.0265283946205e-08 2.6274115982071e-08 2.2993683158914e-08
