0 0 0 0 0 0 0 0 0 0 0 0 0 0 0 0 0 0 0 0 0 0 0 0 0 0 0 0 0 0 0 0 0 0 0 0 0 0 0 0 0 0 0 0 0 0 0 0 0 0
0 2.0018470933005e-08 4.3499906913657e-10 2.7703994450372e-10 2.6199804581812e-11 2.274107338024e-12 7.1162473683895e-13 1.8739920302867e-13 5.7698561484101e-14 1.6798645209769e-14 1.3085550753944e-14 5.4235335425167e-16 -2.9715743773589e-15 1.0763213221102e-15 -1.9400846041848e-15 2.8751876413719e-16 1.1065460707299e-15 2.5559621555526e-16 4.0613173948333e-16 1.581365108775e-15 -1.094458967902e-15 2.0976634438426e-15 -1.133370743806e-15 1.3593495506624e-15 -4.0327425689566e-16 3.9386260729806e-16 1.2940732084246e-17 -1.0507918604749e-17 -1.3435087949239e-16 8.1933557111727e-17 -2.9931828186895e-16 3.7664256817016e-17 -1.4738598640061e-16 -3.3258597452666e-16 6.5190415489225e-17 -5.33191408321e-16 2.6040663784681e-17 -1.1095932950072e-16 -1.257375437064e-16 5.390039719446e-16 -1.3086852644253e-16 7.1808339659152e-16 -5.2000545127696e-17 4.7254603755198e-16 -1.0325289218769e-17 2.5027589974711e-16 -3.178294119661e-19 1.0703863047879e-16 -6.2885082537748e-24 -2.150410520189e-17
0 4.3499906913657e-10 5.9326943324998e-08 6.2083049603258e-08 1.4052157513688e-08 1.2345272933106e-09 3.1666022236738e-10 9.6586259732401e-11 2.8485395954165e-11 8.8540709983672e-12 2.9919260417022e-12 1.1323178557858e-12 4.0484822780825e-13 1.7097724233787e-13 6.393872408852e-14 2.2336713404757e-14 3.5323446009054e-14 2.5044133366724e-15 3.9597432461491e-14 -3.4742902034387e-15 2.6901449757735e-14 -7.9253007389305e-15 1.0842203346339e-14 -7.2695668786985e-15 1.1435006275945e-15 -3.0829549339193e-15 -1.0416301331512e-15 6.1316080761489e-16 1.5347846355261e-15 -8.1593861481269e-17 4.0545678057202e-15 -4.471163732285e-15 4.2426114486616e-15 -8.077502483071e-15 2.8517657194224e-15 -6.9878664339e-15 1.5069922299211e-15 -1.3707008007146e-15 6.4799016249356e-16 3.6256141193777e-15 -4.0563799148466e-16 4.4252833784035e-15 -1.2165882926372e-15 2.7884137038891e-15 -8.9682374845338e-16 1.5564834909347e-15 -3.2263205906672e-16 9.0162938315609e-16 -3.4879222382822e-16 3.0996919319219e-16
0 2.7703994450372e-10 6.2083049603258e-08 4.4875883440513e-07 3.3549305173563e-07 5.9779885821887e-08 1.0641907776317e-08 3.4392449551593e-09 1.0826345326478e-09 3.4545518533954e-10 1.1672798661743e-10 4.2377143149478e-11 1.6463483306696e-11 6.7613558778964e-12 2.9356708747169e-12 1.3535215229085e-12 6.6019015563092e-13 2.517184800784e-13 2.6705974548871e-13 -4.7942449748502e-14 1.8598438926453e-13 -9.9860478117658e-14 1.1767051658242e-13 -6.4105651988369e-14 5.1113173063532e-14 -2.0657636594853e-14 1.2157770198163e-14 -5.95272184872e-15 1.0154519969667e-14 -2.1939454837072e-14 3.1124269532795e-14 -4.5557498180015e-14 4.8275102438423e-14 -5.1524413705381e-14 4.2864275870549e-14 -3.1468987772837e-14 1.5960419516073e-14 3.8881750411594e-16 -1.2221562507683e-14 2.1216548772003e-14 -2.2792892648484e-14 2.2985017761253e-14 -1.7742740138608e-14 1.5690783380076e-14 -1.0829292598849e-14 9.6921426241686e-15 -7.1547854643869e-15 5.9939739001016e-15 -4.1946445986841e-15 2.7121829425062e-15
0 2.6199804581812e-11 1.4052157513688e-08 3.3549305173563e-07 1.1215891578407e-06 6.7741000943986e-07 1.4534620832084e-07 3.9869479906594e-08 1.3804700207657e-08 4.6232746084539e-09 1.5893212750651e-09 5.7817837020287e-10 2.2446169935751e-10 9.1819060992538e-11 3.9622971861749e-11 1.8371361998814e-11 8.1192277817791e-12 4.4214880521169e-12 1.9607893055804e-12 1.0562503482369e-12 6.8028447390817e-13 1.6512142066744e-13 3.0964255257379e-13 -9.9841776060228e-15 1.2267492326695e-13 3.4362141649947e-15 1.6277489093927e-14 2.4845879072206e-14 -1.0255132030186e-14 4.3765147513068e-16 2.112127455559e-14 -4.2496605584883e-14 5.5303400591812e-14 -5.7221625288281e-14 4.9020886777241e-14 -2.5885525212197e-14 9.0944497705528e-16 2.5505218119665e-14 -4.2109760599367e-14 4.7072557102799e-14 -4.1699027048709e-14 2.9570702079808e-14 -1.718460904315e-14 9.0712518509403e-15 -5.9556006795234e-15 6.1723905601663e-15 -6.8241295930295e-15 6.2036713012157e-15 -3.3210854030259e-15 -8.8953531273662e-17
0 2.274107338024e-12 1.2345272933106e-09 5.9779885821887e-08 6.7741000943986e-07 1.705511765461e-06 1.0007565254671e-06 2.7348267431345e-07 9.2295722537413e-08 3.3776811605731e-08 1.2058429582443e-08 4.4354669928444e-09 1.7191337092248e-09 7.0307482357058e-10 3.0312354722142e-10 1.3669494866331e-10 6.4069316445907e-11 3.1340565097396e-11 1.5576517692296e-11 8.1202274790082e-12 4.2311920076588e-12 2.3401584209256e-12 1.2191618951031e-12 7.4361864894902e-13 3.5463633948709e-13 2.6404497932493e-13 7.833187220119e-14 1.2875049430036e-13 -1.9356859668657e-14 8.1250535112927e-14 -3.8576940768938e-14 4.6634056505536e-14 -1.9200154009419e-14 1.0597930627755e-14 1.0363117460471e-14 -1.5602099193206e-14 1.6564790515082e-14 -1.1394856884455e-14 6.4481095965176e-15 -3.5131021567943e-15 9.06800539947e-15 -1.3757430609589e-14 2.038031818564e-14 -2.2197235069055e-14 1.537041636626e-14 -1.1577052709184e-14 4.1556953675593e-15 -9.435258324212e-16 2.8787565705132e-16 1.2867436939736e-15
0 7.1162473683895e-13 3.1666022236738e-10 1.0641907776317e-08 1.4534620832084e-07 1.0007565254671e-06 2.1436299209882e-06 1.2922015256028e-06 4.2598713118555e-07 1.6106837309709e-07 6.2101128403578e-08 2.3517687283226e-08 9.1710657431176e-09 3.7478339832239e-09 1.6077334707773e-09 7.2127915178382e-10 3.3756062431417e-10 1.6312387629382e-10 8.1783524703323e-11 4.1871852077512e-11 2.2076034283347e-11 1.1903249860509e-11 6.4494712389488e-12 3.6003266724509e-12 2.0366200690375e-12 1.0759067377066e-12 7.2765430309574e-13 2.8585491227268e-13 2.9802518980354e-13 5.8263535655389e-14 1.1064789967699e-13 3.010752605724e-14 7.6143592042162e-15 4.6348732179788e-14 -2.7734941407362e-14 2.6075035544118e-14 -1.292220286451e-14 -2.0132404780008e-15 1.4157750355532e-14 -6.6364330761988e-15 1.5541165471758e-14 4.2938092453411e-15 -2.4885922298084e-15 4.8968767949482e-15 -1.5591704112121e-14 3.1733415288901e-15 -7.8378830828756e-15 2.5312204924933e-15 1.1384322863829e-15 2.8073403599017e-15
0 1.8739920302867e-13 9.6586259732401e-11 3.4392449551593e-09 3.9869479906594e-08 2.7348267431345e-07 1.2922015256028e-06 2.4555881479269e-06 1.5343917296572e-06 5.7751860544982e-07 2.3523819884332e-07 9.5153576602148e-08 3.7959094552039e-08 1.5565504781891e-08 6.6551482727391e-09 2.9719089232491e-09 1.3809849935848e-09 6.6569262674309e-10 3.3088482564433e-10 1.6931559674189e-10 8.8731132295996e-11 4.7460475628364e-11 2.5894181572476e-11 1.4282802704207e-11 7.9379330710524e-12 4.5620417790183e-12 2.4810788448263e-12 1.5487505876648e-12 7.8821018730394e-13 5.2419268751753e-13 2.7110117233566e-13 1.4183522470662e-13 1.2156891037548e-13 1.8321643998013e-14 4.6776097221052e-14 -8.569093531387e-15 -1.0348329948575e-15 8.9991316722572e-15 3.991949479572e-15 3.3297495795012e-14 1.5146601752971e-14 3.2845930197362e-14 -3.53511444823e-15 -2.3974600492107e-15 -2.0329151267368e-14 -1.9034189882856e-14 -4.6383295152409e-15 -5.9537783209354e-15 9.8272964839541e-15 3.2153288240514e-16
0 5.7698561484101e-14 2.8485395954165e-11 1.0826345326478e-09 1.3804700207657e-08 9.2295722537413e-08 4.2598713118555e-07 1.5343917296572e-06 2.652074377427e-06 1.7108078428665e-06 7.0765545367822e-07 3.0455447287744e-07 1.286148640258e-07 5.3690696068507e-08 2.298538287474e-08 1.0216436302958e-08 4.7203690076485e-09 2.2604089735542e-09 1.1178156815345e-09 5.6861555744473e-10 2.9651246523077e-10 1.5795043831231e-10 8.5708585200448e-11 4.7102321894269e-11 2.6303572497594e-11 1.4705209541718e-11 8.4349224572699e-12 4.7570351512595e-12 2.775496354718e-12 1.5883048504263e-12 8.8337038716374e-13 5.3976732182842e-13 2.7003489685181e-13 1.6710136193763e-13 6.7269880706184e-14 1.7379889350339e-14 7.8282809095383e-15 1.2440135961612e-14 4.7959289731703e-14 6.1892279667961e-14 8.7712918718759e-14 4.1699697808548e-14 3.4466141454881e-14 -3.7313674819523e-14 -3.6684507011774e-14 -5.0210344780121e-14 -2.937212591137e-14 1.1266570557219e-15 1.222898529379e-15 2.2266856145361e-14
0 1.6798645209769e-14 8.8540709983672e-12 3.4545518533954e-10 4.6232746084539e-09 3.3776811605731e-08 1.6106837309709e-07 5.7751860544982e-07 1.7108078428665e-06 2.7394955051781e-06 1.8133856914343e-06 8.0408673036929e-07 3.6151467158364e-07 1.5863266664917e-07 6.8893382556381e-08 3.0606838507888e-08 1.4064085919669e-08 6.6903908136307e-09 3.2866155277824e-09 1.6613970460042e-09 8.6124298883973e-10 4.5638871534376e-10 2.4618437041206e-10 1.3503649690301e-10 7.4805762270022e-11 4.2012986000982e-11 2.3728561939312e-11 1.3523073721738e-11 7.7765570759152e-12 4.4073302444175e-12 2.5661813600032e-12 1.4258854760519e-12 8.0433931664914e-13 4.3422227364805e-13 1.8252325420598e-13 8.3417620429012e-14 2.9557648994448e-14 6.4930982158601e-14 1.1953184191666e-13 1.8299231590031e-13 1.7090176431261e-13 1.4507835235122e-13 2.4863878273225e-14 -3.510429710297e-14 -1.1597988599986e-13 -9.9881293891065e-14 -7.0701790070795e-14 -2.5194227970137e-14 2.3213710243814e-14 3.1759236180322e-14
0 1.3085550753944e-14 2.9919260417022e-12 1.1672798661743e-10 1.5893212750651e-09 1.2058429582443e-08 6.2101128403578e-08 2.3523819884332e-07 7.0765545367822e-07 1.8133856914343e-06 2.7255086125057e-06 1.842940832527e-06 8.6181420052985e-07 4.0175247496999e-07 1.8238747240121e-07 8.1989314321768e-08 3.7607432898102e-08 1.7780253588069e-08 8.6714136343068e-09 4.352399953237e-09 2.241157823944e-09 1.1797880417337e-09 6.3324152800537e-10 3.4509354528908e-10 1.9074702986467e-10 1.0647123037199e-10 5.9977355184118e-11 3.4108625428243e-11 1.9378614132401e-11 1.1147723194539e-11 6.3226892530006e-12 3.5857221524947e-12 2.0022478762507e-12 1.0210978685835e-12 5.1554106647384e-13 2.0695054806799e-13 1.4475407508807e-13 1.8361324601966e-13 3.1071940868048e-13 3.7957179266321e-13 3.9191673430225e-13 2.5379493984131e-13 9.3007306417727e-14 -1.0731232252117e-13 -1.9636476433566e-13 -2.2385269493445e-13 -1.5199354636242e-13 -6.0623286553235e-14 2.4814633347988e-14 8.2425638157114e-14
0 5.4235335425167e-16 1.1323178557858e-12 4.2377143149478e-11 5.7817837020287e-10 4.4354669928444e-09 2.3517687283226e-08 9.5153576602148e-08 3.0455447287744e-07 8.0408673036929e-07 1.842940832527e-06 2.6283986573257e-06 1.8069330143843e-06 8.8128349121762e-07 4.2365768779899e-07 1.9822530762838e-07 9.1830975458467e-08 4.3297526535418e-08 2.0973602759136e-08 1.0446334852391e-08 5.3380298812998e-09 2.7905210645884e-09 1.4873821381837e-09 8.0630434095966e-10 4.4307273501554e-10 2.4629673769331e-10 1.3826288749688e-10 7.8065853120354e-11 4.445096802437e-11 2.5283528617503e-11 1.4400977656482e-11 8.1404721526663e-12 4.4494854618817e-12 2.3739537644398e-12 1.1452038279364e-12 5.8934023007414e-13 3.9049998031095e-13 4.9907664343526e-13 6.4797357697671e-13 7.8263316102232e-13 7.0830071852313e-13 4.9403357986355e-13 1.4591210921155e-13 -1.6107469901536e-13 -3.6782878547001e-13 -3.9829815444527e-13 -3.0936438229591e-13 -1.3151403773925e-13 2.8491318805008e-14 1.3263474641759e-13
0 -2.9715743773589e-15 4.0484822780825e-13 1.6463483306696e-11 2.2446169935751e-10 1.7191337092248e-09 9.1710657431176e-09 3.7959094552039e-08 1.286148640258e-07 3.6151467158364e-07 8.6181420052985e-07 1.8069330143843e-06 2.4644068133644e-06 1.7167643443481e-06 8.6645538949679e-07 4.2770124838193e-07 2.055409865686e-07 9.7748257899061e-08 4.7188344014365e-08 2.3332275904752e-08 1.1826626281453e-08 6.1329860101201e-09 3.2452779726323e-09 1.7471557154437e-09 9.544864232107e-10 5.2790176488692e-10 2.947378741892e-10 1.6596215797663e-10 9.390200895445e-11 5.3321780815326e-11 3.0255445186174e-11 1.6963916910289e-11 9.3573011127656e-12 4.9278420636516e-12 2.5406806805804e-12 1.3447044816775e-12 1.0153644478715e-12 1.0623129961921e-12 1.3138261002673e-12 1.387291446802e-12 1.2492023184274e-12 8.19526690037e-13 2.6702788239176e-13 -2.5490709548343e-13 -5.9198686481618e-13 -6.8084874476445e-13 -5.330144958017e-13 -2.7127400925848e-13 1.2807524961466e-14 1.909836474912e-13
0 1.0763213221102e-15 1.7097724233787e-13 6.7613558778964e-12 9.1819060992538e-11 7.0307482357058e-10 3.7478339832239e-09 1.5565504781891e-08 5.3690696068507e-08 1.5863266664917e-07 4.0175247496999e-07 8.8128349121762e-07 1.7167643443481e-06 2.2514595989333e-06 1.5853914683943e-06 8.2317795453499e-07 4.1573461764965e-07 2.0455971393352e-07 9.9518083920545e-08 4.901760474743e-08 2.4656890128962e-08 1.2679807385991e-08 6.6548675558206e-09 3.5559382084592e-09 1.9297325460039e-09 1.0606980763419e-09 5.8935069114904e-10 3.3013810135148e-10 1.8603748308034e-10 1.0522208309892e-10 5.9368970616792e-11 3.3274212273896e-11 1.8255988703693e-11 9.7810519145374e-12 5.1342544089275e-12 2.9550690828118e-12 2.1462894146165e-12 2.1696053850943e-12 2.3244966888087e-12 2.3648651370839e-12 1.998833176816e-12 1.3093705297932e-12 4.4473782534734e-13 -3.6110044784572e-13 -8.8986470768307e-13 -1.0485111559256e-12 -8.6918232202805e-13 -4.7524761710711e-13 -6.8553768544963e-14 2.394980712153e-13
0 -1.9400846041848e-15 6.393872408852e-14 2.9356708747169e-12 3.9622971861749e-11 3.0312354722142e-10 1.6077334707773e-09 6.6551482727391e-09 2.298538287474e-08 6.8893382556381e-08 1.8238747240121e-07 4.2365768779899e-07 8.6645538949679e-07 1.5853914683943e-06 2.0070897659754e-06 1.4256073904135e-06 7.5801919427543e-07 3.9043071632573e-07 1.961276194125e-07 9.7310560640791e-08 4.8753467836167e-08 2.4878416029866e-08 1.2946775746435e-08 6.8619992069225e-09 3.6957387818686e-09 2.0181731773537e-09 1.1146327205111e-09 6.2112149552401e-10 3.4846107660338e-10 1.9602997915321e-10 1.1026766366587e-10 6.1508990924842e-11 3.3843405288967e-11 1.8255770183396e-11 9.9209544483916e-12 5.8126050449881e-12 4.2779030597981e-12 3.8968474577941e-12 3.9351316302542e-12 3.7100190767695e-12 3.0590613922698e-12 1.977229482861e-12 7.0032307326244e-13 -4.5604526668345e-13 -1.2391700290403e-12 -1.5056638660354e-12 -1.2993657744103e-12 -7.9954988675642e-13 -2.1945483291346e-13 2.2000420340587e-13
0 2.8751876413719e-16 2.2336713404757e-14 1.3535215229085e-12 1.8371361998814e-11 1.3669494866331e-10 7.2127915178382e-10 2.9719089232491e-09 1.0216436302958e-08 3.0606838507888e-08 8.1989314321768e-08 1.9822530762838e-07 4.2770124838193e-07 8.2317795453499e-07 1.4256073904135e-06 1.7475943371848e-06 1.2491258267057e-06 6.7760462590259e-07 3.5492805422234e-07 1.815558370832e-07 9.1632973980478e-08 4.6581023852221e-08 2.4058784527702e-08 1.264514870712e-08 6.7564295518076e-09 3.6624243515983e-09 2.0094959262969e-09 1.1134738949373e-09 6.2115435628001e-10 3.479710562476e-10 1.9474264700288e-10 1.084305363522e-10 5.9667848836513e-11 3.2574423188813e-11 1.797760395116e-11 1.0813653888525e-11 7.6847287056126e-12 6.6372989408645e-12 6.1731585316702e-12 5.5687597164438e-12 4.4445954610826e-12 2.8543265532918e-12 1.0777483050549e-12 -5.1411864523707e-13 -1.5957741169654e-12 -2.0231791530183e-12 -1.8360801080311e-12 -1.2376164543819e-12 -5.0864150980177e-13 1.070615678212e-13
0 1.1065460707299e-15 3.5323446009054e-14 6.6019015563092e-13 8.1192277817791e-12 6.4069316445907e-11 3.3756062431417e-10 1.3809849935848e-09 4.7203690076485e-09 1.4064085919669e-08 3.7607432898102e-08 9.1830975458467e-08 2.055409865686e-07 4.1573461764965e-07 7.5801919427543e-07 1.2491258267057e-06 1.4850791444212e-06 1.0663443484946e-06 5.8833456574558e-07 3.1261842952412e-07 1.6249106987531e-07 8.3257834415206e-08 4.2862868818737e-08 2.2369046816294e-08 1.1856450515649e-08 6.3771666927103e-09 3.4743476887384e-09 1.9124909606517e-09 1.0610666033421e-09 5.9115294295024e-10 3.2960449359781e-10 1.8295353323086e-10 1.0092555679219e-10 5.5430889059958e-11 3.1099681644262e-11 1.8722064104871e-11 1.3031474851687e-11 1.0542279210238e-11 9.2515858109873e-12 7.9619435278641e-12 6.1997373529095e-12 3.976210785686e-12 1.6135185107328e-12 -4.6728096737469e-13 -1.914726230991e-12 -2.5619398325024e-12 -2.4558011351045e-12 -1.815616421009e-12 -9.5753652976826e-13 -1.7970214939089e-13
0 2.5559621555526e-16 2.5044133366724e-15 2.517184800784e-13 4.4214880521169e-12 3.1340565097396e-11 1.6312387629382e-10 6.6569262674309e-10 2.2604089735542e-09 6.6903908136307e-09 1.7780253588069e-08 4.3297526535418e-08 9.7748257899061e-08 2.0455971393352e-07 3.9043071632573e-07 6.7760462590259e-07 1.0663443484946e-06 1.2307110573894e-06 8.8639952226751e-07 4.9622386082927e-07 2.6694721438387e-07 1.4075515689236e-07 7.3112994742699e-08 3.8068598541301e-08 2.0047555377907e-08 1.0701949970903e-08 5.7867654895125e-09 3.1637594975915e-09 1.7441122856954e-09 9.6669193903177e-10 5.3652527078143e-10 2.9729166716207e-10 1.6401508273445e-10 9.0690214072255e-11 5.1150120406609e-11 3.0793642955619e-11 2.0780283874482e-11 1.5964975672632e-11 1.3251599433912e-11 1.0944698600105e-11 8.3432177781164e-12 5.380721456734e-12 2.3679687630515e-12 -2.5254158994218e-13 -2.1293321216194e-12 -3.0740778093914e-12 -3.1320571969441e-12 -2.5358650098715e-12 -1.6079505452717e-12 -6.8909339581134e-13
0 4.0613173948333e-16 3.9597432461491e-14 2.6705974548871e-13 1.9607893055804e-12 1.5576517692296e-11 8.1783524703323e-11 3.3088482564433e-10 1.1178156815345e-09 3.2866155277824e-09 8.6714136343068e-09 2.0973602759136e-08 4.7188344014365e-08 9.9518083920545e-08 1.961276194125e-07 3.5492805422234e-07 5.8833456574558e-07 8.8639952226751e-07 9.9400332829102e-07 7.1708828943207e-07 4.0663561848809e-07 2.2113087509612e-07 1.1812845936301e-07 6.2140352797677e-08 3.2689811211719e-08 1.7351872126087e-08 9.3173552409521e-09 5.0578259590549e-09 2.7703763572647e-09 1.526624089408e-09 8.4382587824313e-10 4.6622086262878e-10 2.5745181229082e-10 1.4261436008475e-10 8.0709422918604e-11 4.8168000983029e-11 3.1605810889872e-11 2.3153902842232e-11 1.8264607426782e-11 1.4544618959578e-11 1.0895337786023e-11 7.103298984264e-12 3.4057426538445e-12 1.9131614349468e-13 -2.1691110885821e-12 -3.5036704091575e-12 -3.8389707983225e-12 -3.3885739610582e-12 -2.4892404918761e-12 -1.4724073279328e-12
0 1.581365108775e-15 -3.4742902034387e-15 -4.7942449748502e-14 1.0562503482369e-12 8.1202274790082e-12 4.1871852077512e-11 1.6931559674189e-10 5.6861555744473e-10 1.6613970460042e-09 4.352399953237e-09 1.0446334852391e-08 2.3332275904752e-08 4.901760474743e-08 9.7310560640791e-08 1.815558370832e-07 3.1261842952412e-07 4.9622386082927e-07 7.1708828943207e-07 7.8094962299107e-07 5.644784340471e-07 3.2387067305408e-07 1.7782573946365e-07 9.6131255592389e-08 5.1167723840829e-08 2.7170984626437e-08 1.4521911480481e-08 7.8339976111928e-09 4.2632833430264e-09 2.3360646856405e-09 1.2851200618757e-09 7.0828295343885e-10 3.9061869940352e-10 2.1663193503508e-10 1.2233507695242e-10 7.2260784435191e-11 4.6122619826315e-11 3.23245038845e-11 2.438019028876e-11 1.876123387046e-11 1.3873081803343e-11 9.1814290061788e-12 4.7598440483839e-12 9.3532808691661e-13 -1.9823502494772e-12 -3.8022172336796e-12 -4.5367697524975e-12 -4.372553347444e-12 -3.6015856742701e-12 -2.5694826426773e-12
0 -1.094458967902e-15 2.6901449757735e-14 1.8598438926453e-13 6.8028447390817e-13 4.2311920076588e-12 2.2076034283347e-11 8.8731132295996e-11 2.9651246523077e-10 8.6124298883973e-10 2.241157823944e-09 5.3380298812998e-09 1.1826626281453e-08 2.4656890128962e-08 4.8753467836167e-08 9.1632973980478e-08 1.6249106987531e-07 2.6694721438387e-07 4.0663561848809e-07 5.644784340471e-07 5.9809218950141e-07 4.3242193383173e-07 2.5081840395891e-07 1.3889819100091e-07 7.5891933156042e-08 4.0838192476911e-08 2.1872458597645e-08 1.1759555951482e-08 6.3664449260161e-09 3.4693610575154e-09 1.9000672879291e-09 1.0435512590654e-09 5.7463488404667e-10 3.1812888274025e-10 1.7899200451169e-10 1.0442525946947e-10 6.488330575089e-11 4.3719144037887e-11 3.1608386348138e-11 2.3613555004332e-11 1.726970902853e-11 1.1615514210426e-11 6.4671264595576e-12 2.0003688979617e-12 -1.5255459336129e-12 -3.9354031840098e-12 -5.2028941303575e-12 -5.4568480692007e-12 -4.949772299972e-12 -3.9804273325111e-12
0 2.0976634438426e-15 -7.9253007389305e-15 -9.9860478117658e-14 1.6512142066744e-13 2.3401584209256e-12 1.1903249860509e-11 4.7460475628364e-11 1.5795043831231e-10 4.5638871534376e-10 1.1797880417337e-09 2.7905210645884e-09 6.1329860101201e-09 1.2679807385991e-08 2.4878416029866e-08 4.6581023852221e-08 8.3257834415206e-08 1.4075515689236e-07 2.2113087509612e-07 3.2387067305408e-07 4.3242193383173e-07 4.4659860371944e-07 3.2240679925636e-07 1.8890793317419e-07 1.0540163776203e-07 5.8128932221268e-08 3.1595412094755e-08 1.7056540964668e-08 9.2179402463583e-09 5.0041696274798e-09 2.7289478513425e-09 1.4937048558891e-09 8.2013303438827e-10 4.5282914379015e-10 2.5336123061595e-10 1.4591822154831e-10 8.8435750499561e-11 5.7455545467247e-11 4.0004412373919e-11 2.9055891185978e-11 2.1056593519837e-11 1.4383632871516e-11 8.5044561656535e-12 3.3844967645357e-12 -8.0112306819617e-13 -3.8913439061586e-12 -5.8110532490036e-12 -6.6211532837359e-12 -6.4969954597655e-12 -5.6956062107624e-12
0 -1.133370743806e-15 1.0842203346339e-14 1.1767051658242e-13 3.0964255257379e-13 1.2191618951031e-12 6.4494712389488e-12 2.5894181572476e-11 8.5708585200448e-11 2.4618437041206e-10 6.3324152800537e-10 1.4873821381837e-09 3.2452779726323e-09 6.6548675558206e-09 1.2946775746435e-08 2.4058784527702e-08 4.2862868818737e-08 7.3112994742699e-08 1.1812845936301e-07 1.7782573946365e-07 2.5081840395891e-07 3.2240679925636e-07 3.2405155264829e-07 2.3393021773227e-07 1.3835892747147e-07 7.7704867162015e-08 4.3194533550041e-08 2.3693134266815e-08 1.2884784544518e-08 6.9956325054643e-09 3.8060987167754e-09 2.0766994629457e-09 1.1367239081572e-09 6.253054191995e-10 3.476672831397e-10 1.9771562720947e-10 1.1712995429513e-10 7.3660395335471e-11 4.9523309861029e-11 3.5039975420525e-11 2.5151405105867e-11 1.7419249826739e-11 1.0799578697932e-11 5.0310659998842e-12 1.4724488705519e-13 -3.684652169518e-12 -6.3526957445111e-12 -7.8284388328118e-12 -8.2001179406372e-12 -7.6584543838143e-12
0 1.3593495506624e-15 -7.2695668786985e-15 -6.4105651988369e-14 -9.9841776060228e-15 7.4361864894902e-13 3.6003266724509e-12 1.4282802704207e-11 4.7102321894269e-11 1.3503649690301e-10 3.4509354528908e-10 8.0630434095966e-10 1.7471557154437e-09 3.5559382084592e-09 6.8619992069225e-09 1.264514870712e-08 2.2369046816294e-08 3.8068598541301e-08 6.2140352797677e-08 9.6131255592389e-08 1.3889819100091e-07 1.8890793317419e-07 2.3393021773227e-07 2.2988587776461e-07 1.6513677026761e-07 9.8525531954051e-08 5.5651391863587e-08 3.1133923131109e-08 1.7214533578849e-08 9.4241861240367e-09 5.1377861075042e-09 2.8003701839864e-09 1.5289668127076e-09 8.3788783263186e-10 4.6292312781219e-10 2.6021311119251e-10 1.510871303945e-10 9.2320882805443e-11 6.0089383404634e-11 4.1438042851438e-11 2.9440230474468e-11 2.0572194455095e-11 1.3240134298183e-11 6.8162370370375e-12 1.2434965252522e-12 -3.3679309557899e-12 -6.8334247621899e-12 -9.0447957567632e-12 -9.9946868987183e-12 -9.7941671116229e-12
0 -4.0327425689566e-16 1.1435006275945e-15 5.1113173063532e-14 1.2267492326695e-13 3.5463633948709e-13 2.0366200690375e-12 7.9379330710524e-12 2.6303572497594e-11 7.4805762270022e-11 1.9074702986467e-10 4.4307273501554e-10 9.544864232107e-10 1.9297325460039e-09 3.6957387818686e-09 6.7564295518076e-09 1.1856450515649e-08 2.0047555377907e-08 3.2689811211719e-08 5.1167723840829e-08 7.5891933156042e-08 1.0540163776203e-07 1.3835892747147e-07 1.6513677026761e-07 1.5765602373051e-07 1.1338804653464e-07 6.8195278638067e-08 3.8709291490553e-08 2.1755805820439e-08 1.2105930526919e-08 6.6649578090203e-09 3.6462926808729e-09 1.990669045977e-09 1.0881000523398e-09 5.9790652954473e-10 3.3275497783232e-10 1.8996925536294e-10 1.1319192700508e-10 7.1545612474932e-11 4.8091254689417e-11 3.3718084916169e-11 2.3671176726515e-11 1.5607956963634e-11 8.5922849792028e-12 2.3458297525309e-12 -3.0096012435365e-12 -7.2730459604648e-12 -1.0237001462692e-11 -1.1803249490708e-11 -1.20056843817e-11
0 3.9386260729806e-16 -3.0829549339193e-15 -2.0657636594853e-14 3.4362141649947e-15 2.6404497932493e-13 1.0759067377066e-12 4.5620417790183e-12 1.4705209541718e-11 4.2012986000982e-11 1.0647123037199e-10 2.4629673769331e-10 5.2790176488692e-10 1.0606980763419e-09 2.0181731773537e-09 3.6624243515983e-09 6.3771666927103e-09 1.0701949970903e-08 1.7351872126087e-08 2.7170984626437e-08 4.0838192476911e-08 5.8128932221268e-08 7.7704867162015e-08 9.8525531954051e-08 1.1338804653464e-07 1.055352706175e-07 7.5695131008639e-08 4.5847641492499e-08 2.6125457244879e-08 1.4718993474287e-08 8.2240929259583e-09 4.5470957073417e-09 2.4948774878291e-09 1.3644981355669e-09 7.4750085332757e-10 4.129558674642e-10 2.3258627597446e-10 1.3573848825547e-10 8.3547576556051e-11 5.4749405169862e-11 3.7764949190248e-11 2.6440826500232e-11 1.7696406679967e-11 1.0123437191864e-11 3.310380562002e-12 -2.7204254078341e-12 -7.7032706726083e-12 -1.13787210572e-11 -1.3552679780668e-11 -1.4181849682279e-11
0 1.2940732084246e-17 -1.0416301331512e-15 1.2157770198163e-14 1.6277489093927e-14 7.833187220119e-14 7.2765430309574e-13 2.4810788448263e-12 8.4349224572699e-12 2.3728561939312e-11 5.9977355184118e-11 1.3826288749688e-10 2.947378741892e-10 5.8935069114904e-10 1.1146327205111e-09 2.0094959262969e-09 3.4743476887384e-09 5.7867654895125e-09 9.3173552409521e-09 1.4521911480481e-08 2.1872458597645e-08 3.1595412094755e-08 4.3194533550041e-08 5.5651391863587e-08 6.8195278638067e-08 7.5695131008639e-08 6.8639789970948e-08 4.907572489188e-08 2.9891000279501e-08 1.7076003878592e-08 9.6207451567384e-09 5.383374742389e-09 2.9843209660198e-09 1.6416121951687e-09 9.0031947029183e-10 4.9559517294337e-10 2.7657138340912e-10 1.5880593803374e-10 9.5549598908803e-11 6.1064107329088e-11 4.1278845532045e-11 2.8632776074302e-11 1.9212244980948e-11 1.1204531731235e-11 3.935116423648e-12 -2.6058730931506e-12 -8.181806492753e-12 -1.2453298839039e-11 -1.5172177837864e-11 -1.6217421923502e-11
0 -1.0507918604749e-17 6.1316080761489e-16 -5.95272184872e-15 2.4845879072206e-14 1.2875049430036e-13 2.8585491227268e-13 1.5487505876648e-12 4.7570351512595e-12 1.3523073721738e-11 3.4108625428243e-11 7.8065853120354e-11 1.6596215797663e-10 3.3013810135148e-10 6.2112149552401e-10 1.1134738949373e-09 1.9124909606517e-09 3.1637594975915e-09 5.0578259590549e-09 7.8339976111928e-09 1.1759555951482e-08 1.7056540964668e-08 2.3693134266815e-08 3.1133923131109e-08 3.8709291490553e-08 4.5847641492499e-08 4.907572489188e-08 4.2919497988903e-08 3.083457950703e-08 1.8850087471349e-08 1.0780347142748e-08 6.0604738957192e-09 3.3874356213979e-09 1.8800818690995e-09 1.0371991654761e-09 5.7176294125359e-10 3.1778227848973e-10 1.804920963747e-10 1.0663002986638e-10 6.655050378655e-11 4.394931099946e-11 2.9957947190043e-11 1.9922974073077e-11 1.158385926808e-11 4.0568872397454e-12 -2.8070323853994e-12 -8.7597747647594e-12 -1.346786029895e-11 -1.6609554228172e-11 -1.8018384832479e-11
0 -1.3435087949239e-16 1.5347846355261e-15 1.0154519969667e-14 -1.0255132030186e-14 -1.9356859668657e-14 2.9802518980354e-13 7.8821018730394e-13 2.775496354718e-12 7.7765570759152e-12 1.9378614132401e-11 4.445096802437e-11 9.390200895445e-11 1.8603748308034e-10 3.4846107660338e-10 6.2115435628001e-10 1.0610666033421e-09 1.7441122856954e-09 2.7703763572647e-09 4.2632833430264e-09 6.3664449260161e-09 9.2179402463583e-09 1.2884784544518e-08 1.7214533578849e-08 2.1755805820439e-08 2.6125457244879e-08 2.9891000279501e-08 3.083457950703e-08 2.6516799056453e-08 1.8721461289756e-08 1.1464587538232e-08 6.5565131150245e-09 3.6727607025854e-09 2.0468674620386e-09 1.136483404846e-09 6.2969531707102e-10 3.5037155280496e-10 1.9801758853639e-10 1.1545789111273e-10 7.0569624474025e-11 4.5417656698502e-11 3.0181632537159e-11 1.961585387424e-11 1.1091957506235e-11 3.4980961605903e-12 -3.4276596937656e-12 -9.5233450459089e-12 -1.4434677981939e-11 -1.7842372246811e-11 -1.9513114605626e-11
0 8.1933557111727e-17 -8.1593861481269e-17 -2.1939454837072e-14 4.3765147513068e-16 8.1250535112927e-14 5.8263535655389e-14 5.2419268751753e-13 1.5883048504263e-12 4.4073302444175e-12 1.1147723194539e-11 2.5283528617503e-11 5.3321780815326e-11 1.0522208309892e-10 1.9602997915321e-10 3.479710562476e-10 5.9115294295024e-10 9.6669193903177e-10 1.526624089408e-09 2.3360646856405e-09 3.4693610575154e-09 5.0041696274798e-09 6.9956325054643e-09 9.4241861240367e-09 1.2105930526919e-08 1.4718993474287e-08 1.7076003878592e-08 1.8850087471349e-08 1.8721461289756e-08 1.5513047248891e-08 1.0953892149344e-08 6.7087650760404e-09 3.8354569501374e-09 2.1406836735208e-09 1.1890877783918e-09 6.6077233300624e-10 3.6873671462617e-10 2.082405703834e-10 1.2049541312523e-10 7.2364149390036e-11 4.5337309714114e-11 2.9124776145805e-11 1.8166327376652e-11 9.6134200529489e-12 2.1639317034493e-12 -4.5785798284925e-12 -1.0530847340968e-11 -1.540625319337e-11 -1.8863083538479e-11 -2.0665625548352e-11
0 -2.9931828186895e-16 4.0545678057202e-15 3.1124269532795e-14 2.112127455559e-14 -3.8576940768938e-14 1.1064789967699e-13 2.7110117233566e-13 8.8337038716374e-13 2.5661813600032e-12 6.3226892530006e-12 1.4400977656482e-11 3.0255445186174e-11 5.9368970616792e-11 1.1026766366587e-10 1.9474264700288e-10 3.2960449359781e-10 5.3652527078143e-10 8.4382587824313e-10 1.2851200618757e-09 1.9000672879291e-09 2.7289478513425e-09 3.8060987167754e-09 5.1377861075042e-09 6.6649578090203e-09 8.2240929259583e-09 9.6207451567384e-09 1.0780347142748e-08 1.1464587538232e-08 1.0953892149344e-08 9.4028872038286e-09 6.1657160359438e-09 3.7734723032199e-09 2.158153330061e-09 1.2020568964848e-09 6.6658268081319e-10 3.7153666004267e-10 2.0956441958171e-10 1.2058245301601e-10 7.1358262878868e-11 4.3452299201285e-11 2.6708913021993e-11 1.5576172307357e-11 7.1412864390989e-12 2.293624673108e-14 -6.3024426215483e-12 -1.1856110393014e-11 -1.6420396992664e-11 -1.9710045773053e-11 -2.1461664007307e-11
0 3.7664256817016e-17 -4.471163732285e-15 -4.5557498180015e-14 -4.2496605584883e-14 4.6634056505536e-14 3.010752605724e-14 1.4183522470662e-13 5.3976732182842e-13 1.4258854760519e-12 3.5857221524947e-12 8.1404721526663e-12 1.6963916910289e-11 3.3274212273896e-11 6.1508990924842e-11 1.084305363522e-10 1.8295353323086e-10 2.9729166716207e-10 4.6622086262878e-10 7.0828295343885e-10 1.0435512590654e-09 1.4937048558891e-09 2.0766994629457e-09 2.8003701839864e-09 3.6462926808729e-09 4.5470957073417e-09 5.383374742389e-09 6.0604738957192e-09 6.5565131150245e-09 6.7087650760404e-09 6.1657160359438e-09 5.214579990863e-09 3.3384650276421e-09 2.0416645651892e-09 1.1702077196512e-09 6.5263262903366e-10 3.6264618146753e-10 2.0338958297853e-10 1.1604385751897e-10 6.7543851822781e-11 3.9814307518178e-11 2.3046628368972e-11 1.1974613007729e-11 3.806093345938e-12 -2.853514468249e-12 -8.5825548267425e-12 -1.3518999006347e-11 -1.7538719284043e-11 -2.0417516205847e-11 -2.1934514751687e-11
0 -1.4738598640061e-16 4.2426114486616e-15 4.8275102438423e-14 5.5303400591812e-14 -1.9200154009419e-14 7.6143592042162e-15 1.2156891037548e-13 2.7003489685181e-13 8.0433931664914e-13 2.0022478762507e-12 4.4494854618817e-12 9.3573011127656e-12 1.8255988703693e-11 3.3843405288967e-11 5.9667848836513e-11 1.0092555679219e-10 1.6401508273445e-10 2.5745181229082e-10 3.9061869940352e-10 5.7463488404667e-10 8.2013303438827e-10 1.1367239081572e-09 1.5289668127076e-09 1.990669045977e-09 2.4948774878291e-09 2.9843209660198e-09 3.3874356213979e-09 3.6727607025854e-09 3.8354569501374e-09 3.7734723032199e-09 3.3384650276421e-09 2.3532815112379e-09 1.741584679662e-09 1.0651725319403e-09 6.1350387931605e-10 3.4417338095229e-10 1.9240658010313e-10 1.0848021928604e-10 6.1740394582805e-11 3.4862645279203e-11 1.8484278916366e-11 7.6662068738163e-12 -1.5131881652063e-13 -6.2753334185356e-12 -1.1320348821996e-11 -1.5491121475725e-11 -1.8779508292538e-11 -2.1046848259447e-11 -2.2119436478853e-11
0 -3.3258597452666e-16 -8.077502483071e-15 -5.1524413705381e-14 -5.7221625288281e-14 1.0597930627755e-14 4.6348732179788e-14 1.8321643998013e-14 1.6710136193763e-13 4.3422227364805e-13 1.0210978685835e-12 2.3739537644398e-12 4.9278420636516e-12 9.7810519145374e-12 1.8255770183396e-11 3.2574423188813e-11 5.5430889059958e-11 9.0690214072255e-11 1.4261436008475e-10 2.1663193503508e-10 3.1812888274025e-10 4.5282914379015e-10 6.253054191995e-10 8.3788783263186e-10 1.0881000523398e-09 1.3644981355669e-09 1.6416121951687e-09 1.8800818690995e-09 2.0468674620386e-09 2.1406836735208e-09 2.158153330061e-09 2.0416645651892e-09 1.741584679662e-09 1.3293201040375e-09 8.7798500919236e-10 5.3781969916156e-10 3.1214458060376e-10 1.7662787241745e-10 9.899811955424e-11 5.4900833757317e-11 2.9244714743947e-11 1.3480044841075e-11 3.0456597209664e-12 -4.3881271990707e-12 -9.9833084256575e-12 -1.4324172882958e-11 -1.7682991989584e-11 -2.0124513327015e-11 -2.1623871303957e-11 -2.2079357855559e-11
0 6.5190415489225e-17 2.8517657194224e-15 4.2864275870549e-14 4.9020886777241e-14 1.0363117460471e-14 -2.7734941407362e-14 4.6776097221052e-14 6.7269880706184e-14 1.8252325420598e-13 5.1554106647384e-13 1.1452038279364e-12 2.5406806805804e-12 5.1342544089275e-12 9.9209544483916e-12 1.797760395116e-11 3.1099681644262e-11 5.1150120406609e-11 8.0709422918604e-11 1.2233507695242e-10 1.7899200451169e-10 2.5336123061595e-10 3.476672831397e-10 4.6292312781219e-10 5.9790652954473e-10 7.4750085332757e-10 9.0031947029183e-10 1.0371991654761e-09 1.136483404846e-09 1.1890877783918e-09 1.2020568964848e-09 1.1702077196512e-09 1.0651725319403e-09 8.7798500919236e-10 6.531247345484e-10 4.2938861915188e-10 2.635818151153e-10 1.5391014741185e-10 8.6989160969972e-11 4.7235404832858e-11 2.3348081647074e-11 8.3943577205813e-12 -1.556290585137e-12 -8.5743617713448e-12 -1.367389344524e-11 -1.7366669827628e-11 -1.9930066859305e-11 -2.1505546765338e-11 -2.2146343371254e-11 -2.1849074874735e-11
0 -5.33191408321e-16 -6.9878664339e-15 -3.1468987772837e-14 -2.5885525212197e-14 -1.5602099193206e-14 2.6075035544118e-14 -8.569093531387e-15 1.7379889350339e-14 8.3417620429012e-14 2.0695054806799e-13 5.8934023007414e-13 1.3447044816775e-12 2.9550690828118e-12 5.8126050449881e-12 1.0813653888525e-11 1.8722064104871e-11 3.0793642955619e-11 4.8168000983029e-11 7.2260784435191e-11 1.0442525946947e-10 1.4591822154831e-10 1.9771562720947e-10 2.6021311119251e-10 3.3275497783232e-10 4.129558674642e-10 4.9559517294337e-10 5.7176294125359e-10 6.2969531707102e-10 6.6077233300624e-10 6.6658268081319e-10 6.5263262903366e-10 6.1350387931605e-10 5.3781969916156e-10 4.2938861915188e-10 7.7592533589942e-10 2.0393449010396e-10 1.2455056419673e-10 7.1649856790085e-11 3.8256692230366e-11 1.7121066419159e-11 3.3578269609406e-12 -5.9579612661205e-12 -1.2488401626164e-11 -1.7092828460459e-11 -2.0199483665999e-11 -2.2044714181821e-11 -2.2789843505218e-11 -2.2566158399277e-11 -2.143981514436e-11
0 2.6040663784681e-17 1.5069922299211e-15 1.5960419516073e-14 9.0944497705528e-16 1.6564790515082e-14 -1.292220286451e-14 -1.0348329948575e-15 7.8282809095383e-15 2.9557648994448e-14 1.4475407508807e-13 3.9049998031095e-13 1.0153644478715e-12 2.1462894146165e-12 4.2779030597981e-12 7.6847287056126e-12 1.3031474851687e-11 2.0780283874482e-11 3.1605810889872e-11 4.6122619826315e-11 6.488330575089e-11 8.8435750499561e-11 1.1712995429513e-10 1.510871303945e-10 1.8996925536294e-10 2.3258627597446e-10 2.7657138340912e-10 3.1778227848973e-10 3.5037155280496e-10 3.6873671462617e-10 3.7153666004267e-10 3.6264618146753e-10 3.4417338095229e-10 3.1214458060376e-10 2.635818151153e-10 2.0393449010396e-10 -5.3815969051257e-10 9.2461894182071e-11 5.4081133180588e-11 2.7840005305113e-11 1.0340986894237e-11 -1.6600179203005e-12 -1.0083232316624e-11 -1.6011568480951e-11 -2.0074789382668e-11 -2.2615114888676e-11 -2.3817129038683e-11 -2.381991052221e-11 -2.2774252016345e-11 -2.0818213229582e-11
0 -1.1095932950072e-16 -1.3707008007146e-15 3.8881750411594e-16 2.5505218119665e-14 -1.1394856884455e-14 -2.0132404780008e-15 8.9991316722572e-15 1.2440135961612e-14 6.4930982158601e-14 1.8361324601966e-13 4.9907664343526e-13 1.0623129961921e-12 2.1696053850943e-12 3.8968474577941e-12 6.6372989408645e-12 1.0542279210238e-11 1.5964975672632e-11 2.3153902842232e-11 3.23245038845e-11 4.3719144037887e-11 5.7455545467247e-11 7.3660395335471e-11 9.2320882805443e-11 1.1319192700508e-10 1.3573848825547e-10 1.5880593803374e-10 1.804920963747e-10 1.9801758853639e-10 2.082405703834e-10 2.0956441958171e-10 2.0338958297853e-10 1.9240658010313e-10 1.7662787241745e-10 1.5391014741185e-10 1.2455056419673e-10 9.2461894182071e-11 3.3614407812129e-10 3.6518948271034e-11 1.7003456379089e-11 3.1080607762523e-12 -6.7191791181508e-12 -1.3897801406904e-11 -1.9058181652565e-11 -2.2512864080521e-11 -2.4468597830127e-11 -2.5062305940643e-11 -2.4409731423947e-11 -2.2633164134751e-11 -1.9892266360496e-11
0 -1.257375437064e-16 6.4799016249356e-16 -1.2221562507683e-14 -4.2109760599367e-14 6.4481095965176e-15 1.4157750355532e-14 3.991949479572e-15 4.7959289731703e-14 1.1953184191666e-13 3.1071940868048e-13 6.4797357697671e-13 1.3138261002673e-12 2.3244966888087e-12 3.9351316302542e-12 6.1731585316702e-12 9.2515858109873e-12 1.3251599433912e-11 1.8264607426782e-11 2.438019028876e-11 3.1608386348138e-11 4.0004412373919e-11 4.9523309861029e-11 6.0089383404634e-11 7.1545612474932e-11 8.3547576556051e-11 9.5549598908803e-11 1.0663002986638e-10 1.1545789111273e-10 1.2049541312523e-10 1.2058245301601e-10 1.1604385751897e-10 1.0848021928604e-10 9.899811955424e-11 8.6989160969972e-11 7.1649856790085e-11 5.4081133180588e-11 3.6518948271034e-11 -3.0032333394935e-10 6.9080712873269e-12 -3.8254980031518e-12 -1.1707243461519e-11 -1.7407825662302e-11 -2.156722701249e-11 -2.4313291189447e-11 -2.5653213466713e-11 -2.5647370958415e-11 -2.4387933512979e-11 -2.1975103862785e-11 -1.8540672717017e-11
0 5.390039719446e-16 3.6256141193777e-15 2.1216548772003e-14 4.7072557102799e-14 -3.5131021567943e-15 -6.6364330761988e-15 3.3297495795012e-14 6.1892279667961e-14 1.8299231590031e-13 3.7957179266321e-13 7.8263316102232e-13 1.387291446802e-12 2.3648651370839e-12 3.7100190767695e-12 5.5687597164438e-12 7.9619435278641e-12 1.0944698600105e-11 1.4544618959578e-11 1.876123387046e-11 2.3613555004332e-11 2.9055891185978e-11 3.5039975420525e-11 4.1438042851438e-11 4.8091254689417e-11 5.4749405169862e-11 6.1064107329088e-11 6.655050378655e-11 7.0569624474025e-11 7.2364149390036e-11 7.1358262878868e-11 6.7543851822781e-11 6.1740394582805e-11 5.4900833757317e-11 4.7235404832858e-11 3.8256692230366e-11 2.7840005305113e-11 1.7003456379089e-11 6.9080712873269e-12 -3.1488347422166e-10 -9.8600732209263e-12 -1.6088840853862e-11 -2.0552928515718e-11 -2.3553571643314e-11 -2.5415544709443e-11 -2.6081085300646e-11 -2.5474252778082e-11 -2.363336386736e-11 -2.0642937373476e-11 -1.6616211962594e-11
0 -1.3086852644253e-16 -4.0563799148466e-16 -2.2792892648484e-14 -4.1699027048709e-14 9.06800539947e-15 1.5541165471758e-14 1.5146601752971e-14 8.7712918718759e-14 1.7090176431261e-13 3.9191673430225e-13 7.0830071852313e-13 1.2492023184274e-12 1.998833176816e-12 3.0590613922698e-12 4.4445954610826e-12 6.1997373529095e-12 8.3432177781164e-12 1.0895337786023e-11 1.3873081803343e-11 1.726970902853e-11 2.1056593519837e-11 2.5151405105867e-11 2.9440230474468e-11 3.3718084916169e-11 3.7764949190248e-11 4.1278845532045e-11 4.394931099946e-11 4.5417656698502e-11 4.5337309714114e-11 4.3452299201285e-11 3.9814307518178e-11 3.4862645279203e-11 2.9244714743947e-11 2.3348081647074e-11 1.7121066419159e-11 1.0340986894237e-11 3.1080607762523e-12 -3.8254980031518e-12 -9.8600732209263e-12 -6.3049405653543e-10 -1.9528278482509e-11 -2.294672093037e-11 -2.5006013360878e-11 -2.585685468798e-11 -2.5708673087915e-11 -2.4470404379328e-11 -2.2061524119173e-11 -1.8531407685927e-11 -1.3981804132834e-11
