-0.002211918148468 -0.0010718096149585 0.00066748533083494 -0.00047461221115543 0.00037762959235148 -0.00031561640807976 0.00024922482653056 -0.00019188886832218 0.00016752924384512 -0.00016468155979618
-0.0010718096149585 -0.0051365972532988 -0.0008680890237553 0.00060407437641831 -0.00044680563662068 0.00036769439373412 -0.00033092804350069 0.00029304568416118 -0.0002447136396466 0.00019669329843535
0.00066748533083494 -0.0008680890237553 -0.0060872505277021 -0.00026249204711466 0.00039358401628541 -0.00037054792203102 0.00038944777953688 -0.00036548381389144 0.00028594733001392 -0.0002289145068389
-0.00047461221115543 0.00060407437641831 -0.00026249204711466 -0.0054493760464413 0.00047680038133693 6.2303051869267e-05 -0.00017522630528421 0.00025224947172753 -0.0002702890655008 0.00022812133360784
0.00037762959235148 -0.00044680563662068 0.00039358401628541 0.00047680038133693 -0.0040926406217706 0.00094915779080924 -0.00039669254109592 0.00011026338793793 6.4749200169009e-05 -0.00016751838064289
-0.00031561640807976 0.00036769439373412 -0.00037054792203102 6.2303051869267e-05 0.00094915779080924 -0.0030940967140505 0.00094373701679016 -0.00066620580640497 0.00030181429003637 -0.00012118099251715
0.00024922482653056 -0.00033092804350069 0.00038944777953689 -0.00017522630528421 -0.00039669254109592 0.00094373701679016 -0.0026639494366961 0.00059067566777627 -0.00065045512066978 0.00036493008302495
-0.00019188886832218 0.00029304568416118 -0.00036548381389144 0.00025224947172753 0.00011026338793793 -0.00066620580640497 0.00059067566777627 -0.0025694867013325 0.00029702256301776 -0.00043566329325391
0.00016752924384512 -0.0002447136396466 0.00028594733001392 -0.0002702890655008 6.474920016901e-05 0.00030181429003637 -0.00065045512066978 0.00029702256301776 -0.0024177650268174 0.00026298907227181
-0.00016468155979618 0.00019669329843535 -0.0002289145068389 0.00022812133360784 -0.00016751838064289 -0.00012118099251715 0.00036493008302495 -0.00043566329325391 0.00026298907227181 -0.0020281851201421
