0.0059581110400913 0.00015783297241149 0.00043867025913637 -0.0007637127015823 0.00099426869758318 -0.0011739245522892 0.0013214914084664 -0.0014475588357061 0.0015587523316572 -0.0016587298251926
0.00015783297241149 0.0066336657326805 -0.00074360120386408 0.00092006764504913 -0.0010587181180959 0.0011805678927499 -0.001287023074204 0.001381202412189 -0.0014658726955923 0.0015430348094526
0.00043867025913637 -0.00074360120386408 0.0066061113519232 -0.0013819727381458 0.0013891143558799 -0.0014558048430814 0.0015400585667939 -0.0016253291752578 0.0017059363451972 -0.0017828511377989
-0.0007637127015823 0.00092006764504913 -0.0013819727381458 0.0062733109778818 -0.0018948198601076 0.0017963772686327 -0.0018159933662594 0.0018733669122601 -0.001943395364415 0.0020133743265005
0.00099426869758318 -0.0010587181180959 0.0013891143558799 -0.0018948198601076 0.005868038109893 -0.0023056143596898 0.0021522206810251 -0.0021427928664896 0.0021807287582189 -0.0022397473857276
-0.0011739245522892 0.0011805678927499 -0.0014558048430814 0.0017963772686327 -0.0023056143596898 0.0055005876224542 -0.0026381714530435 0.0024647162250383 -0.0024403487072765 0.0024646039129263
0.0013214914084664 -0.001287023074204 0.0015400585667939 -0.0018159933662594 0.0021522206810251 -0.0026381714530435 0.0052090544667585 -0.0029131657649773 0.0027412939523645 -0.002712626092878
-0.0014475588357061 0.001381202412189 -0.0016253291752578 0.0018733669122601 -0.0021427928664896 0.0024647162250383 -0.0029131657649773 0.0049986969111628 -0.0031476508514038 0.0029889370123212
0.0015587523316572 -0.0014658726955923 0.0017059363451972 -0.001943395364415 0.0021807287582189 -0.0024403487072765 0.0027412939523645 -0.0031476508514038 0.0048609531223395 -0.0033549601062006
-0.0016587298251926 0.0015430348094526 -0.0017828511377989 0.0020133743265005 -0.0022397473857276 0.0024646039129263 -0.002712626092878 0.0029889370123212 -0.0033549601062006 0.0047829042785389
