0.0053180355194671 0.0012788660529349 -0.00084133124341166 0.00065126071366646 -0.000535848183944 0.00045703387016499 -0.00039940508868298 0.00035475866854731 -0.00031858368738063 0.00028854099654012
0.0012788660529349 0.0053308220779468 0.00027614898121005 -0.00026297109062826 0.00024178755515513 -0.000218237455689 0.00019725370482714 -0.00017947209885208 0.00016431482190264 -0.00015072984636738
-0.00084133124341166 0.00027614898121005 0.0047337023896412 -7.753153632678e-05 -6.2957561945443e-05 0.00010640281626455 -0.00011691767291897 0.00011667548786511 -0.00011271417401214 0.0001073721407832
0.00065126071366646 -0.00026297109062826 -7.753153632678e-05 0.0040694477284097 -0.00029110108457219 7.443639664044e-05 6.8608665362637e-06 -4.0099900724437e-05 5.4210194538291e-05 -6.0252797280755e-05
-0.000535848183944 0.00024178755515513 -6.2957561945443e-05 -0.00029110108457219 0.0034570084251255 -0.00041963072284063 0.0001719694963676 -7.044459079675e-05 2.2218487965063e-05 1.8327996648341e-06
0.00045703387016499 -0.000218237455689 0.00010640281626455 7.443639664044e-05 -0.00041963072284063 0.0029343461915329 -0.00049102778251862 0.00023947969788788 -0.00013009367593004 7.2685495529302e-05
-0.00039940508868298 0.00019725370482714 -0.00011691767291897 6.8608665362637e-06 0.0001719694963676 -0.00049102778251862 0.0025046563004474 -0.00052489974939134 0.0002841349314125 -0.00017545188782459
0.00035475866854731 -0.00017947209885208 0.00011667548786511 -4.0099900724437e-05 -7.044459079675e-05 0.00023947969788788 -0.00052489974939134 0.0021571671367179 -0.00053554259660639 0.00031186973147581
-0.00031858368738063 0.00016431482190264 -0.00011271417401214 5.4210194538291e-05 2.2218487965063e-05 -0.00013009367593004 0.0002841349314125 -0.00053554259660639 0.0018771832051907 -0.00053287780466335
0.00028854099654012 -0.00015072984636738 0.0001073721407832 -6.0252797280755e-05 1.8327996648341e-06 7.2685495529302e-05 -0.00017545188782459 0.00031186973147581 -0.00053287780466335 0.0016507333036759
