0.0022898055112644 -0.0004684800464369 0.0010119613490407 -0.0013422016732085 0.0014649813919227 -0.0016804703372307 0.0016976741672544 -0.0018973789460525 0.001851427741717 -0.0020658243387385
-0.0004684800464369 0.0066842940049898 -0.0015155459408599 0.001814551391463 -0.0022898957835006 0.0023104119288033 -0.0027461799424353 0.0026300993950972 -0.0030928647180865 0.0028611188189624
0.0010119613490407 -0.0015155459408599 0.0081401778686767 -0.0027806586677236 0.0028102515183816 -0.0033015335810271 0.0032131524999083 -0.0037283611669209 0.0035209876823534 -0.0040896865626192
-0.0013422016732085 0.001814551391463 -0.0027806586677236 0.0085471798519387 -0.0037864957156653 0.003670393702261 -0.0040750713852352 0.0039931813388818 -0.0044417042049507 0.0042938828788652
0.0014649813919227 -0.0022898957835006 0.0028102515183816 -0.0037864957156653 0.0085388487749467 -0.00461619456372 0.0043575041355084 -0.0047556984233549 0.0046042646731579 -0.0050846020447809
-0.0016804703372307 0.0023104119288033 -0.0033015335810271 0.003670393702261 -0.00461619456372 0.0084933618856938 -0.0052969540196334 0.0050581573415314 -0.0053359134924885 0.0052721776779342
0.0016976741672544 -0.0027461799424353 0.0032131524999083 -0.0040750713852352 0.0043575041355084 -0.0052969540196334 0.0083667237971825 -0.0058788251086166 0.0055807603124219 -0.0058843055747713
-0.0018973789460525 0.0026300993950972 -0.0037283611669209 0.0039931813388818 -0.0047556984233549 0.0050581573415314 -0.0058788251086166 0.0084120193202988 -0.0063740209729122 0.0061926279606265
0.001851427741717 -0.0030928647180865 0.0035209876823534 -0.0044417042049507 0.0046042646731579 -0.0053359134924885 0.0055807603124219 -0.0063740209729122 0.0083832385051896 -0.0068233055980395
-0.0020658243387385 0.0028611188189624 -0.0040896865626192 0.0042938828788652 -0.0050846020447809 0.0052721776779342 -0.0058843055747713 0.0061926279606265 -0.0068233055980395 0.0085822239755559
