-0.0050455025870204 -0.0016784685513713 0.0012213524394288 -0.0010314784706242 0.00094040919600466 -0.00091863648701335 0.00085862521158778 -0.00040265238227079 0.0014261182327856 -0.0030432600497519
-0.0016784685513713 -0.0056886615887154 -0.00072933634866057 0.00069749698466171 -0.00065489589791725 0.00054811656925175 -8.1179835728337e-05 0.002495330106285 -0.0014690541711952 -0.0067625160766056
0.0012213524394288 -0.00072933634866057 -0.005370213698614 -0.00053465849708608 0.00057137012246735 -9.005750824808e-05 0.0026091888272926 5.9488272679134e-05 -0.0051109563691418 -0.0048871432349499
-0.0010314784706242 0.00069749698466171 -0.00053465849708609 -0.0050816624037713 -6.1726753275186e-05 0.0026433602794469 0.00075023276477084 -0.0034031935716286 -0.0045508752355818 0.0026550796642649
0.00094040919600466 -0.00065489589791725 0.00057137012246735 -6.1726753275186e-05 -0.0029996316800115 0.00080056621372334 -0.0020275381084183 -0.0035412171263111 0.0019118532394817 -0.0013723044022862
-0.00091863648701335 0.00054811656925175 -9.005750824808e-05 0.0026433602794469 0.00080056621372334 -0.0077918171944888 -0.0035516987834766 0.0027191066789387 -0.00086598491791847 0.00016071202767398
0.00085862521158778 -8.1179835728336e-05 0.0026091888272926 0.00075023276477084 -0.0020275381084183 -0.0035516987834766 -0.0046390528332855 -0.0017198393023282 0.0021500266889154 0.0014176888623534
-0.00040265238227079 0.002495330106285 5.9488272679135e-05 -0.0034031935716286 -0.0035412171263111 0.0027191066789387 -0.0017198393023282 -0.0074886737325977 -0.00015734852688176 0.0027545397629608
0.0014261182327856 -0.0014690541711952 -0.0051109563691418 -0.0045508752355818 0.0019118532394817 -0.00086598491791847 0.0021500266889154 -0.00015734852688176 -0.010593509325222 -0.0023769521960724
-0.0030432600497519 -0.0067625160766056 -0.0048871432349499 0.0026550796642649 -0.0013723044022862 0.00016071202767398 0.0014176888623534 0.0027545397629608 -0.0023769521960724 -0.013337647044051
