-0.002336324985165 -0.0028597675912653 0.0026141733392735 -0.0026323032245546 0.0026366594672888 -0.0028032670830686 0.0026722104518587 -0.0033183862215801 0.0021419982676733 -0.0022212104097675
-0.0028597675912653 -0.0042094445331665 -0.0025020122474744 0.0024307040910981 -0.0026985454587046 0.0024053209002739 -0.0034373335272331 0.0012658726289447 -0.0039426481398412 0.0089374677212056
0.0026141733392735 -0.0025020122474744 -0.0039938542945397 -0.0028271059097033 0.0025772376880342 -0.0035537987386349 0.0016859456307691 -0.0043857273097828 0.0070989103227626 0.0056018734980527
-0.0026323032245546 0.0024307040910981 -0.0028271059097033 -0.0035466317335351 -0.0036023079409158 0.0019725344911664 -0.004366218669157 0.0061239367887953 0.0030638686669339 0.0058301677958257
0.0026366594672888 -0.0026985454587046 0.0025772376880342 -0.0036023079409158 -0.0038967017983295 -0.0045759802075319 0.0057456873387292 0.0018546010042503 0.0056063542723965 -0.0050182173594403
-0.0028032670830686 0.0024053209002739 -0.0035537987386349 0.0019725344911664 -0.0045759802075319 -0.00066921022397795 0.00035970712549989 0.0055198710054101 -0.0045022694334019 0.0071625663957986
0.0026722104518587 -0.0034373335272331 0.0016859456307691 -0.004366218669157 0.0057456873387292 0.00035970712549989 -0.0018680461591987 -0.0061701242731996 0.0075733053519001 -0.002599734384648
-0.0033183862215801 0.0012658726289447 -0.0043857273097828 0.0061239367887953 0.0018546010042503 0.0055198710054101 -0.0061701242731996 -0.0024219056018083 -0.0062669162838509 0.0066342217373277
0.0021419982676733 -0.0039426481398412 0.0070989103227626 0.0030638686669339 0.0056063542723965 -0.0045022694334019 0.0075733053519001 -0.0062669162838509 -0.0076000475124928 -0.007781820599901
-0.0022212104097675 0.0089374677212056 0.0056018734980527 0.0058301677958257 -0.0050182173594403 0.0071625663957986 -0.002599734384648 0.0066342217373277 -0.007781820599901 -0.016602677543192
