-0.0046614181994491 -0.0015052392310866 0.0010870284500323 -0.00099105579674597 0.00090795049233139 -0.00084442489384235 0.00080486703720647 -0.00084665205337032 0.0008476646756079 -0.00077727975786242
-0.0015052392310866 -0.0049275672341312 -0.00064532989763181 0.00044069752553923 -0.0005532377776962 0.00057543698164627 -0.00071699949893445 0.00050982131210633 -0.00046195097935459 0.00078065553619684
0.0010870284500323 -0.00064532989763181 -0.004333667013074 -0.00040946776224336 0.00024172886253136 -0.00067048912840262 0.00033577613392844 -0.00061852926247645 0.00080639742086899 -0.00031025992988297
-0.00099105579674597 0.00044069752553923 -0.00040946776224336 -0.0035276764803208 -0.0005343524623539 -0.00017486282425343 -0.00066194428028901 0.00057892314412645 -0.00035440383049423 0.0010404073036758
0.00090795049233139 -0.0005532377776962 0.00024172886253136 -0.0005343524623539 -0.003032111632912 -0.00061518564921543 -6.3282883735749e-05 -0.00040255435996561 0.00084869932895806 -0.00022472488622355
-0.00084442489384235 0.00057543698164627 -0.00067048912840262 -0.00017486282425343 -0.00061518564921543 -0.0021214922165932 -0.00044599708973822 0.00015205161047303 -0.00023707952354007 0.00081583364096748
0.00080486703720647 -0.00071699949893445 0.00033577613392844 -0.00066194428028901 -6.3282883735749e-05 -0.00044599708973822 -0.0012195325542017 -0.00036000057088942 9.4226286423157e-05 -0.00037384363043791
-0.00084665205337032 0.00050982131210633 -0.00061852926247645 0.00057892314412645 -0.00040255435996561 0.00015205161047303 -0.00036000057088942 -0.00070748539538811 -0.00059843021918149 8.6728509802967e-05
0.0008476646756079 -0.00046195097935459 0.00080639742086899 -0.00035440383049423 0.00084869932895806 -0.00023707952354007 9.4226286423157e-05 -0.00059843021918149 -0.00025179972816597 -0.00088123279704482
-0.00077727975786242 0.00078065553619684 -0.00031025992988297 0.0010404073036758 -0.00022472488622355 0.00081583364096748 -0.00037384363043791 8.6728509802967e-05 -0.00088123279704482 -7.3705345474958e-05
