0.005011020383046 0.0011897268949389 -0.00077050069469591 0.00063509887398615 -0.00051200168066416 0.00041477614783898 -0.0003744984316739 0.00037416642614054 -0.00031188424531197 0.0002471316253708
0.0011897268949389 0.0048342692098596 0.0002737168957228 -9.3960984545993e-05 0.00019312094458714 -0.00026202873424404 0.0002394185687354 -1.2411109000237e-05 0.00013193049594491 -0.0002771336136231
-0.00077050069469591 0.0002737168957228 0.0041947223480121 -7.8640763149289e-06 6.9362289719165e-05 7.9942555915138e-05 9.9404451390936e-05 0.00030325539589576 -8.9949338681586e-05 -0.00012006606880332
0.00063509887398615 -9.3960984545993e-05 -7.8640763149289e-06 0.0033399533139326 -0.00014342775414407 0.0005360643180241 0.00025986536645219 0.00020103504712615 6.4331835936237e-05 -0.0003014089621435
-0.00051200168066416 0.00019312094458714 6.9362289719165e-05 -0.00014342775414407 0.0029113109205391 0.00013522408755048 0.00080767789593524 0.00012552479289178 5.0491691921218e-05 -0.00033720135161611
0.00041477614783898 -0.00026202873424404 7.9942555915138e-05 0.0005360643180241 0.00013522408755048 0.0024522148172106 0.00014278355865697 0.00077069918934218 -0.00025548555761194 -0.00012754620993129
-0.0003744984316739 0.0002394185687354 9.9404451390936e-05 0.00025986536645219 0.00080767789593524 0.00014278355865697 0.0018092945106242 -0.00012123671447416 0.00061592395028226 -0.00035528543587874
0.00037416642614054 -1.2411109000237e-05 0.00030325539589576 0.00020103504712615 0.00012552479289178 0.00077069918934218 -0.00012123671447416 0.0011409241813436 -0.00011789670422438 0.00056019080240496
-0.00031188424531197 0.00013193049594491 -8.9949338681586e-05 6.4331835936237e-05 5.0491691921218e-05 -0.00025548555761194 0.00061592395028226 -0.00011789670422438 0.00066871430908803 -0.00015769252359991
0.0002471316253708 -0.0002771336136231 -0.00012006606880332 -0.0003014089621435 -0.00033720135161611 -0.00012754620993129 -0.00035528543587874 0.00056019080240496 -0.00015769252359991 0.00069194457456787
