-0.0062530568146338 -0.0016581661942562 0.0015122700346344 -0.0013101448365246 0.0011754940020784 -0.0010909324344199 0.0010303122341584 -0.0010150489986531 0.00092774794167868 -0.00071664908655653
-0.0016581661942562 -0.0066089083294429 -0.00030425163050883 0.00086068363969975 -0.00083169884537554 0.00078749268940132 -0.00079857150800604 0.0006324099443504 -0.0005992510482593 0.0023609414899578
0.0015122700346344 -0.00030425163050883 -0.0063180481872804 0.00015490469075144 0.00075888865788877 -0.00078809351171622 0.00062493506236133 -0.00076992645716397 0.0022543223240928 0.0017195029809632
-0.0013101448365246 0.00086068363969975 0.00015490469075144 -0.005920283631018 0.00038228626363761 0.00063040988819912 -0.00080658526935226 0.0019848278780669 0.0018117464020904 -0.00072812951723504
0.0011754940020784 -0.00083169884537554 0.00075888865788877 0.00038228626363761 -0.0057249413773278 0.00038371429194142 0.0019031727438242 0.0017741169974799 3.6221343319803e-05 -0.005843347822626
-0.0010909324344199 0.00078749268940132 -0.00078809351171622 0.00063040988819911 0.00038371429194142 -0.0044825332443155 0.0028222131490827 0.00069259486461292 -0.0048315449668987 0.00059496544711252
0.0010303122341584 -0.00079857150800604 0.00062493506236133 -0.00080658526935227 0.0019031727438242 0.0028222131490828 -0.0058974134175555 -0.0034738851104959 0.00138160669861 0.00093006638339693
-0.0010150489986531 0.0006324099443504 -0.00076992645716398 0.0019848278780669 0.0017741169974799 0.00069259486461292 -0.0034738851104959 -0.0061837160822311 0.0015257689941943 -8.7947480470584e-05
0.00092774794167868 -0.0005992510482593 0.0022543223240928 0.0018117464020904 3.6221343319803e-05 -0.0048315449668987 0.00138160669861 0.0015257689941943 -0.0092984630719352 0.00086518080951353
-0.00071664908655653 0.0023609414899578 0.0017195029809632 -0.00072812951723504 -0.005843347822626 0.00059496544711252 0.00093006638339693 -8.7947480470587e-05 0.00086518080951353 -0.0081903754261411
