0.0024929771344098 -0.00094261205396397 0.0016198586004872 -0.002051702541601 0.0022584740646914 -0.0025468365417886 0.0026285511607209 -0.0028870281840597 0.0028945682074858 -0.0031591468997842
-0.00094261205396397 0.0077251079568038 -0.0028971837531884 0.0034348211660851 -0.0041049135047277 0.0042977546427229 -0.0048824947993629 0.0049066213311135 -0.0054922856483474 0.0053814122253436
0.0016198586004872 -0.0028971837531884 0.00989838334032 -0.0048760471153416 0.0051624133071695 -0.0058751862261719 0.0059841642392626 -0.0066783444397158 0.0066352289474617 -0.0073569525292094
-0.002051702541601 0.0034348211660851 -0.0048760471153416 0.010980071053847 -0.0065445174916082 0.00669313126758 -0.0073274522666348 0.007459667663015 -0.0080982984049179 0.0081346135087624
0.0022584740646914 -0.0041049135047277 0.0051624133071695 -0.0065445174916082 0.011612094925165 -0.0080055937553675 0.0080096585246925 -0.0086458425005887 0.0087117986099131 -0.0093960048455536
-0.0025468365417886 0.0042977546427229 -0.0058751862261719 0.00669313126758 -0.0080055937553675 0.012187857563395 -0.0092939777152762 0.009320568074791 -0.0098343741251117 0.0099973749325352
0.0026285511607209 -0.0048824947993629 0.0059841642392626 -0.0073274522666348 0.0080096585246925 -0.0092939777152762 0.012656621934325 -0.010465580161085 0.010426373094442 -0.010971944579248
-0.0028870281840597 0.0049066213311135 -0.0066783444397158 0.007459667663015 -0.0086458425005887 0.009320568074791 -0.010465580161085 0.013289078592861 -0.011534863788692 0.011615373199369
0.0028945682074858 -0.0054922856483474 0.0066352289474617 -0.0080982984049179 0.0087117986099131 -0.0098343741251117 0.010426373094442 -0.011534863788692 0.013823560605455 -0.012546155539802
-0.0031591468997842 0.0053814122253436 -0.0073569525292094 0.0081346135087624 -0.0093960048455536 0.0099973749325352 -0.010971944579248 0.011615373199369 -0.012546155539802 0.014585761476235
