0.015944331554781 0.0035842811163848 -0.0031659963588468 0.002363759384582 -0.0012931736675309 0.0009375741178271 -0.0052143482489189 0.0074348441492969 0.0044008091496113 -0.017085322205001
0.0035842811163848 0.016747429514553 0.00017591856044923 -0.00097237581039231 0.0021976982656221 -0.008634900778678 -0.0020022925167221 0.02153712458026 -0.001899551899755 -0.028066084595574
-0.0031659963588468 0.00017591856044922 0.018103829536703 0.00075478999124279 -0.009250643011574 -0.0071725786728269 0.014553836211953 0.010144076800217 -0.0090532441761699 -0.0017992987759144
0.002363759384582 -0.00097237581039231 0.00075478999124279 0.011372929424072 -0.01114956299831 0.0078164242953792 0.0089142249005134 -0.0044996168478366 0.0077248755748176 -0.0083491858362774
-0.0012931736675309 0.0021976982656221 -0.009250643011574 -0.01114956299831 0.029611759950814 0.0044600991971584 -0.0088044816162547 0.0084168962234782 -0.0041985440521042 0.0042928293530041
0.0009375741178271 -0.008634900778678 -0.0071725786728269 0.0078164242953792 0.0044600991971584 0.018902737900389 0.0037952869582119 -0.011036695361854 0.0073001627442116 0.0088546851383014
-0.0052143482489189 -0.0020022925167221 0.014553836211953 0.0089142249005134 -0.0088044816162547 0.0037952869582119 0.023616149062031 0.0018616166251689 0.00078389754038371 -0.0064027320419054
0.0074348441492969 0.02153712458026 0.010144076800217 -0.0044996168478366 0.0084168962234782 -0.011036695361854 0.0018616166251689 0.044391155614061 -0.014401972683049 -0.034163777362292
0.0044008091496113 -0.001899551899755 -0.0090532441761699 0.0077248755748176 -0.0041985440521042 0.0073001627442116 0.00078389754038371 -0.014401972683049 0.01543886669818 -0.0086324511648999
-0.017085322205001 -0.028066084595574 -0.0017992987759144 -0.0083491858362774 0.0042928293530041 0.0088546851383014 -0.0064027320419054 -0.034163777362292 -0.0086324511648999 0.067043389348138
