0.00062630849146693 0.00049375193420667 -0.0003305113166885 0.00020702422571079 -0.00018403525949755 0.00012597299540178 -0.00013663851643027 6.0941682216572e-05 -9.6435810150789e-05 3.7083942195994e-05
0.00049375193420667 0.0039670430507721 0.00085036249168108 -0.00066189456039449 0.00034949414474816 -0.00043393182369014 0.00017180172921815 -0.00038062202294143 5.4461386952342e-05 -0.00034480865631554
-0.0003305113166885 0.00085036249168108 0.0057164845865327 0.00047316273144406 -0.00060798458178308 0.00026686959389193 -0.00053461963549573 0.00017987186152362 -0.00051766214553093 7.4204207859608e-06
0.00020702422571079 -0.00066189456039449 0.00047316273144406 0.0057239530090911 -0.00027804101214815 -0.00033877364275717 0.00014125838092052 -0.00051076561025647 0.00011767419997699 -0.00045045680060506
-0.00018403525949755 0.00034949414474815 -0.00060798458178308 -0.00027804101214815 0.0045765650287447 -0.00086123636026506 8.7335891924531e-05 -0.0001373415045597 -0.00028668635821323 8.1225288003871e-05
0.00012597299540178 -0.00043393182369014 0.00026686959389193 -0.00033877364275717 -0.00086123636026506 0.0033387124924399 -0.0011147465449026 0.00048471041709949 -0.00033570554859375 -2.4495749855095e-05
-0.00013663851643027 0.00017180172921815 -0.00053461963549573 0.00014125838092052 8.7335891924531e-05 -0.0011147465449026 0.0026362684782007 -0.00087297711955256 0.00062542276924433 -0.00041331016160222
6.0941682216572e-05 -0.00038062202294143 0.00017987186152362 -0.00051076561025647 -0.0001373415045597 0.00048471041709949 -0.00087297711955256 0.0024472196898541 -0.00047851946282961 0.00048612238144358
-9.6435810150789e-05 5.4461386952343e-05 -0.00051766214553093 0.00011767419997699 -0.00028668635821323 -0.00033570554859375 0.00062542276924433 -0.00047851946282961 0.0023898698663794 -0.00032372070295229
3.7083942195994e-05 -0.00034480865631554 7.4204207859608e-06 -0.00045045680060506 8.1225288003871e-05 -2.4495749855095e-05 -0.00041331016160222 0.00048612238144358 -0.00032372070295229 0.0020711510591323
