0.0069941264135596 -0.00084357024678881 0.0015841191597872 -0.0020416537579268 0.0023910383301476 -0.0026782390747753 0.0029242710015371 -0.003141475591745 0.0033377919588015 -0.0035177664976667
-0.00084357024678881 0.0075413011609853 -0.0018164813021949 0.0021182112551263 -0.0023688146737188 0.0025920209851007 -0.002791355645277 0.0029714407944148 -0.0031361154520513 0.0032884420038309
0.0015841191597872 -0.0018164813021949 0.0078085852178937 -0.0027535443424717 0.0028901169155772 -0.0030734639704075 0.0032645340926117 -0.0034484691854634 0.0036210576155889 -0.0037841603276979
-0.0020416537579268 0.0021182112551263 -0.0027535443424717 0.0077819880379202 -0.0035692582552323 0.0036023622327441 -0.0037415080637078 0.00390940903302 -0.0040822811560651 0.0042488697691415
0.0023910383301476 -0.0023688146737188 0.0028901169155772 -0.0035692582552323 0.0076806048283945 -0.0042787763407166 0.0042574980587329 -0.0043690799727207 0.004519962421855 -0.0046848921797116
-0.0026782390747753 0.0025920209851007 -0.0030734639704075 0.0036023622327441 -0.0042787763407166 0.0076117756661771 -0.0049045485096223 0.0048630567604749 -0.0049605919762621 0.0050994127509212
0.0029242710015371 -0.002791355645277 0.0032645340926117 -0.0037415080637078 0.0042574980587329 -0.0049045485096223 0.0076131297683928 -0.0054676606294307 0.0054272621924026 -0.0055205878460383
-0.003141475591745 0.0029714407944148 -0.0034484691854634 0.00390940903302 -0.0043690799727207 0.0048630567604749 -0.0054676606294307 0.0076904668836908 -0.0059853715109783 0.0059572350794342
0.0033377919588015 -0.0031361154520513 0.0036210576155889 -0.0040822811560651 0.004519962421855 -0.0049605919762621 0.0054272621924026 -0.0059853715109783 0.0078351802565913 -0.0064714157857122
-0.0035177664976667 0.0032884420038309 -0.0037841603276979 0.0042488697691415 -0.0046848921797116 0.0050994127509212 -0.0055205878460383 0.0059572350794342 -0.0064714157857122 0.0080349752368242
