-0.0039462028176673 -0.0023188636350015 0.0019921913487284 -0.001920329257994 0.0019171767861334 -0.0019435510505232 0.0019846275868295 -0.0020328439309864 0.0020841633033937 -0.0021370234075234
-0.0023188636350015 -0.0046327513038039 -0.0012989292595397 0.0013667564146863 -0.0014340155406696 0.0014953676912994 -0.0015549127128777 0.0016133206190707 -0.0016706527671277 0.0017258073735209
0.0019921913487284 -0.0012989292595397 -0.003940237363038 -0.0011574060390715 0.0013899622979576 -0.001527877337731 0.001627747114401 -0.001712075753581 0.0017882113178274 -0.0018592033506767
-0.001920329257994 0.0013667564146863 -0.0011574060390715 -0.0030573588229052 -0.0011662784569463 0.0014881695566348 -0.0016697740196342 0.001796655988625 -0.0018992140844492 0.0019889127005009
0.0019171767861334 -0.0014340155406696 0.0013899622979576 -0.0011662784569463 -0.0021772021210432 -0.001264794850923 0.0016273865149182 -0.001833973091821 0.0019789656147873 -0.00209444432368
-0.0019435510505232 0.0014953676912994 -0.001527877337731 0.0014881695566348 -0.001264794850923 -0.0013719321756406 -0.00142415908312 0.00179583534302 -0.0020136142452023 0.002170214795287
0.0019846275868295 -0.0015549127128777 0.001627747114401 -0.0016697740196342 0.0016273865149182 -0.00142415908312 -0.00066032777895071 -0.0016234260269497 0.0019861598386841 -0.0022056797653715
-0.0020328439309864 0.0016133206190707 -0.001712075753581 0.001796655988625 -0.001833973091821 0.00179583534302 -0.0016234260269497 -3.785039159005e-05 -0.001847684826192 0.0021923250694386
0.0020841633033937 -0.0016706527671277 0.0017882113178274 -0.0018992140844492 0.0019789656147873 -0.0020136142452023 0.0019861598386841 -0.001847684826192 0.00050832680077409 -0.0020857116114367
-0.0021370234075234 0.0017258073735209 -0.0018592033506767 0.0019889127005009 -0.00209444432368 0.002170214795287 -0.0022056797653715 0.0021923250694386 -0.0020857116114367 0.00099209084316273
