0.0024635795008733 -0.00087312771895166 0.0015289864897562 -0.001944361714259 0.0021373709572146 -0.0024136441248301 0.0024845461102478 -0.002733085616697 0.0027315615183931 -0.0029876325394678
-0.00087312771895166 0.0075624232670045 -0.0026820732083785 0.0031800316405489 -0.0038170389868906 0.0039807164228687 -0.004539517789065 0.0045396814301445 -0.0051035487486555 0.0049719967081674
0.0015289864897562 -0.0026820732083785 0.0096168531426495 -0.0045411005442119 0.0047835707062068 -0.0054579945605857 0.0055327366611548 -0.0061955428854152 0.006123534804893 -0.006818020839632
-0.001944361714259 0.0031800316405489 -0.0045411005442119 0.010584008708907 -0.0060954324714525 0.0061983274755252 -0.006792137698629 0.0068870606937023 -0.0074915068654384 0.0074953366201034
0.0021373709572146 -0.0038170389868906 0.0047835707062068 -0.0060954324714525 0.011105023303097 -0.0074460763068644 0.0074039762790594 -0.0079979735009582 0.0080251394201247 -0.0086726055709472
-0.0024136441248301 0.0039807164228687 -0.0054579945605857 0.0061983274755252 -0.0074460763068644 0.011572154872344 -0.0086267372898898 0.0086064580244261 -0.0090774073395321 0.0091999137478443
0.0024845461102478 -0.004539517789065 0.0055327366611548 -0.006792137698629 0.0074039762790594 -0.0086267372898898 0.011934792014854 -0.0096923764167356 0.0096064007876931 -0.010108404595453
-0.002733085616697 0.0045396814301445 -0.0061955428854152 0.0068870606937023 -0.0079979735009582 0.0086064580244261 -0.0096923764167356 0.012461882798101 -0.010657494613977 0.010690898600482
0.0027315615183931 -0.0051035487486555 0.006123534804893 -0.0074915068654384 0.0080251394201247 -0.0090774073395321 0.0096064007876931 -0.010657494613977 0.012893606906053 -0.011565773926551
-0.0029876325394678 0.0049719967081674 -0.006818020839632 0.0074953366201034 -0.0086726055709472 0.0091999137478443 -0.010108404595453 0.010690898600482 -0.011565773926551 0.013552876909991
