-0.0026439154100996 -0.0026698009041957 0.0026831253066012 -0.0027354255029143 0.0027775770139994 -0.0028402287296936 0.0029027284450813 -0.0029745290719498 0.0030393606378119 -0.0031109145712432
-0.0026698009041957 -0.0043108125852423 -0.002104357415938 0.0025126311513081 -0.0027066300767757 0.0027776338526351 -0.0028745541774167 0.0029388904249982 -0.0030272765034155 0.0030847954836265
0.0026831253066012 -0.002104357415938 -0.0040422570100814 -0.0021079379248084 0.0027921488754161 -0.0030959066839094 0.0031967861383566 -0.0033355488333935 0.0034135316612556 -0.0035303704991655
-0.0027354255029143 0.0025126311513081 -0.0021079379248084 -0.0032629658746708 -0.0021874479609711 0.0030655729416795 -0.0034453285618579 0.0035684087559236 -0.0037418157657015 0.0038253193484683
0.0027775770139994 -0.0027066300767757 0.0027921488754161 -0.0021874479609711 -0.0023200812413761 -0.0023501608000951 0.0033428895646532 -0.0037685357476203 0.0039065960696441 -0.0041095251841726
-0.0028402287296937 0.0027776338526351 -0.0030959066839094 0.0030655729416795 -0.0023501608000951 -0.0013717561899119 -0.0025822136996338 0.003623107060554 -0.0040753458636041 0.0042210166567957
0.0029027284450813 -0.0028745541774167 0.0031967861383566 -0.0034453285618579 0.0033428895646532 -0.0025822136996338 -0.00048599673828001 -0.0028679740361884 0.0039083163845629 -0.0043739223688703
-0.0029745290719498 0.0029388904249982 -0.0033355488333935 0.0035684087559236 -0.0037685357476203 0.003623107060554 -0.0028679740361884 0.00031550615028721 -0.003194477151066 0.004197583894381
0.0030393606378119 -0.0030272765034155 0.0034135316612556 -0.0037418157657015 0.0039065960696441 -0.0040753458636041 0.0039083163845629 -0.003194477151066 0.0010341782971672 -0.0035507340624071
-0.0031109145712432 0.0030847954836265 -0.0035303704991655 0.0038253193484683 -0.0041095251841726 0.0042210166567957 -0.0043739223688703 0.004197583894381 -0.0035507340624071 0.0016725358766309
