-0.0049157785662742 -0.001579119797247 0.0011662162924005 -0.0010091193981526 0.00092701840981469 -0.00088037664791857 0.00085369872749024 -0.00083868238467541 0.00083068503866831 -0.00082749143361531
-0.001579119797247 -0.0053339627109845 -0.00060464213689859 0.00060185208216409 -0.00060358306783051 0.00060484653531518 -0.00060821276580627 0.00061417081285386 -0.00062182193126815 0.00063006084893812
0.0011662162924005 -0.00060464213689859 -0.0047789855737313 -0.00030830677483762 0.00046930093749139 -0.00054025704172036 0.00057918934655036 -0.00060514292793224 0.00062689243481988 -0.00064581148875135
-0.0010091193981526 0.00060185208216409 -0.00030830677483762 -0.0040502825413487 -0.00015254370087529 0.00040223286253179 -0.00051437619249935 0.00057962796676882 -0.00062131748672429 0.00065492498045242
0.00092701840981469 -0.00060358306783051 0.00046930093749139 -0.00015254370087529 -0.0033275646850733 -8.5901416493353e-05 0.00037573177928502 -0.00050984078201225 0.00059361849306587 -0.00064628243700527
-0.00088037664791857 0.00060484653531518 -0.00054025704172036 0.00040223286253179 -8.5901416493353e-05 -0.0026816981325306 -8.1775579049382e-05 0.00038026969845702 -0.00052210500705819 0.0006186243923891
0.00085369872749024 -0.00060821276580627 0.00057918934655036 -0.00051437619249935 0.00037573177928502 -8.1775579049382e-05 -0.0021314417440818 -0.00012072618021231 0.000409289816397 -0.00054814291564211
-0.00083868238467541 0.00061417081285386 -0.00060514292793224 0.00057962796676882 -0.00050984078201225 0.00038026969845702 -0.00012072618021231 -0.0016729049339677 -0.00018807209257967 0.00045681127953258
0.00083068503866831 -0.00062182193126815 0.00062689243481988 -0.00062131748672429 0.00059361849306587 -0.00052210500705819 0.000409289816397 -0.00018807209257967 -0.0012945975061853 -0.00027380646010557
-0.00082749143361531 0.00063006084893812 -0.00064581148875135 0.00065492498045242 -0.00064628243700527 0.0006186243923891 -0.00054814291564211 0.00045681127953258 -0.00027380646010557 -0.00098544676167932
