-0.0022621310720162 -0.002796130465163 0.0025941530473127 -0.0026051059062946 0.002662756684477 -0.002738459934544 0.0028157150661453 -0.0028979294671775 0.0029714828809553 -0.0030503591007462
-0.002796130465163 -0.0039341020728898 -0.0023628305746496 0.0024488336603576 -0.0025626992253125 0.0026597038809684 -0.0027627337709814 0.0028442145468722 -0.0029433557733711 0.0030085578454521
0.0025941530473127 -0.0023628305746496 -0.003438692167811 -0.0024992665429392 0.0027478642442183 -0.0029387647236248 0.0030731809553158 -0.003212899085418 0.0033075816268257 -0.0034373087141707
-0.0026051059062946 0.0024488336603576 -0.0024992665429392 -0.0024646477892115 -0.0026865164013172 0.0030427642028113 -0.0032904293808174 0.0034469599455348 -0.0036168670940212 0.0037152802103348
0.002662756684477 -0.0025626992253125 0.0027478642442183 -0.0026865164013172 -0.0013714243176106 -0.0029335427848768 0.0033420947588502 -0.0036269751595045 0.0037950371429306 -0.0039889734345054
-0.002738459934544 0.0026597038809684 -0.0029387647236248 0.0030427642028113 -0.0029335427848768 -0.00031715172397828 -0.0032270997297919 0.0036467276891168 -0.0039550493432181 0.0041248393670701
0.0028157150661453 -0.0027627337709814 0.0030731809553158 -0.0032904293808174 0.0033420947588502 -0.0032270997297919 0.00063756084933686 -0.003554537173156 0.0039574160181053 -0.0042787989584021
-0.0028979294671775 0.0028442145468722 -0.003212899085418 0.0034469599455348 -0.0036269751595045 0.0036467276891168 -0.003554537173156 0.0014772082178148 -0.0039052285184584 0.0042708584486417
0.0029714828809553 -0.0029433557733711 0.0033075816268257 -0.0036168670940212 0.0037950371429306 -0.0039550493432181 0.0039574160181053 -0.0039052285184584 0.0022089794469338 -0.0042706175413167
-0.0030503591007462 0.0030085578454521 -0.0034373087141707 0.0037152802103348 -0.0039889734345054 0.0041248393670701 -0.0042787989584021 0.0042708584486417 -0.0042706175413167 0.0028427818344095
