0.0059147110711589 0.00024254630424773 0.00034684521102681 -0.00066369109669771 0.00088656997498463 -0.0010591539723468 0.0012000658651846 -0.0013199633456139 0.0014254305982911 -0.0015202359367154
0.00024254630424773 0.006608321899551 -0.00066169081642057 0.00083025476329685 -0.00096125391318924 0.0010760194990253 -0.0011763552646509 0.0012647579185946 -0.001344230647741 0.0014159781749835
0.00034684521102681 -0.00066169081642058 0.0065591022614956 -0.0012818503320808 0.0012799615206294 -0.0013385369374151 0.0014151264535946 -0.0014940846354364 0.0015680524481334 -0.001639726184904
-0.00066369109669771 0.00083025476329685 -0.0012818503320808 0.0062014379321195 -0.0017756267793335 0.0016677926547997 -0.0016792541971469 0.0017280010836556 -0.0017918690192215 0.0018544454528521
0.00088656997498463 -0.00096125391318924 0.0012799615206294 -0.0017756267793335 0.0057711660124966 -0.0021674909410763 0.0020043657704084 -0.0019872297992683 0.0020156442773153 -0.0020691464231194
-0.0010591539723468 0.0010760194990253 -0.0013385369374151 0.0016677926547997 -0.0021674909410763 0.0053794033074833 -0.0024809661124116 0.0022979943501733 -0.0022670031679771 0.002279738678421
0.0012000658651846 -0.0011763552646509 0.0014151264535946 -0.0016792541971469 0.0020043657704084 -0.0024809661124116 0.0050651930079729 -0.0027369737187078 0.0025552800319962 -0.0025220017569167
-0.0013199633456139 0.0012647579185946 -0.0014940846354364 0.0017280010836556 -0.0019872297992683 0.0022979943501733 -0.0027369737187078 0.0048335590943548 -0.002951873079584 0.0027837575355313
0.0014254305982911 -0.001344230647741 0.0015680524481334 -0.0017918690192215 0.0020156442773153 -0.0022670031679771 0.0025552800319962 -0.002951873079584 0.0046770734136631 -0.0031396946445413
-0.0015202359367154 0.0014159781749835 -0.001639726184904 0.0018544454528521 -0.0020691464231194 0.002279738678421 -0.0025220017569167 0.0027837575355313 -0.0031396946445413 0.0045820244070429
