-0.0049184591421106 -0.0015780632247192 0.0011659979981872 -0.0010093389235116 0.00092744646978253 -0.0008810056337415 0.00085450195850908 -0.00083956851300535 0.00083143911405304 -0.00082800943901755
-0.0015780632247192 -0.0053350544890568 -0.00060328326351208 0.0006014788886596 -0.00060393156981858 0.0006052902251905 -0.00060869244381002 0.00061446253119416 -0.00062230062476931 0.00063066975911857
0.0011659979981872 -0.00060328326351208 -0.0047796921749099 -0.00030643649528793 0.00046868213555953 -0.00054065928786609 0.00057921263363317 -0.00060560048979542 0.00062712677388105 -0.00064618832373268
-0.0010093389235116 0.0006014788886596 -0.00030643649528793 -0.0040501941197372 -0.00014968163444255 0.00040069294206179 -0.00051501912681141 0.00057937929061656 -0.00062180547548055 0.00065495987935088
0.00092744646978253 -0.00060393156981858 0.00046868213555953 -0.00014968163444255 -0.0033264875971431 -8.1790860104248e-05 0.00037319720017656 -0.00051094821566081 0.00059286365882851 -0.00064705623428614
-0.0008810056337415 0.0006052902251905 -0.00054065928786609 0.00040069294206179 -8.1790860104248e-05 -0.0026784119851778 -7.5956921300697e-05 0.00037621935117474 -0.00052421154311394 0.00061778433297104
0.00085450195850908 -0.00060869244381002 0.00057921263363317 -0.00051501912681141 0.00037319720017656 -7.5956921300696e-05 -0.0021246207150373 -0.00011279106683353 0.00040375162528557 -0.00055117130195687
-0.00083956851300534 0.00061446253119416 -0.00060560048979542 0.00057937929061656 -0.00051094821566081 0.00037621935117474 -0.00011279106683353 -0.0016599745415793 -0.00017663835373277 0.00044885333720844
0.00083143911405304 -0.00062230062476931 0.00062712677388105 -0.00062180547548055 0.00059286365882851 -0.00052421154311394 0.00040375162528557 -0.00017663835373277 -0.0012730807341223 -0.00025750688715547
-0.00082800943901755 0.00063066975911857 -0.00064618832373268 0.00065495987935088 -0.00064705623428614 0.00061778433297104 -0.00055117130195687 0.00044885333720844 -0.00025750688715547 -0.00094970033855985
