-0.0022628097612049 -0.0027955120030026 0.0025940982550527 -0.0026051232583529 0.0026631716273887 -0.0027386028143599 0.0028165018752273 -0.0028980798705497 0.0029727668259146 -0.0030500687772752
-0.0027955120030026 -0.0039342632254863 -0.0023616270992948 0.0024491177329835 -0.0025623429762884 0.00266090620461 -0.0027621839789498 0.0028463508362083 -0.0029416874721237 0.0030121421266371
0.0025940982550527 -0.0023616270992948 -0.003438262953043 -0.0024970200976224 0.002748702052224 -0.0029379512426386 0.0030753958931389 -0.0032110241809413 0.0033113045333552 -0.0034334650902403
-0.0026051232583529 0.0024491177329835 -0.0024970200976224 -0.0024629670774985 -0.0026828633345454 0.0030442881421 -0.0032885129791211 0.0034503269077998 -0.0036133247761519 0.0037212642289068
0.0026631716273887 -0.0025623429762884 0.002748702052224 -0.0026828633345454 -0.0013677683245605 -0.0029274738605988 0.0033441738100899 -0.0036239439944325 0.0037998199246008 -0.0039833879138515
-0.0027386028143599 0.00266090620461 -0.0029379512426386 0.0030442881421 -0.0029274738605988 -0.00031047184347875 -0.0032179097307511 0.0036497665829 -0.0039504869393891 0.0041315891969505
0.0028165018752273 -0.0027621839789498 0.0030753958931389 -0.0032885129791211 0.0033441738100899 -0.0032179097307511 0.00064898338882411 -0.0035409773284602 0.0039614908390498 -0.0042727248501672
-0.0028980798705497 0.0028463508362083 -0.0032110241809413 0.0034503269077998 -0.0036239439944325 0.0036497665829 -0.0035409773284602 0.0014958921449665 -0.0038859373595626 0.0042772153319671
0.0029727668259146 -0.0029416874721237 0.0033113045333552 -0.0036133247761519 0.0037998199246008 -0.0039504869393891 0.0039614908390498 -0.0038859373595626 0.0022386091298452 -0.0042422230314989
-0.0030500687772752 0.0030121421266371 -0.0034334650902403 0.0037212642289068 -0.0039833879138515 0.0041315891969505 -0.0042727248501672 0.0042772153319671 -0.0042422230314989 0.0028889842067947
