0.0060060737123284 0.0015304868710401 -0.0010850582586625 0.00081813866542574 -0.00042456686557309 0.00017686633077733 -0.0019104924338416 0.0030893323676235 0.0015759606158336 -0.00673278430752
0.0015304868710401 0.0064506159245753 0.00045025833776132 -0.00019578309130808 0.0004792785390053 -0.0033563398664935 -0.00042746305403541 0.0085581333739492 -0.00083436603899804 -0.011053787744958
-0.0010850582586625 0.00045025833776132 0.0068604313671746 0.00053308900699181 -0.0035467661014962 -0.0026574027055079 0.0057771110918064 0.0042606743760069 -0.0032323647443427 -0.001632478560754
0.00081813866542574 -0.00019578309130808 0.00053308900699181 0.0039480907662577 -0.0033770597510775 0.0029558882124352 0.0034996246609305 -0.00081872693231515 0.0023921592753811 -0.0031802918620082
-0.00042456686557309 0.0004792785390053 -0.0035467661014962 -0.0033770597510775 0.010786285676654 0.0026715804263832 -0.002529332510829 0.0025924857188673 -0.00095344503059535 0.0014442956670664
0.00017686633077733 -0.0033563398664935 -0.0026574027055079 0.0029558882124352 0.0026715804263832 0.00778988842787 0.0019959686870396 -0.0038246098909886 0.0026951332850997 0.0033728866741984
-0.0019104924338416 -0.00042746305403541 0.0057771110918064 0.0034996246609305 -0.002529332510829 0.0019959686870396 0.009511275392985 0.0019912053954608 -9.3230904478175e-05 -0.0030627904537537
0.0030893323676235 0.0085581333739492 0.0042606743760069 -0.00081872693231515 0.0025924857188673 -0.0038246098909886 0.0019912053954608 0.017202490945531 -0.0047752000680803 -0.014857608549921
0.0015759606158336 -0.00083436603899804 -0.0032323647443427 0.0023921592753811 -0.00095344503059535 0.0026951332850997 -9.3230904478174e-05 -0.0047752000680803 0.0049534663739802 -0.0023074839484486
-0.00673278430752 -0.011053787744958 -0.001632478560754 -0.0031802918620082 0.0014442956670664 0.0033728866741984 -0.0030627904537537 -0.014857608549921 -0.0023074839484486 0.026085068297722
