0.0062891496913898 0.00038871384325453 0.00019802015374458 -0.00060453138836891 0.00067874969617638 -0.0011132219806029 0.0027352724172974 0.00087833036564894 -0.0043158843224041 -0.005425421430251
0.00038871384325453 0.0073811440623855 -0.00054761424658359 0.00038708807054041 -0.0013580550133903 0.0023622556185085 0.0043961369758759 0.00099496955604101 -0.014512478871008 -0.001305223328872
0.00019802015374458 -0.00054761424658359 0.0077047035971896 -0.0015227608056306 0.001762353690121 0.0036908923653605 0.0034871850866422 -0.0089650470940593 -0.0025744926203757 -0.0035072508170967
-0.00060453138836891 0.00038708807054041 -0.0015227608056306 0.0092950874183167 0.003298405605891 0.0033000415021675 -0.0070357569495224 -0.00054422539383297 -0.002692693687686 -0.0044710703524432
0.00067874969617638 -0.0013580550133903 0.001762353690121 0.003298405605891 0.012079422984658 -0.0055794013833277 -0.0010729279671947 -0.0027855112894817 -0.0029522431465084 -0.0038342726386287
-0.0011132219806029 0.0023622556185085 0.0036908923653605 0.0033000415021675 -0.0055794013833277 0.010332171944206 -0.0010762855353206 -0.0050799137762529 -0.0050934783219066 -0.0026327919378715
0.0027352724172974 0.0043961369758759 0.0034871850866422 -0.0070357569495224 -0.0010729279671947 -0.0010762855353206 0.01067762257037 -0.0028844735817651 -0.0086725960670317 -0.0023153044679722
0.00087833036564895 0.00099496955604101 -0.0089650470940593 -0.00054422539383297 -0.0027855112894817 -0.0050799137762529 -0.0028844735817651 0.012975408671418 -3.101732521307e-05 0.0072339259341155
-0.0043158843224041 -0.014512478871008 -0.0025744926203757 -0.002692693687686 -0.0029522431465084 -0.0050934783219066 -0.0086725960670317 -3.101732521307e-05 0.03744460850698 0.0054198569425181
-0.005425421430251 -0.001305223328872 -0.0035072508170967 -0.0044710703524432 -0.0038342726386287 -0.0026327919378715 -0.0023153044679722 0.0072339259341155 0.0054198569425181 0.014098787304736
