-0.0025019762240486 -0.0029025612233513 0.0026506851224238 -0.0027224601489032 0.0025578029158269 -0.0032614593439451 0.0020223890774362 -0.00066396234451867 0.0098449446413914 -0.0059050966088682
-0.0029025612233513 -0.0046232668881541 -0.0026540066774536 0.0023030704905035 -0.0033871722717401 0.00097755282217573 -0.002524375576338 0.01226366670025 0.0077082733151897 -0.00456191144092
0.0026506851224238 -0.0026540066774536 -0.004967296559417 -0.0036148657297443 0.0013381598795353 -0.0032067256687454 0.0099354539818424 0.0047527513533501 0.0014545155787113 -0.0028384007952437
-0.0027224601489032 0.0023030704905035 -0.0036148657297443 -0.0062652844762723 -0.0038351057621595 0.0088933742468913 0.0031708350176088 0.0026211153966465 -0.001659676366293 0.006712520447534
0.0025578029158269 -0.0033871722717401 0.0013381598795353 -0.0038351057621595 -0.00013905510809003 0.0013131811373142 0.0034473501839958 -0.0017306715495978 0.0064768074018114 -0.0067112840759811
-0.0032614593439451 0.00097755282217573 -0.0032067256687454 0.0088933742468913 0.0013131811373142 -0.0076802786379997 -0.0043364445001467 0.0085472212553206 -0.0044458798638267 0.0033664516977654
0.0020223890774362 -0.002524375576338 0.0099354539818424 0.0031708350176088 0.0034473501839958 -0.0043364445001467 -0.0072125277044151 -0.0099285907746483 0.0061039233307575 -0.0082114768528492
-0.00066396234451867 0.01226366670025 0.0047527513533501 0.0026211153966465 -0.0017306715495978 0.0085472212553206 -0.0099285907746483 -0.017798608438192 -0.016981774217034 0.014393996326019
0.0098449446413914 0.0077082733151897 0.0014545155787113 -0.001659676366293 0.0064768074018114 -0.0044458798638267 0.0061039233307575 -0.016981774217034 -0.023232683098722 0.012660421785728
-0.0059050966088682 -0.00456191144092 -0.0028384007952437 0.006712520447534 -0.0067112840759811 0.0033664516977654 -0.0082114768528492 0.014393996326019 0.012660421785728 -0.008905350308851
