-0.0054333817907532 -0.0017704950680702 0.0013471157463609 -0.0011474992178252 0.0010440627440376 -0.00025564029609612 0.00092989969623677 -0.0045605068407421 0.0023895422844341 0.0060322957674142
-0.0017704950680702 -0.0062800177515438 -0.00080734068731386 0.00084347345634856 0.0002968086567204 0.0025456784591281 -0.0046005081420987 -0.0064764464540738 0.0072723028092657 0.0094270956512706
0.0013471157463609 -0.00080734068731386 -0.0063690176991548 0.00038598049036713 0.003388547192757 -0.0026345019131622 -0.0066117334490551 0.00044293969077423 0.005514042768023 0.0012556644467451
-0.0011474992178252 0.00084347345634856 0.00038598049036713 -0.0040579213112903 -0.0017954517370879 -0.0046949781975506 -0.00054536155930716 0.0024843272998788 -0.001773142659825 0.0054532947486512
0.0010440627440376 0.0002968086567204 0.003388547192757 -0.0017954517370879 -0.012896283702124 -0.0008756961556773 0.0035311083603075 -0.0021783699517706 0.0027837872233848 -0.00055346404546001
-0.00025564029609612 0.0025456784591281 -0.0026345019131622 -0.0046949781975506 -0.0008756961556773 -0.0074621062430215 -0.0027458032547649 0.0051367529176178 -0.0014791657326241 0.0044117980050929
0.00092989969623676 -0.0046005081420987 -0.0066117334490551 -0.00054536155930717 0.0035311083603075 -0.0027458032547649 -0.0096129360989798 -0.0023674984709143 0.0092221446114351 0.0080474166032809
-0.0045605068407421 -0.0064764464540738 0.00044293969077422 0.0024843272998788 -0.0021783699517706 0.0051367529176178 -0.0023674984709143 -0.010266119809926 0.0092855959821986 0.0087484921732605
0.0023895422844341 0.0072723028092657 0.0055140427680231 -0.001773142659825 0.0027837872233848 -0.0014791657326241 0.0092221446114351 0.0092855959821986 -0.01520066313692 -0.011431034012665
0.0060322957674142 0.0094270956512706 0.0012556644467451 0.0054532947486512 -0.00055346404546001 0.0044117980050929 0.0080474166032809 0.0087484921732605 -0.011431034012665 -0.023556379304583
