-0.0042111427845093 -0.0024382003551917 0.0031897507878501 -0.003166623231404 0.0031264026516274 -0.0031477255980811 0.003165238894293 -0.0032108497314349 0.0032446048653309 -0.0033036310998111
-0.0024382003551917 -0.0061089404819148 -0.0012319828018746 0.0029928545406377 -0.0031287144510832 0.0031078945100377 -0.0031896717685749 0.0031980253555532 -0.0032833170030579 0.0032860592909866
0.0031897507878501 -0.0012319828018746 -0.0066282283644593 -0.00087400787511417 0.0032264158190707 -0.0034676527870876 0.0035028285862588 -0.0036523378024865 0.0036591514820209 -0.0038064747766485
-0.003166623231404 0.0029928545406377 -0.00087400787511417 -0.0063651734324663 -0.00073044450812966 0.003406896964689 -0.0037232494137058 0.0038184314274222 -0.0040352990244519 0.0040303406929844
0.0031264026516274 -0.0031287144510832 0.0032264158190707 -0.00073044450812966 -0.0056893674355484 -0.00078586146619075 0.003571237489968 -0.0039412811393186 0.004086380761395 -0.0043660240152407
-0.0031477255980811 0.0031078945100377 -0.0034676527870876 0.003406896964689 -0.00078586146619075 -0.004838980804008 -0.00099409776778393 0.0037427422979275 -0.0041478699326877 0.0043310925687234
0.003165238894293 -0.0031896717685749 0.0035028285862588 -0.0037232494137058 0.003571237489968 -0.00099409776778393 -0.0039526268855739 -0.0013101191170643 0.0039474660268877 -0.0043592569404959
-0.0032108497314349 0.0031980253555532 -0.0036523378024865 0.0038184314274222 -0.0039412811393186 0.0037427422979275 -0.0013101191170643 -0.0031028115152928 -0.0017029564391035 0.0041934456922438
0.0032446048653309 -0.0032833170030579 0.0036591514820209 -0.0040352990244519 0.004086380761395 -0.0041478699326877 0.0039474660268877 -0.0017029564391035 -0.0023263874057727 -0.0021448729057801
-0.0033036310998111 0.0032860592909866 -0.0038064747766485 0.0040303406929844 -0.0043660240152407 0.0043310925687234 -0.0043592569404959 0.0041934456922438 -0.0021448729057801 -0.001723468180142
