-0.0044626654055551 -0.0014259120151964 0.0010518759622042 -0.00090926934355891 0.00083440847153263 -0.00079165365258842 0.00076694054673182 -0.00075280914971014 0.00074501929495916 -0.00074159268904714
-0.0014259120151964 -0.0048492020558904 -0.00054206442442904 0.00054066122389719 -0.00054253317687788 0.0005431832045922 -0.00054592188826932 0.00055076517970521 -0.00055732145267876 0.00056439844644274
0.0010518759622042 -0.00054206442442904 -0.0043426011430122 -0.00026591257747905 0.00041662390683162 -0.00048303918925048 0.00051790555772528 -0.00054166747632157 0.00056084133302269 -0.00057779083528196
-0.00090926934355891 0.00054066122389719 -0.00026591257747905 -0.0036670293603686 -0.00011626543226216 0.00035074051743178 -0.00045702538757393 0.00051567686716012 -0.00055458669879758 0.00058453923856359
0.00083440847153263 -0.00054253317687788 0.00041662390683162 -0.00011626543226216 -0.0029916508883961 -4.8700338387746e-05 0.00032147833989832 -0.00045064073486188 0.00052550779746789 -0.00057529243586336
-0.00079165365258842 0.0005431832045922 -0.00048303918925048 0.00035074051743178 -4.8700338387746e-05 -0.0023852824252813 -3.9963092904037e-05 0.00032072517813894 -0.00046006316686025 0.00054519562578639
0.00076694054673182 -0.00054592188826932 0.00051790555772528 -0.00045702538757393 0.00032147833989832 -3.9963092904037e-05 -0.0018674851300566 -7.2044630539808e-05 0.00034255161999428 -0.00048278339605129
-0.00075280914971014 0.00055076517970521 -0.00054166747632157 0.00051567686716012 -0.00045064073486188 0.00032072517813894 -7.2044630539808e-05 -0.0014355015401357 -0.00013065995503464 0.00038155936004352
0.00074501929495916 -0.00055732145267876 0.00056084133302269 -0.00055458669879758 0.00052550779746789 -0.00046006316686025 0.00034255161999428 -0.00013065995503464 -0.0010778498111201 -0.00020506286151143
-0.00074159268904714 0.00056439844644274 -0.00057779083528196 0.00058453923856359 -0.00057529243586336 0.00054519562578639 -0.00048278339605129 0.00038155936004352 -0.00020506286151143 -0.00078104732590331
