0.0048519040262721 0.00117970440262 -0.00078120980607598 0.00060891799378912 -0.00050465954708304 0.00043372026284358 -0.00038207417318282 0.00034223996490328 -0.00031009876674355 0.00028351559207471
0.00117970440262 0.004871293029368 0.00025964831447071 -0.00025014978207457 0.00023243957768165 -0.00021205329991155 0.00019375460716871 -0.00017828338091212 0.00016515088701905 -0.00015342254461112
-0.00078120980607598 0.00025964831447071 0.0043144103109654 -6.7828171636074e-05 -6.6443739568119e-05 0.00010908655757134 -0.00012045524230492 0.00012142553643055 -0.00011879881155818 0.00011476206984121
0.00060891799378912 -0.00025014978207457 -6.7828171636074e-05 0.0036869293962509 -0.00026666365329249 6.022888060851e-05 1.8242550056496e-05 -5.1118283846357e-05 6.5585970922308e-05 -7.2383620283948e-05
-0.00050465954708304 0.00023243957768165 -6.6443739568119e-05 -0.00026666365329249 0.0031043315968906 -0.00038558105324324 0.00015000237393158 -5.2276064474456e-05 5.0553737446027e-06 1.8860057229401e-05
0.00043372026284358 -0.00021205329991155 0.00010908655757134 6.022888060851e-05 -0.00038558105324324 0.0026059376498534 -0.00044949094668901 0.0002114296404587 -0.00010636522546328 5.0304924251338e-05
-0.00038207417318282 0.00019375460716871 -0.00012045524230492 1.8242550056496e-05 0.00015000237393158 -0.00044949094668901 0.0021972798473582 -0.00047645495772775 0.00025083973474025 -0.00014689408234093
0.00034223996490328 -0.00017828338091212 0.00012142553643055 -5.1118283846357e-05 -5.2276064474456e-05 0.0002114296404587 -0.00047645495772775 0.0018694308708117 -0.00048012476727014 0.00027366705526726
-0.00031009876674355 0.00016515088701905 -0.00011879881155818 6.5585970922308e-05 5.0553737446027e-06 -0.00010636522546328 0.00025083973474025 -0.00048012476727014 0.0016087353202022 -0.00047033994269023
0.00028351559207471 -0.00015342254461112 0.00011476206984121 -7.2383620283948e-05 1.8860057229401e-05 5.0304924251338e-05 -0.00014689408234093 0.00027366705526726 -0.00047033994269023 0.001401499275487
