-0.004337170526012 -0.0015720827730074 0.00097779363466725 -0.00072564638606815 0.00058323669163383 -0.00049691929351322 0.00039426189632488 -0.00032666060560039 0.0002949079823968 -0.00027981911233687
-0.0015720827730074 -0.0061654386978491 -0.00050626643952975 0.00048604626254542 -0.00046683629908773 0.00038198660857494 -0.00037897367961831 0.00032013487209597 -0.00027088237400872 0.00020984279224883
0.00097779363466725 -0.00050626643952975 -0.0056206700192662 0.00032228972509622 0.00010138078663128 -0.00025598652299982 0.00027578640410422 -0.00029408256459848 0.00025203685221043 -0.00028143628779529
-0.00072564638606814 0.00048604626254542 0.00032228972509622 -0.0041962256463122 0.0009109946662119 -0.00031612204966092 4.8923424894275e-05 0.00010594644131652 -0.00017433606812883 0.00017961598570876
0.00058323669163383 -0.00046683629908773 0.00010138078663128 0.0009109946662119 -0.0030412793811684 0.00095189329902075 -0.00057538223117965 0.00031309760872149 -6.8512745404938e-05 1.4915763177277e-06
-0.00049691929351322 0.00038198660857494 -0.00025598652299982 -0.00031612204966092 0.00095189329902075 -0.0025801230109591 0.00062306071449506 -0.00054871401289683 0.00044232119426035 -0.00020325914550484
0.00039426189632488 -0.00037897367961831 0.00027578640410422 4.8923424894275e-05 -0.00057538223117965 0.00062306071449506 -0.0025220239608367 0.00031310003247696 -0.00036199847473673 0.00039899381832939
-0.00032666060560039 0.00032013487209597 -0.00029408256459848 0.00010594644131652 0.00031309760872149 -0.00054871401289683 0.00031310003247696 -0.0024567803681539 0.00025623811805243 -0.00021072229411876
0.0002949079823968 -0.00027088237400872 0.00025203685221043 -0.00017433606812882 -6.8512745404938e-05 0.00044232119426035 -0.00036199847473673 0.00025623811805243 -0.0021147141808896 0.00053208816558484
-0.00027981911233687 0.00020984279224883 -0.00028143628779529 0.00017961598570876 1.491576317728e-06 -0.00020325914550484 0.00039899381832939 -0.00021072229411876 0.00053208816558484 -0.0015790697359389
