-0.0022329087128194 -0.0010809750770509 0.00067324951927384 -0.00047881445354535 0.00038104580340276 -0.00031852631634272 0.00025156032479354 -0.00019371883376382 0.00016914874210037 -0.00016628684830683
-0.0010809750770509 -0.005184218654357 -0.0008753914304301 0.00060913713793273 -0.00045069019049966 0.00037097891243652 -0.00033396076506104 0.0002957762797481 -0.00024703197902675 0.000198582537926
0.00067324951927384 -0.0008753914304301 -0.0061439577912343 -0.00026427547563109 0.00039652014646397 -0.0003735997885798 0.00039283809130903 -0.00036877590360644 0.00028856782935798 -0.00023106346244509
-0.00047881445354535 0.00060913713793273 -0.00026427547563109 -0.0055006402694754 0.00048168279978807 6.2013403117521e-05 -0.0001763257287494 0.00025424331049589 -0.00027260904235383 0.00023013854986217
0.00038104580340276 -0.00045069019049966 0.00039652014646397 0.00048168279978807 -0.0041316355645446 0.0009583195591073 -0.00040137158928362 0.00011194346086248 6.4883312236126e-05 -0.00016878607879519
-0.00031852631634271 0.00037097891243652 -0.0003735997885798 6.201340311752e-05 0.00095831955910729 -0.0031236579863027 0.00095294257764743 -0.00067351446448727 0.00030537917380342 -0.00012288063049603
0.00025156032479354 -0.00033396076506105 0.00039283809130903 -0.0001763257287494 -0.00040137158928362 0.00095294257764743 -0.0026887271110941 0.00059684950669704 -0.00065779389396454 0.00036917578607645
-0.00019371883376382 0.0002957762797481 -0.00036877590360644 0.00025424331049589 0.00011194346086248 -0.00067351446448727 0.00059684950669704 -0.0025921124572831 0.00030072737366665 -0.0004412341322064
0.00016914874210037 -0.00024703197902675 0.00028856782935798 -0.00027260904235383 6.4883312236126e-05 0.00030537917380342 -0.00065779389396454 0.00030072737366665 -0.0024374862510824 0.00026652429164842
-0.00016628684830683 0.000198582537926 -0.00023106346244509 0.00023013854986217 -0.00016878607879519 -0.00012288063049603 0.00036917578607645 -0.0004412341322064 0.00026652429164842 -0.0020428537921355
