0.0050408352767862 0.0016340470872246 -0.0010289562181593 0.00077794646693224 -0.00063829329887962 0.00054838133877619 -0.00043463954862355 0.00036699905513532 -0.00033220174726483 0.00031493643670757
0.0016340470872246 0.0061805110923946 0.00026080555187957 -0.00040760356504195 0.00044111571535763 -0.00034313364286488 0.00036999842764087 -0.00031441008857496 0.00028236403854831 -0.00024570422127902
-0.0010289562181593 0.00026080555187957 0.0050419634883602 -0.00054205832013775 8.133955897814e-05 0.00017325896365212 -0.00020109323515584 0.00026457772378654 -0.00026277810131467 0.00026872082975231
0.00077794646693224 -0.00040760356504196 -0.00054205832013776 0.0036069895725762 -0.00094765164216791 0.00042402370652091 -0.0001255025289103 -3.260056564377e-05 9.2797836269685e-05 -0.00013603418764896
-0.00063829329887962 0.00044111571535763 8.133955897814e-05 -0.00094765164216791 0.0026676744712126 -0.00078178739831575 0.0005781398810033 -0.00035937746232736 0.00015296572524272 -5.5166937562589e-05
0.00054838133877619 -0.00034313364286488 0.00017325896365212 0.00042402370652091 -0.00078178739831575 0.002505959566368 -0.00037268087379162 0.00047062034938353 -0.00042246139525369 0.00032284362823476
-0.00043463954862355 0.00036999842764087 -0.00020109323515584 -0.0001255025289103 0.0005781398810033 -0.00037268087379162 0.0025585497458364 -0.00018667241067763 0.00026937149215181 -0.00033648973124272
0.00036699905513532 -0.00031441008857496 0.00026457772378654 -3.260056564377e-05 -0.00035937746232736 0.00047062034938353 -0.00018667241067763 0.00237123489485 -0.00032061951202844 0.00016027100985697
-0.00033220174726483 0.00028236403854831 -0.00026277810131467 9.2797836269685e-05 0.00015296572524272 -0.00042246139525369 0.00026937149215181 -0.00032061951202844 0.001895902126081 -0.00059062906103184
0.00031493643670757 -0.00024570422127902 0.00026872082975231 -0.00013603418764896 -5.5166937562589e-05 0.00032284362823476 -0.00033648973124272 0.00016027100985697 -0.00059062906103184 0.0013145172515061
