-0.0042867934555213 -0.0024742661827863 0.0032307339527237 -0.0031787054363394 0.0031199721426005 -0.0031439249976399 0.003137223855283 -0.0032101422169538 0.0031891558993639 -0.0033343741279405
-0.0024742661827863 -0.0062974429945808 -0.0012394126436193 0.0030546080770272 -0.0031520393047416 0.0030784725320234 -0.0032150877910264 0.0031072574497151 -0.0033704080588923 0.0030692116246329
0.0032307339527237 -0.0012394126436193 -0.0069542784436399 -0.00088397460024313 0.0033201633184362 -0.0035178759883818 0.0034353026084753 -0.003732665722718 0.0034694143448093 -0.0040939828737641
-0.0031787054363394 0.0030546080770272 -0.00088397460024313 -0.0068757056723131 -0.00076156737146388 0.0035397400401983 -0.0038187627427758 0.0036980935905464 -0.0042486770930185 0.0032110294842254
0.0031199721426005 -0.0031520393047416 0.0033201633184362 -0.00076156737146388 -0.0064506681189566 -0.00085793181400457 0.0037702453110847 -0.0041315257667939 0.0034704456081023 -0.0060946292162203
-0.0031439249976399 0.0030784725320234 -0.0035178759883818 0.0035397400401983 -0.00085793181400457 -0.0059360482738107 -0.0011693998121874 0.0036296171142532 -0.0057243037263484 0.0030135833373953
0.003137223855283 -0.0032150877910264 0.0034353026084753 -0.0038187627427758 0.0037702453110847 -0.0011693998121874 -0.005901641014016 -0.0028575566976826 0.0032850812758752 -0.0016625887568461
-0.0032101422169538 0.0031072574497151 -0.003732665722718 0.0036980935905464 -0.0041315257667939 0.0036296171142532 -0.0028575566976826 -0.0064115430709809 0.00055609083225521 0.010008385718685
0.0031891558993639 -0.0033704080588923 0.0034694143448093 -0.0042486770930185 0.0034704456081023 -0.0057243037263484 0.0032850812758752 0.00055609083225521 -0.00047217152059442 -0.003447455569929
-0.0033343741279405 0.0030692116246329 -0.0040939828737641 0.0032110294842254 -0.0060946292162203 0.0030135833373953 -0.0016625887568461 0.010008385718685 -0.003447455569929 -0.0087774408795167
