-0.0049408700710647 -0.0015867069972345 0.0011729856884006 -0.0010158331131652 0.00093376318609085 -0.000887279487134 0.00086073021308133 -0.00084584183914177 0.00083784849437886 -0.00083449180637893
-0.0015867069972345 -0.0053602934017607 -0.00060765007133922 0.00060587709416021 -0.00060846592569129 0.00060979113082588 -0.00061355554599708 0.0006194609931833 -0.00062716137146099 0.0006355345975821
0.0011729856884006 -0.00060765007133922 -0.0048027781111676 -0.00030962231689496 0.00047255472317112 -0.00054546776094165 0.00058391518835744 -0.0006105626998625 0.0006322655098582 -0.00065155705953216
-0.0010158331131652 0.00060587709416021 -0.00030962231689496 -0.0040697167936344 -0.00015231191595697 0.00040431489181298 -0.00051996552145114 0.00058407213692443 -0.00062729488339882 0.00066074717747577
0.00093376318609085 -0.00060846592569129 0.00047255472317112 -0.00015231191595697 -0.0033414886669505 -8.364399558901e-05 0.00037631478818498 -0.00051656022251963 0.00059795544423769 -0.00065317622829826
-0.000887279487134 0.00060979113082588 -0.00054546776094165 0.00040431489181298 -8.364399558901e-05 -0.0026885873252277 -7.7406730888148e-05 0.00037918220991168 -0.00053075789916141 0.00062287436704013
0.00086073021308133 -0.00061355554599708 0.00058391518835744 -0.00051996552145114 0.00037631478818498 -7.7406730888148e-05 -0.0021290016706702 -0.00011372945081254 0.00040603180864808 -0.00055893772966893
-0.00084584183914177 0.0006194609931833 -0.0006105626998625 0.00058407213692443 -0.00051656022251963 0.00037918220991168 -0.00011372945081254 -0.0016581797316961 -0.00017671333723182 0.00045061204233801
0.00083784849437886 -0.00062716137146099 0.0006322655098582 -0.00062729488339882 0.00059795544423769 -0.00053075789916141 0.00040603180864808 -0.00017671333723182 -0.0012635313829821 -0.00025543949604072
-0.00083449180637893 0.0006355345975821 -0.00065155705953216 0.00066074717747577 -0.00065317622829826 0.00062287436704013 -0.00055893772966893 0.00045061204233801 -0.00025543949604072 -0.00093109333068597
