0.0053725736379342 0.0013060800035015 -0.00086455640454425 0.00067370589708472 -0.00055831163652755 0.00047987134792704 -0.00042277993647976 0.00037871034320863 -0.00034301152383914 0.00031329318669433
0.0013060800035015 0.005390720092107 0.00029004682618795 -0.00027719358694654 0.00025690705565223 -0.00023408292870425 0.00021374691437137 -0.00019641472985831 0.00018173952975167 -0.00016880772133703
-0.00086455640454425 0.00029004682618795 0.0047855762227377 -6.595173447115e-05 -7.6458121528239e-05 0.00012160462742446 -0.00013300111879625 0.00013366472870139 -0.00013055037650501 0.00012593853095751
0.00067370589708472 -0.00027719358694654 -6.595173447115e-05 0.0041108862386364 -0.00028032652580543 6.120285958689e-05 2.2484993186041e-05 -5.7101330041425e-05 7.2434982275913e-05 -7.9662494569862e-05
-0.00055831163652755 0.00025690705565223 -7.6458121528239e-05 -0.00028032652580543 0.0034878443669853 -0.00040894237686629 0.00015837378427575 -5.3894940949347e-05 3.8626557988613e-06 2.1740399134548e-05
0.00047987134792704 -0.00023408292870425 0.00012160462742446 6.120285958689e-05 -0.00040894237686629 0.0029547072150749 -0.00047945808054476 0.00022491176933152 -0.00011212535620383 5.3002356572793e-05
-0.00042277993647976 0.00021374691437137 -0.00013300111879625 2.2484993186041e-05 0.00015837378427575 -0.00047945808054476 0.0025150109498693 -0.00051157294246312 0.00026846536574774 -0.00015606012761286
0.00037871034320863 -0.00019641472985831 0.00013366472870139 -5.7101330041425e-05 -5.3894940949347e-05 0.00022491176933152 -0.00051157294246312 0.0021585738450884 -0.00052018307170648 0.00029481418160785
-0.00034301152383914 0.00018173952975167 -0.00013055037650501 7.2434982275913e-05 3.8626557988613e-06 -0.00011212535620383 0.00026846536574774 -0.00052018307170648 0.0018704900037993 -0.00051537719702279
0.00031329318669433 -0.00016880772133703 0.00012593853095751 -7.9662494569862e-05 2.1740399134548e-05 5.3002356572793e-05 -0.00015606012761286 0.00029481418160785 -0.00051537719702279 0.0016366081612029
