0.0023063079263216 -0.00044004823316292 0.00098105619512435 -0.0013081961842067 0.0014265456319336 -0.0016397420845223 0.0016525833166221 -0.0018508938953595 0.0018005569682486 -0.002014410502925
-0.00044004823316292 0.0066888666092119 -0.0014336615522999 0.0017201202326437 -0.0021877729024805 0.002196909916452 -0.0026280343947376 0.0025011963163271 -0.0029615141253704 0.0027190963924111
0.00098105619512435 -0.0014336615522999 0.0081147119477717 -0.002665740752604 0.0026792677501111 -0.0031618996613145 0.0030593238810355 -0.0035693876040268 0.0033486783378507 -0.0039149356552997
-0.0013081961842067 0.0017201202326437 -0.002665740752604 0.0084836448073134 -0.0036399656039032 0.003506190477309 -0.0039009879022625 0.0038041968128473 -0.0042465447461473 0.0040849908700296
0.0014265456319336 -0.0021877729024805 0.0026792677501111 -0.0036399656039032 0.0084344937974044 -0.0044391842406494 0.0041615700674895 -0.0045498809613032 0.0043824748471046 -0.0048564990720601
-0.0016397420845223 0.002196909916452 -0.0031618996613145 0.003506190477309 -0.0044391842406494 0.0083487506489819 -0.0050904068130965 0.0048331456470291 -0.0050995271535946 0.0050205714256362
0.0016525833166221 -0.0026280343947376 0.0030593238810355 -0.0039009879022625 0.0041615700674895 -0.0050904068130965 0.0081822072561947 -0.005643230778138 0.0053265971738165 -0.0056185274114733
-0.0018508938953595 0.0025011963163271 -0.0035693876040268 0.0038041968128473 -0.0045498809613032 0.0048331456470291 -0.005643230778138 0.0081901378739985 -0.0061094534884408 0.0059111347706731
0.0018005569682486 -0.0029615141253704 0.0033486783378507 -0.0042465447461473 0.0043824748471046 -0.0050995271535946 0.0053265971738165 -0.0061094534884408 0.00812407944763 -0.0065302464222679
-0.002014410502925 0.0027190963924111 -0.0039149356552997 0.0040849908700296 -0.0048564990720601 0.0050205714256362 -0.0056185274114733 0.0059111347706731 -0.0065302464222679 0.0082892359237182
