0.0057778377210352 0.00089550498627488 -0.00042993912406819 0.0002057776356262 -5.6753894667879e-05 -5.4179796873941e-05 0.00014232667610475 -0.00021596498019717 0.00027973028312479 -0.0003361377533032
0.00089550498627488 0.0055967902429462 -3.9910354452085e-05 8.0443861575102e-05 -0.00012811485800578 0.00017671993709116 -0.00022136291947963 0.0002615879326916 -0.00029820228727037 0.00033243423576172
-0.00042993912406819 -3.9910354452085e-05 0.0050495057717574 -0.00044546270736631 0.00033455538887746 -0.00031855162378115 0.00033375116433204 -0.00035836557873306 0.00038563847230002 -0.0004130422968293
0.0002057776356262 8.0443861575102e-05 -0.00044546270736631 0.0044486708149604 -0.00072020228557481 0.00053446572461601 -0.00048169410890826 0.00047529872754109 -0.00048628637569247 0.0005041980043606
-5.6753894667879e-05 -0.00012811485800578 0.00033455538887746 -0.00072020228557481 0.0039031669390343 -0.0009129008295926 0.00069727677537074 -0.00062484413531011 0.00060401495043175 -0.00060576060451625
-5.4179796873941e-05 0.00017671993709116 -0.00031855162378115 0.00053446572461601 -0.0009129008295926 0.0034489460662066 -0.0010497816012719 0.00083061729143614 -0.0007507876276945 0.00072116353516853
0.00014232667610475 -0.00022136291947963 0.00033375116433204 -0.00048169410890826 0.00069727677537074 -0.0010497816012719 0.0030875635286505 -0.00114948253691 0.00094119516472104 -0.00086253405509743
-0.00021596498019717 0.0002615879326916 -0.00035836557873306 0.00047529872754109 -0.00062484413531011 0.00083061729143614 -0.00114948253691 0.0028079454069314 -0.0012261125629937 0.00103496507071
0.00027973028312479 -0.00029820228727037 0.00038563847230002 -0.00048628637569247 0.00060401495043175 -0.0007507876276945 0.00094119516472104 -0.0012261125629937 0.0025955084866218 -0.001289179614031
-0.0003361377533032 0.00033243423576172 -0.0004130422968293 0.0005041980043606 -0.00060576060451625 0.00072116353516853 -0.00086253405509743 0.00103496507071 -0.001289179614031 0.0024361525914063
