-0.0012833230365461 -0.0038391930663143 0.0038543464165667 -0.0040414439835608 0.0042501454505653 -0.004457799782357 0.0046551127362773 -0.0048447262207712 0.0050204546985048 -0.0051903797006656
-0.0038391930663143 -0.0026511181398628 -0.0038141937058334 0.0041052982582773 -0.0043915609644862 0.0046443363398701 -0.0048823829139196 0.0050947355715764 -0.0053043219068752 0.0054869557733824
0.0038543464165667 -0.0038141937058334 -0.0016133664514574 -0.0044928084435274 0.004954240082089 -0.0053260793160654 0.0056318660897044 -0.0059169767819402 0.0061619807467698 -0.0064103118865567
-0.0040414439835608 0.0041052982582773 -0.0044928084435274 -0.00012020814863078 -0.0051984340731519 0.0057714749417048 -0.0062019569078175 0.0065406848430888 -0.0068594244158656 0.0071234739125275
0.0042501454505653 -0.0043915609644862 0.004954240082089 -0.0051984340731519 0.0014718019773584 -0.0059426516582696 0.0065714183092104 -0.0070377539605195 0.0073958649830079 -0.0077384245082366
-0.004457799782357 0.0046443363398701 -0.0053260793160654 0.0057714749417048 -0.0059426516582696 0.0030097046031456 -0.0067154183027061 0.0073595002224285 -0.0078458800239137 0.0082133747102953
0.0046551127362773 -0.0048823829139196 0.0056318660897044 -0.0062019569078175 0.0065714183092104 -0.0067154183027061 0.0044364430368043 -0.0075061741951642 0.0081399821581609 -0.0086343418728591
-0.0048447262207712 0.0050947355715764 -0.0059169767819402 0.0065406848430888 -0.0070377539605195 0.0073595002224285 -0.0075061741951642 0.0057409946002308 -0.0083055601995187 0.0089128450449331
0.0050204546985048 -0.0053043219068752 0.0061619807467698 -0.0068594244158656 0.0073958649830079 -0.0078458800239137 0.0081399821581609 -0.0083055601995187 0.0069335995653376 -0.0091051576034852
-0.0051903797006656 0.0054869557733824 -0.0064103118865567 0.0071234739125275 -0.0077384245082366 0.0082133747102953 -0.0086343418728591 0.0089128450449331 -0.0091051576034852 0.0080285835946653
