0.0070318162367619 -0.00087980094362595 0.0016259917912923 -0.00208861371173 0.0024425184733988 -0.0027338694372888 0.0029837890195675 -0.003204584108545 0.0034041690929847 -0.003587164391008
-0.00087980094362595 0.0075755782691933 -0.0018562468620097 0.0021629364049482 -0.0024180475755995 0.0026452478662562 -0.002848107369079 0.0030315026290125 -0.0031993883282062 0.0033547796214469
0.0016259917912923 -0.0018562468620097 0.00785434514637 -0.0028051822690348 0.00294698679007 -0.0031349658055456 0.0033301746591571 -0.0035178853055352 0.0036941595753951 -0.0038611256815098
-0.00208861371173 0.0021629364049482 -0.0028051822690348 0.0078399082698698 -0.003632947394581 0.0036713173630063 -0.0038152654662556 0.0039876052214536 -0.0041648332539285 0.0043353840747323
0.0024425184733988 -0.0024180475755995 0.00294698679007 -0.003632947394581 0.0077504564183526 -0.0043543422676918 0.0043385409321713 -0.0044554612355754 0.004610959526824 -0.0047801170022616
-0.0027338694372888 0.0026452478662562 -0.0031349658055456 0.0036713173630063 -0.0043543422676918 0.0076935849886789 -0.0049924324279557 0.0049565192482705 -0.0050592149505471 0.0052026591740338
0.0029837890195675 -0.002848107369079 0.0033301746591571 -0.0038152654662556 0.0043385409321713 -0.0049924324279557 0.0077072594765931 -0.005567530894969 0.005532666142751 -0.0056311710791938
-0.003204584108545 0.0030315026290125 -0.0035178853055352 0.0039876052214536 -0.0044554612355754 0.0049565192482705 -0.005567530894969 0.0077964584329341 -0.0060969918275742 0.0060745123444156
0.0034041690929847 -0.0031993883282062 0.0036941595753951 -0.0041648332539285 0.004610959526824 -0.0050592149505471 0.005532666142751 -0.0060969918275742 0.0079529818895074 -0.006594857390203
-0.003587164391008 0.0033547796214469 -0.0038611256815098 0.0043353840747323 -0.0047801170022616 0.0052026591740338 -0.0056311710791938 0.0060745123444156 -0.006594857390203 0.0081643523264998
