-0.0039064044787848 -0.002352145099515 0.0020292357668155 -0.0019613362623767 0.0019619303121569 -0.0019917235859702 0.0020359519484352 -0.0020871979758747 0.0021414831589823 -0.0021971815251292
-0.002352145099515 -0.004604331591373 -0.0013304041829343 0.0014013651687293 -0.0014715842407101 0.0015359078388356 -0.0015983579717502 0.0016593739849446 -0.0017190183514223 0.0017762415864839
0.0020292357668155 -0.0013304041829343 -0.00390509440575 -0.0011959838245689 0.0014318811860288 -0.0015730187814326 0.00167600400694 -0.0017632832291998 0.0018418737249608 -0.0019150350978254
-0.0019613362623767 0.0014013651687293 -0.0011959838245689 -0.0030146185045708 -0.0012128043788316 0.0015381326875744 -0.0017229477249915 0.0018527210420432 -0.0019581233960021 0.00205069762658
0.0019619303121569 -0.0014715842407101 0.0014318811860288 -0.0012128043788316 -0.0021264581946719 -0.0013193278365213 0.0016850322762374 -0.0018946551449032 0.0020429335823267 -0.0021615099689994
-0.0019917235859702 0.0015359078388356 -0.0015730187814326 0.0015381326875744 -0.0013193278365213 -0.0013135932243532 -0.001486122617674 0.0018612379224644 -0.0020822161726094 0.0022421966837738
0.0020359519484352 -0.0015983579717502 0.00167600400694 -0.0017229477249915 0.0016850322762374 -0.001486122617674 -0.00059430787639273 -0.0016932364130707 0.0020594381385076 -0.0022821315396901
-0.0020871979758747 0.0016593739849446 -0.0017632832291998 0.0018527210420432 -0.0018946551449032 0.0018612379224644 -0.0016932364130707 3.5980017643715e-05 -0.0019252841556808 0.0022732656715916
0.0021414831589823 -0.0017190183514223 0.0018418737249608 -0.0019581233960021 0.0020429335823267 -0.0020822161726094 0.0020594381385076 -0.0019252841556808 0.00058976408946424 -0.0021711207212555
-0.0021971815251292 0.0017762415864839 -0.0019150350978254 0.00205069762658 -0.0021615099689994 0.0022421966837738 -0.0022821315396901 0.0022732656715916 -0.0021711207212555 0.0010813538981965
