0.0079242968850311 0.00059604784562232 -0.00051423537654328 -0.00032048243167786 0.0034945417091487 -0.00051473690897139 -0.0093687904556654 0.0050104227270273 0.0082186471042684 -0.013565352227864
0.00059604784562232 0.0095174717772586 -0.0013356795654551 0.0030472713217294 0.0062258218330743 -0.0076672787148096 -0.014829167948564 0.008446946911804 0.0065912599381215 0.00085318872962183
-0.00051423537654328 -0.0013356795654551 0.014562058919173 0.0059549980274402 -0.004896537708918 -0.010171163961383 0.00033754111718781 -0.01125471422646 0.0082866299108454 0.021522222511083
-0.00032048243167786 0.0030472713217294 0.0059549980274402 0.010571931345744 -0.0091399179688844 -0.00087518631671898 -0.010633677471998 -0.00080116361260282 0.0059200860979066 0.013103339801001
0.0034945417091487 0.0062258218330743 -0.004896537708918 -0.0091399179688844 0.018943691241023 -0.010985585759944 -0.0049477821931301 0.0083357887106171 0.0047879845785957 -0.014170370424306
-0.00051473690897139 -0.0076672787148096 -0.010171163961383 -0.00087518631671898 -0.010985585759944 0.021408467778674 0.0083248828209399 0.0021186588665559 -0.013050809463269 -0.014131828892132
-0.0093687904556654 -0.014829167948564 0.00033754111718781 -0.010633677471998 -0.0049477821931301 0.0083248828209399 0.037060148912572 -0.017651933110074 -0.019732785479815 0.0073218438953717
0.0050104227270273 0.008446946911804 -0.01125471422646 -0.00080116361260282 0.0083357887106171 0.0021186588665559 -0.017651933110074 0.017435473867717 0.003014958839045 -0.019946139389165
0.0082186471042684 0.0065912599381215 0.0082866299108454 0.0059200860979066 0.0047879845785957 -0.013050809463269 -0.019732785479815 0.0030149588390449 0.019736750967379 -0.00010555112659261
-0.013565352227864 0.00085318872962183 0.021522222511083 0.013103339801001 -0.014170370424306 -0.014131828892132 0.0073218438953717 -0.019946139389165 -0.00010555112659261 0.056761386794901
