0.0066286825833033 0.0016707225402743 -0.0012141324098514 0.00092023157785218 -0.00075103356567696 0.00063446238985227 -0.00055165221025988 0.00048876196673373 -0.00043867215552732 0.00039745132954459
0.0016707225402743 0.0071151654956911 0.00038283118155538 -0.00061256731390706 0.00045799124073173 -0.00039379363491046 0.0003363964646083 -0.00029672431672258 0.00026588422002274 -0.00024294239729841
-0.0012141324098514 0.00038283118155538 0.006882519493699 -0.00010420825399126 -0.0004965793448187 0.00034442010183181 -0.00031431948778174 0.00026816192011582 -0.00024190674976659 0.00021659568154452
0.00092023157785218 -0.00061256731390706 -0.00010420825399126 0.0065794577230589 -0.00043177357316052 -0.00045084181148463 0.00027051578498606 -0.00026674619419082 0.00022127790172186 -0.0002040218081578
-0.00075103356567696 0.00045799124073173 -0.0004965793448187 -0.00043177357316052 0.0063341006123832 -0.00066419656204267 -0.00045051357335425 0.00021973400979049 -0.00023508516059786 0.00018371287628567
0.00063446238985227 -0.00039379363491046 0.00034442010183181 -0.00045084181148463 -0.00066419656204267 0.0061812522124832 -0.00083285231046403 -0.00048110031081295 0.00018551981497702 -0.00021741143429812
-0.00055165221025988 0.0003363964646083 -0.00031431948778174 0.00027051578498606 -0.00045051357335425 -0.00083285231046403 0.0061268976819378 -0.00096055170479593 -0.0005365423865923 0.00016575262217012
0.00048876196673373 -0.00029672431672258 0.00026816192011582 -0.00026674619419082 0.00021973400979049 -0.00048110031081295 -0.00096055170479593 0.0061578862551581 -0.0010616920770687 -0.00060747301465949
-0.00043867215552732 0.00026588422002274 -0.00024190674976659 0.00022127790172186 -0.00023508516059786 0.00018551981497702 -0.0005365423865923 -0.0010616920770687 0.0062620470870981 -0.0011412453839116
0.00039745132954459 -0.00024294239729841 0.00021659568154452 -0.0002040218081578 0.00018371287628567 -0.00021741143429812 0.00016575262217012 -0.00060747301465949 -0.0011412453839116 0.0064272284556991
