-0.0059251306113412 -0.0018576460150432 0.0014749571765733 -0.0012288472880396 0.0011033597503719 -0.0010238412709315 0.00097544600594326 -0.00094443148488944 0.00092447228281641 -0.00091119731553357
-0.0018576460150432 -0.0067656667935438 -0.00064175489816043 0.00091785301210768 -0.00078960243585476 0.00075979564982868 -0.00072891153129541 0.00071594975725151 -0.00070771905124064 0.00070774364238664
0.0014749571765733 -0.00064175489816043 -0.0065820191814108 -0.00022053593934506 0.00087402250652971 -0.00074936777367745 0.00075921425870037 -0.00073850482111762 0.00074207233953398 -0.0007406686600695
-0.0012288472880396 0.00091785301210768 -0.00022053593934506 -0.006226349225523 4.2747697353587e-05 0.00090060292940476 -0.0007478592455818 0.00078969847932997 -0.00077033909477473 0.00078565667033139
0.0011033597503719 -0.00078960243585476 0.00087402250652971 4.2747697353587e-05 -0.0058814019715072 0.00021022336225284 0.00097077578984616 -0.00077004399237912 0.00083511777416187 -0.00081043766147312
-0.0010238412709315 0.00075979564982868 -0.00074936777367745 0.00090060292940476 0.00021022336225284 -0.0056144071741946 0.00030885318285935 0.0010722043584663 -0.00080885898978664 0.00089067783316707
0.00097544600594326 -0.00072891153129541 0.00075921425870037 -0.0007478592455818 0.00097077578984616 0.00030885318285935 -0.005444457051283 0.00036251806596483 0.0011963065090058 -0.00086472458314603
-0.00094443148488944 0.00071594975725151 -0.00073850482111762 0.00078969847932997 -0.00077004399237912 0.0010722043584663 0.00036251806596483 -0.0053675938021936 0.00038395738536704 0.0013353733910785
0.00092447228281641 -0.00070771905124064 0.00074207233953398 -0.00077033909477473 0.00083511777416187 -0.00080885898978664 0.0011963065090058 0.00038395738536704 -0.005372147348461 0.00038674080517175
-0.00091119731553357 0.00070774364238664 -0.0007406686600695 0.00078565667033139 -0.00081043766147312 0.00089067783316707 -0.00086472458314603 0.0013353733910785 0.00038674080517175 -0.005435833295848
