0.00241560860925 -0.00045255805844347 0.00090161875282422 -0.0012721113299345 0.0013918717334606 -0.0016216675977261 0.0016364949651754 -0.001844285434188 0.0017942092304433 -0.0020143409416867
-0.00045255805844347 0.0071547836127392 -0.0015484289886409 0.0015015976545338 -0.0021163286150884 0.0021040660483583 -0.0025883380876404 0.0024512650233681 -0.0029428912610336 0.0026914104905796
0.00090161875282422 -0.0015484289886409 0.0090265889896139 -0.0028737129360987 0.0023685904070863 -0.0030750114830196 0.0029342706171924 -0.0035230571388035 0.0032822495247551 -0.0038960929998971
-0.0012721113299345 0.0015015976545338 -0.0028737129360987 0.0098220998458336 -0.0039386492950351 0.0031048609308949 -0.0037972689405959 0.0036496866433385 -0.0041948780705084 0.0040039195434077
0.0013918717334606 -0.0021163286150884 0.0023685904070863 -0.0039386492950351 0.010189523540588 -0.0048254020836488 0.0036686361487191 -0.0044299152383544 0.0041977879986523 -0.0047978754447299
-0.0016216675977261 0.0021040660483583 -0.0030750114830196 0.0031048609308949 -0.0048254020836488 0.010516353775454 -0.0055638671595544 0.004248328557581 -0.0049605008051575 0.0048067456402206
0.0016364949651754 -0.0025883380876404 0.0029342706171924 -0.0037972689405959 0.0036686361487191 -0.0055638671595544 0.010759127758118 -0.0062007877061008 0.0046488232402426 -0.0054589001922011
-0.001844285434188 0.0024512650233681 -0.0035230571388035 0.0036496866433385 -0.0044299152383544 0.004248328557581 -0.0062007877061008 0.011176447894048 -0.0067490918434396 0.0051448582755739
0.0017942092304433 -0.0029428912610336 0.0032822495247551 -0.0041948780705084 0.0041977879986523 -0.0049605008051575 0.0046488232402426 -0.0067490918434396 0.011522183321854 -0.0072489872796246
-0.0020143409416867 0.0026914104905796 -0.0038960929998971 0.0040039195434077 -0.0047978754447299 0.0048067456402206 -0.0054589001922011 0.0051448582755739 -0.0072489872796246 0.012099259844514
