-0.0026749015878424 -0.002907161824795 0.0028145862928747 -0.0027639761719909 0.0028063640472379 -0.0028608427007752 0.0029293634640392 -0.0030009157819695 0.0030717496109608 -0.0031433837712315
-0.002907161824795 -0.0046966637938053 -0.0023243121151853 0.0027490739996556 -0.0027298009365421 0.0028279233954025 -0.0028928755787443 0.002973965641219 -0.003050796936165 0.0031215205388808
0.0028145862928747 -0.0023243121151853 -0.0045930164299152 -0.0023659996808223 0.003153869107166 -0.0031357134944769 0.0032856105373145 -0.0033642175186045 0.0034665370909543 -0.0035602553522057
-0.0027639761719909 0.0027490739996556 -0.0023659996808223 -0.0040109942146565 -0.0024674398335889 0.0035547171656664 -0.0035161915930864 0.00370131172808 -0.0037865694028733 0.0039040615539155
0.0028063640472379 -0.0027298009365421 0.003153869107166 -0.0024674398335889 -0.0033064147486908 -0.002631855270274 0.003957883233901 -0.0038810406841712 0.0040927940814097 -0.0041755765588818
-0.0028608427007752 0.0028279233954025 -0.0031357134944769 0.0035547171656664 -0.002631855270274 -0.0026402410020343 -0.0028436551410121 0.0043686546450468 -0.004236901734826 0.0044677638845485
0.0029293634640392 -0.0028928755787443 0.0032856105373145 -0.0035161915930864 0.003957883233901 -0.0028436551410121 -0.0020693955982457 -0.0030890943995364 0.0047866696166186 -0.0045847486072112
-0.0030009157819695 0.002973965641219 -0.0033642175186045 0.00370131172808 -0.0038810406841712 0.0043686546450468 -0.0030890943995364 -0.0016093867103932 -0.0033529371633186 0.00521019397547
0.0030717496109608 -0.003050796936165 0.0034665370909543 -0.0037865694028733 0.0040927940814097 -0.004236901734826 0.0047866696166186 -0.0033529371633186 -0.0012517380888035 -0.0036294937323386
-0.0031433837712315 0.0031215205388808 -0.0035602553522057 0.0039040615539155 -0.0041755765588818 0.0044677638845485 -0.0045847486072112 0.00521019397547 -0.0036294937323386 -0.00098961267872703
