-0.0042087112875704 -0.0024282905903794 0.0031799133625684 -0.0031590471205628 0.0031190230032229 -0.0031370257058324 0.0031562253356332 -0.0031973682810693 0.0032370147317502 -0.0032866120994536
-0.0024282905903794 -0.0060943516194227 -0.0012200508307218 0.0029757671532511 -0.0031154052061124 0.0031006980760444 -0.0031719440730848 0.0031933370105483 -0.0032555900626793 0.0032892847337778
0.0031799133625684 -0.0012200508307218 -0.006601468686862 -0.00085330103846965 0.0031999200201291 -0.0034483934602922 0.0034977363848581 -0.0036228812660087 0.0036608862421035 -0.0037607479040773
-0.0031590471205628 0.0029757671532511 -0.00085330103846965 -0.0063168316240515 -0.00069963686403636 0.0033696488035992 -0.0036946470013942 0.0038183366760776 -0.0039925584145953 0.0040447426435493
0.0031190230032229 -0.0031154052061124 0.0031999200201291 -0.00069963686403636 -0.0056061579839897 -0.00073892538361521 0.0035187897859124 -0.0039036590244945 0.0040944373099482 -0.0043084567200206
-0.0031370257058324 0.0031006980760444 -0.0034483934602922 0.0033696488035992 -0.00073892538361521 -0.0047035285227293 -0.0009272129461381 0.0036709390907302 -0.0040998614894408 0.0043439673483987
0.0031562253356332 -0.0031719440730848 0.0034977363848581 -0.0036946470013942 0.0035187897859124 -0.0009272129461381 -0.0037416820547552 -0.0012174839990664 0.003839572717497 -0.0043036016349846
-0.0031973682810693 0.0031933370105483 -0.0036228812660087 0.0038183366760776 -0.0039036590244945 0.0036709390907302 -0.0012174839990664 -0.0027940441982858 -0.0015802797574475 0.0040334872290794
0.0032370147317503 -0.0032555900626793 0.0036608862421035 -0.0039925584145953 0.0040944373099482 -0.0040998614894408 0.003839572717497 -0.0015802797574475 -0.0018897861126128 -0.0019815221963092
-0.0032866120994536 0.0032892847337778 -0.0037607479040773 0.0040447426435493 -0.0043084567200206 0.0043439673483987 -0.0043036016349846 0.0040334872290794 -0.0019815221963092 -0.0010482062287859
