0.0096364665759523 0.00023387471222569 -0.00060626242663956 0.000149280403836 0.0001873914259724 -0.0004513147783637 0.00066566674442332 -0.00084065356495867 0.0009916658372352 -0.0011234556442953
0.00023387471222569 0.010160699214272 -0.0018240952318646 0.00014497295594077 -0.00036735133871746 0.00053576333728456 -0.00068914247443635 0.00083117639443956 -0.00094686865516527 0.0010519434034337
-0.00060626242663956 -0.0018240952318646 0.010686024173995 -0.0029856636272972 0.00073325414033827 -0.00083925005350895 0.00092224995248665 -0.0010331114670165 0.0011484430880598 -0.0012462493017795
0.000149280403836 0.00014497295594077 -0.0029856636272972 0.010698893037863 -0.0037847800324034 0.001289564138991 -0.0012971969973593 0.0012995409260644 -0.0013748633033687 0.001464583322263
0.0001873914259724 -0.00036735133871746 0.00073325414033827 -0.0037847800324034 0.010412835226056 -0.0043367436349167 0.001796551092413 -0.0017272293161176 0.0016626069729357 -0.0017081547619966
-0.0004513147783637 0.00053576333728456 -0.00083925005350895 0.001289564138991 -0.0043367436349167 0.0099967140521887 -0.0047148868558874 0.0022480795557057 -0.0021241821039833 0.0020016427318482
0.00066566674442332 -0.00068914247443635 0.00092224995248665 -0.0012971969973593 0.001796551092413 -0.0047148868558874 0.0095522281751116 -0.0049747239070239 0.0026383632049623 -0.0024805191681235
-0.00084065356495867 0.00083117639443956 -0.0010331114670165 0.0012995409260644 -0.0017272293161176 0.0022480795557058 -0.0049747239070239 0.0091256200824919 -0.0051494256149028 0.0029786381843112
0.0009916658372352 -0.00094686865516527 0.0011484430880598 -0.0013748633033687 0.0016626069729357 -0.0021241821039833 0.0026383632049623 -0.0051494256149028 0.0087466786769917 -0.0052719103214662
-0.0011234556442953 0.0010519434034337 -0.0012462493017795 0.001464583322263 -0.0017081547619966 0.0020016427318482 -0.0024805191681235 0.0029786381843112 -0.0052719103214662 0.0084157023347991
