0.006741497137774 0.0018427552087993 -0.0010624554275955 -0.0003032414015454 -0.0010686940162418 0.0057947750499048 -0.0054062473376748 -0.0023787201410733 0.0086794004463577 -0.0084997277347771
0.0018427552087993 0.0083326787433434 -0.00054137968671335 -0.0049154510217759 0.0060784441182135 0.0068764144174593 -0.01041654180265 -0.0026705708339279 0.00854856961074 -0.0057191487311923
-0.0010624554275955 -0.00054137968671335 0.0042175342766189 0.0032008717812486 0.0062793697153232 -0.0012479437859391 -0.00037362549659217 -0.004947032305149 -0.0069688327740571 0.0045852255368191
-0.0003032414015454 -0.0049154510217759 0.0032008717812486 0.017245569438346 -0.00099606480011256 0.00067577765504358 0.0022347508825878 -0.0088201965925663 -0.012707930786214 0.0030288271810766
-0.0010686940162418 0.0060784441182135 0.0062793697153232 -0.00099606480011256 0.01549271142492 0.0024735576022579 -0.0084017125877698 -0.0087877602045705 -0.0040844546254407 0.0037052682936529
0.0057947750499048 0.0068764144174593 -0.0012479437859391 0.00067577765504358 0.0024735576022579 0.010145153912436 -0.011534410493147 -0.005350456947991 0.010157970215775 -0.010266736058307
-0.0054062473376748 -0.01041654180265 -0.00037362549659218 0.0022347508825878 -0.0084017125877698 -0.011534410493147 0.015660828887018 0.0073548016538927 -0.010950040219737 0.0096957612587145
-0.0023787201410733 -0.0026705708339279 -0.004947032305149 -0.0088201965925663 -0.0087877602045705 -0.005350456947991 0.0073548016538927 0.011880427069652 0.0046417524012255 0.0008784472742069
0.0086794004463577 0.00854856961074 -0.0069688327740571 -0.012707930786214 -0.0040844546254407 0.010157970215775 -0.010950040219737 0.0046417524012255 0.025224255817851 -0.017497454297895
-0.0084997277347771 -0.0057191487311923 0.0045852255368191 0.0030288271810766 0.0037052682936529 -0.010266736058307 0.0096957612587145 0.0008784472742069 -0.017497454297895 0.015326458447518
