0.0067389632821821 0.00058757520943987 -0.00012672873719554 -0.00045580545421758 0.0034231945627047 -0.001117590444814 -0.0078096769232525 0.0039789754773597 0.0073557545062253 -0.01132567055877
0.00058757520943987 0.0082896157625235 -0.0005415398559299 0.0033587635867046 0.0046837325569194 -0.0067236322602567 -0.013486734028073 0.0071269691412953 0.0061080858834913 0.0018699830181461
-0.00012672873719554 -0.0005415398559299 0.012969767855573 0.0055376222449798 -0.0038382694208585 -0.0097036319492643 -0.00096194331510277 -0.0094783430436263 0.0083621460800686 0.018653232962072
-0.00045580545421758 0.0033587635867046 0.0055376222449798 0.009181970910875 -0.0070885849900883 -0.0020742604384681 -0.0099107935379598 -0.0004222221297516 0.0054979850089408 0.01259662939274
0.0034231945627047 0.0046837325569194 -0.0038382694208585 -0.0070885849900883 0.014761679717218 -0.0083411514928534 -0.0043583201258856 0.0066029948901369 0.0045654642864629 -0.01256878092428
-0.001117590444814 -0.0067236322602566 -0.0097036319492643 -0.0020742604384681 -0.0083411514928534 0.018510892765071 0.0088343570278343 0.0020456472326419 -0.012905995087653 -0.012512325427281
-0.0078096769232525 -0.013486734028073 -0.00096194331510277 -0.0099107935379598 -0.0043583201258856 0.0088343570278343 0.032930119249669 -0.014882747296987 -0.017874675812521 0.0035296328996235
0.0039789754773597 0.0071269691412953 -0.0094783430436263 -0.0004222221297516 0.0066029948901369 0.0020456472326419 -0.014882747296987 0.014712634212617 0.0021505081658582 -0.016101767951792
0.0073557545062253 0.0061080858834913 0.0083621460800686 0.0054979850089408 0.0045654642864629 -0.012905995087653 -0.017874675812521 0.0021505081658582 0.01846059782814 0.0012297298994221
-0.01132567055877 0.0018699830181461 0.018653232962072 0.01259662939274 -0.01256878092428 -0.012512325427281 0.0035296328996235 -0.016101767951792 0.0012297298994221 0.04918876400748
