-0.0022656383679144 -0.0027994620411293 0.0025940502275857 -0.002605068458362 0.0026604039217205 -0.002739162956757 0.0028115188058381 -0.0029010160734381 0.002963767779553 -0.003058399955084
-0.0027994620411293 -0.0039492210039767 -0.0023707716296859 0.0024471063536718 -0.0025662668418888 0.0026516057306797 -0.0027716530019237 0.0028274024532569 -0.0029645103902499 0.0029736435055359
0.0025940502275857 -0.0023707716296859 -0.0034682455186373 -0.002516106448129 0.0027431558643972 -0.002948245255242 0.0030558771866845 -0.003234330168268 0.0032711132076984 -0.0034869003597084
-0.002605068458362 0.0024471063536718 -0.002516106448129 -0.0025161508468318 -0.0027175179901947 0.003032706608759 -0.0033095023909046 0.0034145392280466 -0.0036595289100394 0.0036451073634041
0.0026604039217205 -0.0025662668418888 0.0027431558643972 -0.0027175179901947 -0.0014552206506868 -0.0029857509538274 0.0033242030256068 -0.0036608346244669 0.0037398004264373 -0.0040686325382066
-0.002739162956757 0.0026516057306797 -0.002948245255242 0.003032706608759 -0.0029857509538274 -0.00044909236836588 -0.0033119571617563 0.0036137635814051 -0.0040178969480929 0.004017729555306
0.0028115188058381 -0.0027716530019237 0.0030558771866845 -0.0033095023909046 0.0033242030256068 -0.0033119571617563 0.00043565109007084 -0.0036928237540485 0.0038887289828565 -0.004419124453633
-0.0029010160734381 0.0028274024532569 -0.0032343301682681 0.0034145392280466 -0.0036608346244669 0.0036137635814051 -0.0036928237540485 0.0011597448915956 -0.0041548536350714 0.0040582618670453
0.002963767779553 -0.0029645103902499 0.0032711132076984 -0.0036595289100394 0.0037398004264373 -0.0040178969480929 0.0038887289828565 -0.0041548536350714 0.0016453954658286 -0.0048285388153626
-0.003058399955084 0.0029736435055359 -0.0034869003597084 0.0036451073634041 -0.0040686325382066 0.004017729555306 -0.004419124453633 0.0040582618670453 -0.0048285388153626 0.0019588426537754
