-0.0060919489031321 -0.0015618255714437 0.0014306340642944 -0.0012703181844499 0.0011530235643053 -0.0010786172104727 0.0010288774941847 -0.00099557863949424 0.00097236480755222 -0.00095661226099712
-0.0015618255714437 -0.0062730897104284 -0.00025687446934056 0.00074655001350566 -0.00079127716369077 0.00076881851566828 -0.00075718721355528 0.00074660744888816 -0.00074234232817082 0.0007391510778252
0.0014306340642944 -0.00025687446934056 -0.0058353898523939 0.00019261168380905 0.00057873516446131 -0.00071316334183981 0.000732190643979 -0.00075125176837645 0.00075710342140584 -0.00076698170164445
-0.0012703181844499 0.00074655001350566 0.00019261168380905 -0.0052289211892294 0.00044854539087047 0.00048226401406929 -0.00066669572929577 0.0007168722600748 -0.00076101886792232 0.00078057420248936
0.0011530235643053 -0.00079127716369077 0.00057873516446131 0.00044854539087047 -0.0046038395059681 0.00057843960574163 0.00042985574803559 -0.00063579264673976 0.00071177660928671 -0.00077886820707426
-0.0010786172104727 0.00076881851566828 -0.00071316334183981 0.00048226401406929 0.00057843960574163 -0.0040312340567513 0.00061779922043115 0.00041522879878066 -0.00062169731707844 0.0007168599103044
0.0010288774941847 -0.00075718721355528 0.000732190643979 -0.00066669572929577 0.00042985574803559 0.00061779922043115 -0.0035356917146412 0.00058889200739132 0.00043546854220928 -0.00062052487057245
-0.00099557863949424 0.00074660744888816 -0.00075125176837645 0.0007168722600748 -0.00063579264673976 0.00041522879878066 0.00058889200739132 -0.0031217776314255 0.00051450157775325 0.00046949954863487
0.00097236480755222 -0.00074234232817082 0.00075710342140584 -0.00076101886792232 0.00071177660928671 -0.00062169731707844 0.00043546854220928 0.00051450157775325 -0.0028056251295467 0.00034429179881051
-0.00095661226099712 0.0007391510778252 -0.00076698170164445 0.00078057420248936 -0.00077886820707426 0.0007168599103044 -0.00062052487057245 0.00046949954863487 0.00034429179881051 -0.0026660362323747
