0.0024801764525627 -0.0009122621163584 0.0015800860114088 -0.0020046266080849 0.0022052844656381 -0.0024883021769203 0.002565257353873 -0.0028193557637635 0.0028228486664435 -0.0030836187612311
-0.0009122621163584 0.0076537253664778 -0.0028026662434919 0.0033227427139182 -0.003978138785343 0.0041580296582472 -0.004731257385182 0.0047447230815632 -0.0053207182091354 0.0052006951975233
0.0015800860114088 -0.0028026662434919 0.0097744378983237 -0.0047285211111244 0.0049954844810891 -0.0056911688206608 0.0057847587044951 -0.0064649337616077 0.0064090764375982 -0.0071188379706758
-0.0020046266080849 0.0033227427139182 -0.0047285211111244 0.010805481725054 -0.0063464721221615 0.006474709916582 -0.0070908378951813 0.0072064046614493 -0.0078298808272803 0.0078518027963277
0.0022052844656381 -0.003978138785343 0.0049954844810891 -0.0063464721221615 0.01138819083891 -0.0077583686537021 0.007741970176624 -0.0083593178087475 0.0084078277772874 -0.0090755768750053
-0.0024883021769203 0.0041580296582472 -0.0056911688206608 0.006474709916582 -0.0077583686537021 0.011915702549185 -0.0089990108094343 0.0090047397264285 -0.0094991764386971 0.0096439395857078
0.002565257353873 -0.004731257385182 0.0057847587044951 -0.0070908378951813 0.007741970176624 -0.0089990108094343 0.012337333201178 -0.0101233577632 0.010063293605782 -0.010589385084439
-0.0028193557637635 0.0047447230815632 -0.0064649337616077 0.0072064046614493 -0.0083593178087475 0.0090047397264285 -0.0101233577632 0.012922790518789 -0.011146375288497 0.011205965632244
0.0028228486664435 -0.0053207182091354 0.0064090764375982 -0.0078298808272803 0.0084078277772874 -0.0094991764386971 0.010063293605782 -0.011146375288497 0.013411694397003 -0.012111806426669
-0.0030836187612311 0.0052006951975233 -0.0071188379706758 0.0078518027963277 -0.0090755768750053 0.0096439395857078 -0.010589385084439 0.011205965632244 -0.012111806426669 0.014128086358832
