-0.0012266689654887 -0.003905676210498 0.0039354438362365 -0.004134748199637 0.004353898821469 -0.0045707344634548 0.0047763702330644 -0.0049737393285325 0.0051567375743912 -0.0053334148882188
-0.003905676210498 -0.0025716307150258 -0.0039104356202327 0.0042159124046436 -0.0045147424098673 0.0047787050268585 -0.0050268583475274 0.0052483832818102 -0.0054664640414217 0.0056571152801384
0.0039354438362365 -0.0039104356202327 -0.0014956285301484 -0.0046275538900511 0.0051042627500192 -0.005490002588166 0.0058082546134596 -0.0061045820259514 0.0063598169018601 -0.0066180558944684
-0.004134748199637 0.0042159124046436 -0.0046275538900511 3.5221277594865e-05 -0.0053710740490709 0.00595984268108 -0.0064047717140006 0.0067565444235485 -0.0070874974988881 0.0073630084712136
0.004353898821469 -0.0045147424098673 0.0051042627500192 -0.0053710740490709 0.0016644322986804 -0.0061522804813976 0.0067967744951985 -0.0072782062274513 0.0076503210393594 -0.0080055230001764
-0.0045707344634548 0.0047787050268585 -0.005490002588166 0.00595984268108 -0.0061522804813976 0.0032385302935706 -0.0069613656438409 0.0076217378717028 -0.0081234007017842 0.008504894147149
0.0047763702330644 -0.0050268583475274 0.0058082546134596 -0.0064047717140006 0.0067967744951985 -0.0069613656438409 0.0047015852141775 -0.007788223617433 0.0084380011522126 -0.0089477533833729
-0.0049737393285325 0.0052483832818102 -0.0061045820259514 0.0067565444235485 -0.0072782062274513 0.0076217378717028 -0.007788223617433 0.0060414829601749 -0.0086227478393668 0.0092459175782815
0.0051567375743912 -0.0054664640414217 0.0063598169018601 -0.0070874974988881 0.0076503210393594 -0.0081234007017842 0.0084380011522126 -0.0086227478393668 0.0072688066292826 -0.0094569837562557
-0.0053334148882188 0.0056571152801384 -0.0066180558944684 0.0073630084712136 -0.0080055230001764 0.008504894147149 -0.0089477533833729 0.0092459175782815 -0.0094569837562557 0.0083980439113621
