-0.0038215151286305 -0.002423516401901 0.0021089292242634 -0.002049341867958 0.0020575122916354 -0.0020943118155381 0.0021452096102775 -0.0022028273416077 0.0022630737538099 -0.0023243122068808
-0.002423516401901 -0.0045435205053803 -0.0013972790592482 0.0014752181056402 -0.0015522439916401 0.001622814877919 -0.0016907935362306 0.0017568051572331 -0.0018213669380351 0.0018836998792668
0.0021089292242634 -0.0013972790592482 -0.003830262228342 -0.0012780792322887 0.0015214411771003 -0.0016696052791558 0.0017788691842097 -0.0018719103959071 0.0019561501409833 -0.0020347612195256
-0.002049341867958 0.0014752181056402 -0.0012780792322887 -0.0029234625270718 -0.0013114836403478 0.0016442345537026 -0.0018363543190515 0.0019731245079266 -0.0020847672311661 0.0021827995547556
0.0020575122916354 -0.0015522439916401 0.0015214411771003 -0.0013114836403478 -0.0020188480889472 -0.0014346449460608 0.0018083849561065 -0.0020257460153603 0.002180785693759 -0.0023055827455763
-0.0020943118155381 0.001622814877919 -0.0016696052791558 0.0016442345537026 -0.0014346449460608 -0.001188895966841 -0.0016188305073989 0.0020016160259662 -0.0022303121904998 0.002397194608288
0.0021452096102775 -0.0016907935362306 0.0017788691842097 -0.0018363543190515 0.0018083849561065 -0.0016188305073989 -0.00045275714114151 -0.0018426582284821 0.0022165634185572 -0.0024470754513703
-0.0022028273416077 0.0017568051572331 -0.0018719103959071 0.0019731245079266 -0.0020257460153603 0.0020016160259662 -0.0018426582284821 0.00019412737989729 -0.0020912863445663 0.0024470169973884
0.0022630737538099 -0.0018213669380351 0.0019561501409833 -0.0020847672311661 0.002180785693759 -0.0022303121904998 0.0022165634185572 -0.0020912863445663 0.00076440975269886 -0.0023534509744805
-0.0023243122068808 0.0018836998792668 -0.0020347612195256 0.0021827995547556 -0.0023055827455763 0.002397194608288 -0.0024470754513703 0.0024470169973884 -0.0023534509744805 0.0012723654326088
