-0.002263217042123 -0.0027977296366026 0.0025943106233168 -0.0026054657598249 0.0026621649709168 -0.0027394717094101 0.002814557909277 -0.0029002345511281 0.0029690032988196 -0.0030547746025332
-0.0027977296366026 -0.0039397809591766 -0.0023667428985661 0.0024483880666401 -0.0025650022630279 0.002656668701728 -0.0027678215661934 0.002837640005139 -0.0029538039716594 0.0029948274672524
0.0025943106233168 -0.0023667428985661 -0.0034502001535189 -0.0025075899862984 0.0027462122871584 -0.0029440154282194 0.0030662646899363 -0.0032236396617346 0.0032930436949853 -0.0034593773517316
-0.0026054657598249 0.0024483880666401 -0.0025075899862984 -0.0024854725628241 -0.0027017102592468 0.0030388665996394 -0.0032998704313477 0.0034338946516444 -0.0036361424255979 0.0036881559992378
0.0026621649709168 -0.0025650022630279 0.0027462122871584 -0.0027017102592468 -0.0014063502924926 -0.0029586073794965 0.0033352055208501 -0.0036420498484571 0.0037736073130758 -0.0040205230038336
-0.0027394717094101 0.002656668701728 -0.0029440154282194 0.0030388665996394 -0.0029586073794965 -0.00037327960978316 -0.0032666461990165 0.0036346317294277 -0.0039794468674691 0.004088763139813
0.002814557909277 -0.0027678215661934 0.0030662646899363 -0.0032998704313477 0.0033352055208501 -0.0032666461990165 0.00055107665891906 -0.0036156976949369 0.0039367886320654 -0.0043207321934294
-0.0029002345511281 0.002837640005139 -0.0032236396617346 0.0034338946516444 -0.0036420498484571 0.0036346317294277 -0.0036156976949368 0.0013452915397142 -0.004001743181665 0.0042267855760233
0.0029690032988196 -0.0029538039716594 0.0032930436949853 -0.0036361424255979 0.0037736073130758 -0.0039794468674691 0.0039367886320654 -0.004001743181665 0.002005332823979 -0.0044382787754993
-0.0030547746025332 0.0029948274672524 -0.0034593773517316 0.0036881559992378 -0.0040205230038336 0.004088763139813 -0.0043207321934294 0.0042267855760233 -0.0044382787754993 0.0024842579760417
