0.002288999946484 -0.0004443302941043 0.00094862952731556 -0.0013222474028952 0.0013760122422867 -0.0016672290207826 0.0015822961008737 -0.0018965821692131 0.0017056882767549 -0.0020856714481113
-0.00044433029410429 0.0066077020616121 -0.0014790187934808 0.0016219337106027 -0.0022619702893933 0.0020619585880532 -0.0027370318180181 0.0023186490370384 -0.0031206159832207 0.0024707359431158
0.00094862952731556 -0.0014790187934808 0.0079787180227295 -0.0027299453107666 0.0025271377308185 -0.0032581163257631 0.0028665456868086 -0.0037074971721311 0.003096112822985 -0.0041186818441945
-0.0013222474028952 0.0016219337106027 -0.0027299453107666 0.0083495428226389 -0.0036992409540799 0.0033701461803042 -0.0039817367517737 0.0036454207628836 -0.0043550562771023 0.003880575144191
0.0013760122422867 -0.0022619702893933 0.0025271377308185 -0.0036992409540799 0.0082748003228489 -0.0044831868934269 0.0039844942869291 -0.0046251853083137 0.0041766230987395 -0.004969496154141
-0.0016672290207826 0.0020619585880532 -0.0032581163257631 0.0033701461803042 -0.0044831868934269 0.0082572025036833 -0.005097263998955 0.0047223548881114 -0.0051329185216852 0.0049015781755098
0.0015822961008737 -0.0027370318180181 0.0028665456868086 -0.0039817367517737 0.0039844942869291 -0.005097263998955 0.0080774652892301 -0.0056124221038652 0.0051603604957704 -0.0056441526649416
-0.0018965821692131 0.0023186490370384 -0.0037074971721311 0.0036454207628837 -0.0046251853083137 0.0047223548881114 -0.0056124221038652 0.0082144538465878 -0.0060213876541398 0.0058452055017816
0.0017056882767549 -0.0031206159832207 0.003096112822985 -0.0043550562771023 0.0041766230987395 -0.0051329185216852 0.0051603604957704 -0.0060213876541398 0.0081336544247549 -0.0063997376409245
-0.0020856714481113 0.0024707359431158 -0.0041186818441945 0.003880575144191 -0.004969496154141 0.0049015781755098 -0.0056441526649416 0.0058452055017816 -0.0063997376409245 0.0084736268695895
