0.0053421763919986 0.0013045287331096 -0.00086261178864073 0.00067150388237626 -0.00055678900463102 0.00047876435566269 -0.00042218386379708 0.00037847104246368 -0.00034322743034632 0.00031398911120429
0.0013045287331096 0.0053682582389894 0.00029491674179211 -0.00027983925063495 0.00025601425330235 -0.00023429002161178 0.00021348737401131 -0.00019701186541519 0.00018240829024671 -0.00016983602146556
-0.00086261178864073 0.00029491674179211 0.0047711207064562 -5.656232284751e-05 -8.3739178687409e-05 0.00012008369570776 -0.00013495181670281 0.00013359993079761 -0.00013209438519711 0.00012660063204979
0.00067150388237626 -0.00027983925063495 -5.656232284751e-05 0.0041082598921165 -0.000265994311638 4.7109900389983e-05 1.9114320949014e-05 -6.1233491542341e-05 7.1506283718323e-05 -8.3066367457267e-05
-0.00055678900463102 0.00025601425330235 -8.3739178687409e-05 -0.000265994311638 0.0035016549314996 -0.00038842553445891 0.00013502708935098 -6.1319782509567e-05 -3.9463490735206e-06 1.7622967183817e-05
0.00047876435566269 -0.00023429002161178 0.00012008369570776 4.7109900389983e-05 -0.00038842553445891 0.0029916862307054 -0.00045136647870026 0.0001881945978152 -0.00012739231744264 3.5923464455305e-05
-0.00042218386379708 0.00021348737401131 -0.00013495181670281 1.9114320949015e-05 0.00013502708935098 -0.00045136647870026 0.0025833108935359 -0.00047468294342186 0.00020958574297634 -0.00019402052601987
0.00037847104246368 -0.00019701186541519 0.00013359993079761 -6.1233491542341e-05 -6.1319782509567e-05 0.0001881945978152 -0.00047468294342186 0.002265801187144 -0.00048196726163246 0.00019118020415238
-0.00034322743034632 0.00018240829024671 -0.00013209438519711 7.1506283718324e-05 -3.9463490735207e-06 -0.00012739231744264 0.00020958574297634 -0.00048196726163246 0.0020159927172971 -0.00043281847212697
0.00031398911120429 -0.00016983602146556 0.00012660063204979 -8.3066367457268e-05 1.7622967183818e-05 3.5923464455304e-05 -0.00019402052601988 0.00019118020415238 -0.00043281847212697 0.0020819658226073
