-0.0022708595222854 -0.0028039527267447 0.0025957371457995 -0.0026069142081789 0.0026600117283098 -0.0027418653428391 0.0028090680075549 -0.0029068843691999 0.002956689996301 -0.0030719404588817
-0.0028039527267447 -0.003967968283955 -0.002379748477743 0.0024477333863634 -0.0025723106402957 0.0026457225808981 -0.0027842622985426 0.002810268587387 -0.0029943322060507 0.0029277864700703
0.0025957371457995 -0.002379748477743 -0.0035032708964451 -0.0025337655293812 0.0027412929775058 -0.0029621649292655 0.0030394758182958 -0.0032645566657446 0.0032257613002416 -0.0035678326006334
-0.0026069142081789 0.0024477333863634 -0.0025337655293812 -0.0025746780606419 -0.0027496845432944 0.0030243195205816 -0.0033375171695741 0.0033765842152101 -0.0037288231767944 0.0035255030500068
0.0026600117283098 -0.0025723106402957 0.0027412929775058 -0.0027496845432944 -0.0015486082035993 -0.0030413734925001 0.0033025526152466 -0.0037177933058567 0.0036487008417972 -0.0042597639890803
-0.0027418653428391 0.0026457225808981 -0.0029621649292655 0.0030243195205816 -0.0030413734925001 -0.00059707201203466 -0.003411534927912 0.0035512887189328 -0.0041709603679858 0.0036929740177561
0.0028090680075549 -0.0027842622985426 0.0030394758182958 -0.0033375171695741 0.0033025526152466 -0.003411534927912 0.00019057348357069 -0.0039060896831971 0.003637651840093 -0.0048899950942116
-0.0029068843691999 0.002810268587387 -0.0032645566657446 0.0033765842152101 -0.0037177933058567 0.0035512887189328 -0.0039060896831971 0.00064626288934617 -0.0047040956741573 0.0039033729320611
0.002956689996301 -0.0029943322060507 0.0032257613002416 -0.0037288231767944 0.0036487008417972 -0.0041709603679858 0.003637651840093 -0.0047040956741573 0.001085619423853 -0.0040008266393071
-0.0030719404588817 0.0029277864700703 -0.0035678326006334 0.0035255030500068 -0.0042597639890803 0.0036929740177561 -0.0048899950942116 0.0039033729320611 -0.0040008266393071 0.0035243452545545
