0.0022875883292267 -0.00045588098223963 0.00092256384651004 -0.0013538082935965 0.0013320439931579 -0.0017203580550385 0.0015132290910814 -0.0019805443110111 0.0015972743736965 -0.0022211718261096
-0.00045588098223963 0.0065749959344679 -0.0015453593318774 0.0015296619979212 -0.0023746436633439 0.0019282898979488 -0.0029051952327872 0.0021158205301163 -0.0033806915965972 0.0021433933786398
0.00092256384651004 -0.0015453593318774 0.0079120213710044 -0.0028241041518951 0.0023809288066471 -0.0034074450051567 0.0026692902303298 -0.0039321111445545 0.0027965678633528 -0.0044895419628001
-0.0013538082935965 0.0015296619979212 -0.0028241041518951 0.0083131492857007 -0.003789206760006 0.0032517973681154 -0.0041203084387309 0.0034936005039558 -0.0045641953060069 0.0036164685183432
0.0013320439931579 -0.0023746436633439 0.0023809288066471 -0.003789206760006 0.0082356565249336 -0.0045554849771081 0.0038168222705637 -0.0047771261705588 0.0039422079654723 -0.0052646100648838
-0.0017203580550385 0.0019282898979488 -0.0034074450051567 0.0032517973681154 -0.0045554849771081 0.008335252272828 -0.005123969548756 0.004629192988067 -0.0052743508071203 0.0046801677717273
0.0015132290910814 -0.0029051952327872 0.0026692902303298 -0.0041203084387309 0.0038168222705637 -0.005123969548756 0.0081678584602147 -0.0056133648778742 0.0049078670421712 -0.0060274818698726
-0.0019805443110111 0.0021158205301163 -0.0039321111445545 0.0034936005039558 -0.0047771261705588 0.004629192988067 -0.0056133648778742 0.0084587384653816 -0.006120798165813 0.0053778074284102
0.0015972743736965 -0.0033806915965972 0.0027965678633528 -0.0045641953060069 0.0039422079654723 -0.0052743508071203 0.0049078670421712 -0.006120798165813 0.0081096678577432 -0.0064223479609277
-0.0022211718261096 0.0021433933786398 -0.0044895419628001 0.0036164685183432 -0.0052646100648838 0.0046801677717273 -0.0060274818698726 0.0053778074284102 -0.0064223479609277 0.010211348975262
