0.0053589170358493 0.0013146675088466 -0.00086697744390217 0.000672340955244 -0.00055721681549214 0.00047864376927922 -0.00042212380383566 0.00037810719675644 -0.0003431042083082 0.00031316091621597
0.0013146675088466 0.0054094664725476 0.00030854517409909 -0.00028951185961994 0.00025599268666519 -0.00023578190292764 0.00021248102112285 -0.000197734628708 0.00018066632566214 -0.00017741238275183
-0.00086697744390217 0.00030854517409909 0.0048355599834102 -3.7936057470747e-05 -0.00010300172475702 0.00011695469575862 -0.00013950057786536 0.00012975629201188 -0.0001420476607702 0.00010007142372546
0.000672340955244 -0.00028951185961994 -3.7936057470747e-05 0.0042030728653434 -0.00024152673154216 1.2003875779522e-05 8.8981325447847e-06 -7.8007666978683e-05 4.0908737762744e-05 -8.6194794837947e-05
-0.00055721681549214 0.00025599268666519 -0.00010300172475702 -0.00024152673154216 0.0036367410884792 -0.00035707592593388 6.9684798480155e-05 -0.00010417719039235 -2.7162528932955e-05 0.000244079330674
0.00047864376927922 -0.00023578190292764 0.00011695469575862 1.2003875779522e-05 -0.00035707592593388 0.0031756411415879 -0.00042996434206583 8.53834738324e-05 3.1377030559829e-05 0.000628494478969
-0.00042212380383566 0.00021248102112285 -0.00013950057786536 8.8981325447849e-06 6.9684798480155e-05 -0.00042996434206583 0.0028401901900161 -0.00023984763425048 0.00062470287980131 7.2841756051854e-05
0.00037810719675644 -0.000197734628708 0.00012975629201188 -7.8007666978683e-05 -0.00010417719039235 8.5383473832401e-05 -0.00023984763425048 0.0031800303980768 -6.4442875407533e-05 -0.00099486376882678
-0.0003431042083082 0.00018066632566214 -0.0001420476607702 4.0908737762745e-05 -2.7162528932955e-05 3.1377030559829e-05 0.00062470287980131 -6.4442875407532e-05 0.0016363689517508 -0.0016824552878993
0.00031316091621597 -0.00017741238275183 0.00010007142372546 -8.6194794837947e-05 0.000244079330674 0.000628494478969 7.2841756051854e-05 -0.00099486376882678 -0.0016824552878993 0.0028748303537715
