0.0023023089352141 -0.00052300884846138 0.00066973746557848 -0.0016571133086212 0.00081576331046105 -0.0025351958797959 -0.0002430440411184 -0.0052384466482005 0.0010640346445184 0.0074685578545037
-0.00052300884846138 0.0065386195967348 -0.0020082966081163 0.00060017723258856 -0.003705551622029 -0.00059359255007767 -0.0078338272411204 -0.0024745865334059 0.0015365233508503 0.014455750619582
0.00066973746557848 -0.0020082966081163 0.0078285993048277 -0.0035995760402287 8.5351756383314e-05 -0.0072379081477325 -0.001030091759827 -0.00046367688384963 0.0084499137441171 -0.0065613528096358
-0.0016571133086212 0.00060017723258856 -0.0035995760402287 0.008362309642215 -0.0058952232987082 0.0012175197442733 0.00040092216615083 0.0099398990261933 -0.0081908948201942 -0.0021951070643713
0.00081576331046105 -0.003705551622029 8.5351756383312e-05 -0.0058952232987082 0.0091638811487818 0.0011271998922083 0.0085537599964371 -0.0071206767025505 0.0014772970178172 -0.0058270393740234
-0.0025351958797959 -0.00059359255007767 -0.0072379081477325 0.0012175197442733 0.0011271998922083 0.019871604243733 -0.0022033301436037 0.0057001187814068 -0.0072759267602334 -0.0090726540734617
-0.0002430440411184 -0.0078338272411204 -0.001030091759827 0.00040092216615084 0.0085537599964371 -0.0022033301436037 0.01842788818643 0.0010330038264289 -0.0055377553419988 -0.018264192178421
-0.0052384466482005 -0.0024745865334059 -0.00046367688384963 0.0099398990261933 -0.0071206767025505 0.0057001187814068 0.0010330038264289 0.022607651225587 -0.0085330470704556 -0.024220288941415
0.0010640346445184 0.0015365233508503 0.0084499137441171 -0.0081908948201942 0.0014772970178172 -0.0072759267602334 -0.0055377553419988 -0.0085330470704556 0.015928720389266 -0.00024495947145138
0.0074685578545037 0.014455750619582 -0.0065613528096358 -0.0021951070643713 -0.0058270393740234 -0.0090726540734617 -0.018264192178421 -0.024220288941415 -0.00024495947145138 0.071005199842074
