-0.0060948552701678 -0.0015536138242612 0.0014231005187321 -0.0012632015259458 0.0011446555349478 -0.0010691295633224 0.0010186029824562 -0.00098482690793263 0.00096123120390153 -0.00094497649641613
-0.0015536138242612 -0.0062674379402544 -0.00024814936461283 0.00073599813209486 -0.00078459760074435 0.0007615415436687 -0.00074916272161828 0.00073759802769866 -0.00073265327567277 0.00072977066130351
0.0014231005187321 -0.00024814936461283 -0.0058259722684925 0.00020309663410672 0.00056328387907095 -0.00070551193795734 0.00072356602788294 -0.00074193438979922 0.00074728240933872 -0.00075709942406162
-0.0012632015259458 0.00073599813209486 0.00020309663410672 -0.0052122666336485 0.0004612535858992 0.00046010132062437 -0.00065777359184076 0.0007074163662563 -0.00075212639141744 0.00077023758875766
0.0011446555349478 -0.00078459760074435 0.00056328387907094 0.0004612535858992 -0.0045760076331426 0.00059451336301253 0.00039963814110991 -0.00062749094655756 0.00070132010635507 -0.00076753648805342
-0.0010691295633224 0.0007615415436687 -0.00070551193795734 0.00046010132062437 0.00059451336301253 -0.003986000862184 0.00063642508581541 0.00037401946307468 -0.00061140508418739 0.00070442670917163
0.0010186029824562 -0.00074916272161828 0.00072356602788294 -0.00065777359184076 0.00039963814110991 0.00063642508581541 -0.0034663646723037 0.00061399786936525 0.00037852822499239 -0.00060808740133825
-0.00098482690793263 0.00073759802769866 -0.00074193438979922 0.0007074163662563 -0.00062749094655756 0.00037401946307468 0.00061399786936525 -0.0030209668771871 0.00054744570867161 0.00040956075129958
0.00096123120390153 -0.00073265327567277 0.00074728240933872 -0.00075212639141744 0.00070132010635507 -0.00061140508418739 0.00037852822499239 0.00054744570867161 -0.0026456948173682 0.00044969673539302
-0.00094497649641613 0.00072977066130351 -0.00075709942406162 0.00077023758875766 -0.00076753648805342 0.00070442670917163 -0.00060808740133825 0.00040956075129958 0.00044969673539302 -0.0023421469578046
