-0.0026449094215169 -0.0026705175250962 0.0026835518476959 -0.0027353925751108 0.0027769101779629 -0.0028403294564377 0.0029024597314164 -0.002976112473774 0.003039517789774 -0.0031134123019541
-0.0026705175250962 -0.0043140093124351 -0.0021050557529382 0.0025130893423326 -0.0027077064859639 0.0027764788226425 -0.0028767501109694 0.0029368465983631 -0.0030316018464931 0.0030807143621676
0.0026835518476959 -0.0021050557529382 -0.0040483995777135 -0.0021102217283513 0.0027934500927229 -0.0030990091698475 0.0031942640158991 -0.0033394229228849 0.0034080555587549 -0.0035379859059117
-0.0027353925751108 0.0025130893423326 -0.0021102217283513 -0.0032728235030794 -0.0021927004457092 0.003067330432053 -0.0034499022547373 0.003562713002586 -0.0037476771299609 0.0038163778027193
0.0027769101779629 -0.0027077064859639 0.0027934500927229 -0.0021927004457092 -0.0023362411258953 -0.0023582587534663 0.0033443376221124 -0.0037745232247352 0.0038985065923198 -0.004119972253985
-0.0028403294564377 0.0027764788226425 -0.0030990091698475 0.003067330432053 -0.0023582587534663 -0.0013985247170846 -0.0025940732435001 0.0036258285501489 -0.0040857012311391 0.0042090885961212
0.0029024597314164 -0.0028767501109694 0.0031942640158991 -0.0034499022547373 0.0033443376221124 -0.0025940732435001 -0.00052597630695289 -0.0028876094877092 0.0039128873905469 -0.0043917299900969
-0.002976112473774 0.0029368465983631 -0.0033394229228849 0.003562713002586 -0.0037745232247352 0.0036258285501489 -0.0028876094877092 0.00025633284251005 -0.0032266493312365 0.0042001501993538
0.003039517789774 -0.0030316018464931 0.0034080555587549 -0.0037476771299609 0.0038985065923198 -0.0040857012311391 0.0039128873905469 -0.0032266493312365 0.00094485442698096 -0.0036032173889039
-0.0031134123019541 0.0030807143621676 -0.0035379859059117 0.0038163778027193 -0.004119972253985 0.0042090885961212 -0.0043917299900969 0.0042001501993538 -0.0036032173889039 0.0015372855498946
