-0.0039830455450813 -0.0022891121254236 0.0019591824398714 -0.001883876043229 0.0018774694643943 -0.0019007395730682 0.0019388973553055 -0.0019844519136453 0.0020333525457384 -0.0020839235440438
-0.0022891121254236 -0.004659557468139 -0.001270855498098 0.0013359922345885 -0.0014004097148207 0.0014592809979116 -0.0015165656184115 0.0015727289696996 -0.0016278089445146 0.0016808740402203
0.0019591824398714 -0.001270855498098 -0.0039734495204986 -0.0011227056494956 0.0013527143292312 -0.0014878138691388 0.0015851136757166 -0.0016669588166119 0.0017406543369402 -0.0018091776744974
-0.001883876043229 0.0013359922345885 -0.0011227056494956 -0.0030977604339397 -0.001124698349473 0.0014441157548806 -0.0016226648113417 0.0017468047445613 -0.0018466779277605 0.0019339188217455
0.0018774694643943 -0.0014004097148207 0.0013527143292312 -0.001124698349473 -0.0022248428051268 -0.0012160991375017 0.0015762366691467 -0.0017795627096902 0.0019218624164711 -0.0020346576919511
-0.0019007395730682 0.0014592809979116 -0.0014878138691388 0.0014441157548806 -0.0012160991375017 -0.001427071586998 -0.0013681371929858 0.0017376053067821 -0.0019521148607648 0.0021058876056164
0.0019388973553055 -0.0015165656184115 0.0015851136757166 -0.0016226648113417 0.0015762366691467 -0.0013681371929858 -0.00072295260560588 -0.0015602921914176 0.0019208625427491 -0.0021368917760545
-0.0019844519136453 0.0015727289696996 -0.0016669588166119 0.0017468047445613 -0.0017795627096902 0.0017376053067821 -0.0015602921914176 -0.00010796116934767 -0.0017772276299304 0.00211989223125
0.0020333525457384 -0.0016278089445146 0.0017406543369402 -0.0018466779277605 0.0019218624164711 -0.0019521148607648 0.0019208625427491 -0.0017772276299304 0.00043065093740917 -0.0020079668800363
-0.0020839235440438 0.0016808740402203 -0.0018091776744974 0.0019339188217455 -0.0020346576919511 0.0021058876056164 -0.0021368917760545 0.00211989223125 -0.0020079668800363 0.0009068822109566
