0.0069588012857759 -0.00080884805999932 0.0015439269437692 -0.0019965468899642 0.0023414995317493 -0.0026247306575438 0.0028671588571853 -0.003080982573481 0.0032740357990758 -0.0034508971441663
-0.00080884805999932 0.0075095845146556 -0.0017784027436758 0.002075175395705 -0.0023216752314573 0.0025410443770627 -0.0027367818067327 0.002913538146074 -0.0030752348097376 0.0032247297696476
0.0015439269437692 -0.0017784027436758 0.0077662095116636 -0.0027043193302836 0.0028355844249457 -0.0030145319762442 0.0032013903037684 -0.0033815240881601 0.0035505781800272 -0.0037105488558049
-0.0019965468899642 0.002075175395705 -0.0027043193302836 0.0077285723736922 -0.0035085253202351 0.0035359304745405 -0.0036706315569352 0.0038341847667936 -0.0040031833230612 0.004166060888968
0.0023414995317493 -0.0023216752314573 0.0028355844249457 -0.0035085253202351 0.007615909169185 -0.0042065401413044 0.004179404156344 -0.0042866228481813 0.0044330390531394 -0.0045938555960354
-0.0026247306575438 0.0025410443770627 -0.0030145319762442 0.0035359304745405 -0.0042065401413044 0.0075360219421853 -0.0048211221940989 0.0047736075104877 -0.0048666622158071 0.0050008311242613
0.0028671588571853 -0.0027367818067327 0.0032013903037684 -0.0036706315569352 0.004179404156344 -0.0048211221940989 0.0075265993063999 -0.005373088659591 0.0053264168807221 -0.0054154214462321
-0.003080982573481 0.002913538146074 -0.0033815240881601 0.0038341847667936 -0.0042866228481813 0.0047736075104877 -0.005373088659591 0.0075930972857951 -0.0058798453476402 0.0058453447405941
0.0032740357990758 -0.0030752348097376 0.0035505781800272 -0.0040031833230612 0.0044330390531394 -0.0048666622158071 0.0053264168807221 -0.0058798453476402 0.0077273093525655 -0.0063551095583594
-0.0034508971441663 0.0032247297696476 -0.0037105488558049 0.004166060888968 -0.0045938555960354 0.0050008311242613 -0.0054154214462321 0.0058453447405941 -0.0063551095583594 0.0079167214446392
