0.0060010379708655 0.00022584577973837 0.00033175877259519 -0.00064021937240691 0.00086603228503219 -0.0010428311127904 0.0011853324748216 -0.0013083990528389 0.0014142685549679 -0.0015127083941059
0.00022584577973837 0.006678977827567 -0.00069582869367979 0.00082787147348315 -0.00094197721914887 0.0010548855976834 -0.0011643922454534 0.0012493285220672 -0.0013375777905983 0.0014003714655299
0.00033175877259519 -0.00069582869367979 0.0066687397119587 -0.001328406000821 0.0012786600902398 -0.0013219604681623 0.0013875631822859 -0.0014861954394718 0.0015446898209451 -0.0016418257933257
-0.00064021937240691 0.00082787147348315 -0.001328406000821 0.0063518218505024 -0.0018331461116883 0.0016627567780454 -0.0016688053537138 0.0016901672794773 -0.0017936687746802 0.0018116638324381
0.00086603228503219 -0.00094197721914887 0.0012786600902398 -0.0018331461116883 0.0059673379638164 -0.00223232033462 0.0019892127227215 -0.0019883835449009 0.0019577537375568 -0.0021025592104282
-0.0010428311127904 0.0010548855976834 -0.0013219604681623 0.0016627567780454 -0.00223232033462 0.0056284951207715 -0.0025489581617035 0.0022606557868983 -0.0023000722915626 0.0021643926988383
0.0011853324748216 -0.0011643922454534 0.0013875631822859 -0.0016688053537138 0.0019892127227215 -0.0025489581617035 0.0053741640299806 -0.0028151662373402 0.002458848921785 -0.0026699680478073
-0.0013083990528389 0.0012493285220672 -0.0014861954394718 0.0016901672794773 -0.0019883835449009 0.0022606557868983 -0.0028151662373402 0.0051931963156972 -0.0031002098506657 0.0025077037383438
0.0014142685549679 -0.0013375777905983 0.0015446898209451 -0.0017936687746802 0.0019577537375568 -0.0023000722915626 0.002458848921785 -0.0031002098506657 0.0050090367446073 -0.0032976784087545
-0.0015127083941059 0.0014003714655299 -0.0016418257933257 0.0018116638324381 -0.0021025592104282 0.0021643926988383 -0.0026699680478073 0.0025077037383438 -0.0032976784087545 0.0056230261372737
