-0.0023085063802911 -0.0027780493215841 0.0025984360601226 -0.0026212122734272 0.0026755136678887 -0.0027513326593573 0.002822276518293 -0.002910393104785 0.0029717732422596 -0.0030653510375436
-0.0027780493215841 -0.0039855665857668 -0.0023397881443797 0.0024437243502518 -0.0025829861384233 0.0026699017621091 -0.0027851015592411 0.0028390706238673 -0.0029749843726019 0.0029823628999788
0.0025984360601226 -0.0023397881443797 -0.0035327304820877 -0.0024659125672289 0.0027356083199836 -0.0029672420417093 0.003077171181158 -0.003249728259183 0.0032841725770113 -0.0034992235795286
-0.0026212122734272 0.0024437243502518 -0.0024659125672289 -0.0026046145538106 -0.0026499479216823 0.0030202351647186 -0.003330212080585 0.003437858450867 -0.0036765314391235 0.0036601906146472
0.0026755136678887 -0.0025829861384233 0.0027356083199836 -0.0026499479216823 -0.0015667374346643 -0.0029024667638577 0.0033070240783795 -0.0036830436957535 0.0037656793446585 -0.004086082528152
-0.0027513326593573 0.0026699017621091 -0.0029672420417093 0.0030202351647186 -0.0029024667638577 -0.00058162075847132 -0.0032149121850579 0.0035935592194846 -0.0040405146046047 0.0040441821716255
0.002822276518293 -0.0027851015592411 0.003077171181158 -0.003330212080585 0.0033070240783795 -0.0032149121850579 0.00028560041621285 -0.0035829534424865 0.0038645492237779 -0.0044433072331168
-0.002910393104785 0.0028390706238673 -0.003249728259183 0.003437858450867 -0.0036830436957535 0.0035935592194846 -0.0035829534424865 0.00099280574613642 -0.0040351318559507 0.0040287119994027
0.0029717732422596 -0.0029749843726018 0.0032841725770113 -0.0036765314391235 0.0037656793446585 -0.0040405146046047 0.0038645492237779 -0.0040351318559507 0.001461440007224 -0.0046924768909142
-0.0030653510375436 0.0029823628999788 -0.0034992235795286 0.0036601906146472 -0.004086082528152 0.0040441821716255 -0.0044433072331168 0.0040287119994027 -0.0046924768909142 0.0017639210455634
