0.0059193581574366 0.00024697336278347 0.00034569064473654 -0.00066434486108119 0.00088707546407767 -0.0010603180401242 0.0012006803298246 -0.0013217179370821 0.0014258197156009 -0.0015228253597337
0.00024697336278347 0.0066255443272202 -0.0006544157805934 0.00082659510336739 -0.00096327455038875 0.0010752642030309 -0.0011797012631257 0.0012629181126371 -0.0013495419287141 0.0014107716324009
0.00034569064473654 -0.0006544157805934 0.0065890379121812 -0.001270203910747 0.0012716115361088 -0.0013443455355819 0.0014105554425121 -0.0015027772081446 0.0015594688991098 -0.0016556187753317
-0.00066434486108119 0.00082659510336739 -0.001270203910747 0.0062493771905073 -0.00175832492674 0.0016507983183198 -0.001692251931437 0.0017151905690512 -0.0018119603512114 0.0018272254526565
0.00088707546407767 -0.00096327455038875 0.0012716115361088 -0.00175832492674 0.0058440061110232 -0.0021426765312085 0.0019729473079119 -0.002013403169458 0.0019839531765999 -0.0021208530263818
-0.0010603180401242 0.0010752642030309 -0.0013443455355819 0.0016507983183198 -0.0021426765312085 0.0054864046547816 -0.0024470693876772 0.0022403649128714 -0.0023250637072071 0.0021925800303662
0.0012006803298246 -0.0011797012631257 0.0014105554425121 -0.001692251931437 0.0019729473079119 -0.0024470693876772 0.0052151622985319 -0.00270134879511 0.0024365348311898 -0.0026940932580554
-0.0013217179370821 0.0012629181126371 -0.0015027772081446 0.0017151905690512 -0.002013403169458 0.0022403649128714 -0.00270134879511 0.005020666170269 -0.0029752785885089 0.0024759712512846
0.0014258197156009 -0.0013495419287141 0.0015594688991098 -0.0018119603512114 0.0019839531765999 -0.0023250637072071 0.0024365348311898 -0.0029752785885089 0.0048165713000691 -0.003164819357811
-0.0015228253597337 0.0014107716324009 -0.0016556187753317 0.0018272254526565 -0.0021208530263818 0.0021925800303662 -0.0026940932580554 0.0024759712512846 -0.003164819357811 0.005440088722627
