-0.0049243609163515 -0.0015828111013617 0.0011670424454059 -0.0010083182240345 0.00092642217721355 -0.00087957671006325 0.0008529996130521 -0.00083784348049913 0.00082962359721583 -0.00082653793753357
-0.0015828111013617 -0.0053545829563428 -0.00061119917040191 0.00060575977865591 -0.00060191089360922 0.00060481854644245 -0.00060679732749839 0.0006134148215838 -0.00062114173402751 0.00062827058485924
0.0011670424454059 -0.00061119917040191 -0.0048128443568274 -0.00031857240104632 0.00047811028040877 -0.00053614114635715 0.00058015112657284 -0.00060266864549772 0.00062571993896509 -0.0006484281124296
-0.0010083182240345 0.00060575977865591 -0.00031857240104632 -0.0041029202322704 -0.00016818069869339 0.00041856266498646 -0.00050648159169597 0.00058237392723748 -0.00062014326548057 0.00064645001578566
0.00092642217721355 -0.00060191089360923 0.00047811028040877 -0.00016818069869339 -0.0034071232153937 -0.00010992353263844 0.00040314472335073 -0.00049882209870931 0.0005931127131326 -0.00066101477081952
-0.00087957671006325 0.00060481854644245 -0.00053614114635715 0.00041856266498646 -0.00010992353263844 -0.0027991849348055 -0.00012066713011657 0.00041774982332855 -0.00051825315929071 0.00057530714468695
0.0008529996130521 -0.00060679732749839 0.00058015112657284 -0.00050648159169597 0.00040314472335073 -0.00012066713011657 -0.0023072622104137 -0.00019197164659931 0.00042658713806525 -0.00060168412091922
-0.00083784348049913 0.0006134148215838 -0.00060266864549772 0.00058237392723748 -0.00049882209870931 0.00041774982332855 -0.00019197164659931 -0.0019622722177187 -0.00035068147138615 0.00056461189493619
0.00082962359721584 -0.00062114173402752 0.00062571993896509 -0.00062014326548057 0.0005931127131326 -0.00051825315929071 0.00042658713806525 -0.00035068147138615 -0.0016299967837265 5.5019057438485e-05
-0.00082653793753357 0.00062827058485924 -0.0006484281124296 0.00064645001578566 -0.00066101477081952 0.00057530714468695 -0.00060168412091922 0.00056461189493619 5.5019057438485e-05 -0.00058050608254633
