-0.0022667894365599 -0.0027987814504716 0.0025937527473553 -0.0026049309854504 0.0026603523235329 -0.0027391646219321 0.0028115291082993 -0.002900956006367 0.0029636431402884 -0.0030582188135409
-0.0027987814504716 -0.0039505501809278 -0.0023697719852374 0.0024467488408866 -0.0025661270720186 0.002651524206943 -0.002771533407738 0.002827349659095 -0.0029643760107699 0.002973374533198
0.0025937527473553 -0.0023697719852374 -0.0034702038534315 -0.0025146952377778 0.00274264337502 -0.0029479155041857 0.0030556985576834 -0.0032340938980643 0.003270909643302 -0.0034867720508122
-0.0026049309854504 0.0024467488408866 -0.0025146952377778 -0.0025188140776361 -0.0027155187737316 0.0030319868538587 -0.0033090043024034 0.0034141735475893 -0.0036592862819214 0.003645110773473
0.0026603523235329 -0.0025661270720186 0.00274264337502 -0.0027155187737316 -0.0014586399776863 -0.0029832020150694 0.0033231950744624 -0.0036602990171928 0.0037396389057372 -0.004068352232907
-0.0027391646219321 0.002651524206943 -0.0029479155041857 0.0030319868538587 -0.0029832020150694 -0.00045334451325852 -0.0033090074106383 0.0036128874205033 -0.0040172951966397 0.0040173107426468
0.0028115291082993 -0.002771533407738 0.0030556985576834 -0.0033090043024034 0.0033231950744624 -0.0033090074106383 0.00043099806302648 -0.0036894544327352 0.0038875179252654 -0.0044181874809625
-0.002900956006367 0.002827349659095 -0.0032340938980643 0.0034141735475893 -0.0036602990171928 0.0036128874205033 -0.0036894544327352 0.0011542255948429 -0.0041508032142191 0.0040566313211393
0.0029636431402884 -0.0029643760107699 0.003270909643302 -0.0036592862819214 0.0037396389057372 -0.0040172951966397 0.0038875179252654 -0.0041508032142191 0.0016389318210345 -0.0048239228885579
-0.0030582188135409 0.002973374533198 -0.0034867720508122 0.003645110773473 -0.004068352232907 0.0040173107426468 -0.0044181874809625 0.0040566313211393 -0.0048239228885579 0.0019512299731166
