-0.0023042863265971 -0.002777818360447 0.0026000352427947 -0.0026233201069417 0.0026797199329295 -0.0027546002779118 0.0028285785756456 -0.0029131892970341 0.0029807959515701 -0.0030656460026231
-0.002777818360447 -0.0039737236794866 -0.0023385802948454 0.002447560250214 -0.002584120696951 0.0026781862518489 -0.0027853304117136 0.0028535511139523 -0.002968840246465 0.0030084617578189
0.0026000352427947 -0.0023385802948454 -0.003510201171275 -0.0024616817378653 0.0027421591354905 -0.0029662586921894 0.0030916928972456 -0.003244318815614 0.0033117114753533 -0.0034771329555543
-0.0026233201069417 0.002447560250214 -0.0024616817378653 -0.0025676273424268 -0.0026400238682177 0.0030306327615629 -0.0033243064448679 0.0034622264381109 -0.0036590750164465 0.0037086856415436
0.0026797199329295 -0.002584120696951 0.0027421591354905 -0.0026400238682177 -0.0015096496871725 -0.0028826947966217 0.0033229905545627 -0.0036677395452468 0.0038036966425607 -0.0040449612093281
-0.0027546002779118 0.0026781862518489 -0.0029662586921894 0.0030306327615629 -0.0028826947966217 -0.00049533531049864 -0.0031780505156283 0.0036183856262297 -0.0040055679305635 0.0041205101032648
0.0028285785756456 -0.0027853304117136 0.0030916928972456 -0.0033243064448679 0.0033229905545627 -0.0031780505156283 0.00041243853912717 -0.003516029621403 0.003917538459919 -0.004347200759061
-0.0029131892970341 0.0028535511139523 -0.003244318815614 0.0034622264381109 -0.0036677395452468 0.0036183856262297 -0.003516029621403 0.0011932139399266 -0.0038932142292254 0.0042058016169816
0.0029807959515701 -0.002968840246465 0.0033117114753533 -0.0036590750164465 0.0038036966425607 -0.0040055679305635 0.003917538459919 -0.0038932142292254 0.0018429194614756 -0.0043234285745436
-0.0030656460026231 0.0030084617578189 -0.0034771329555543 0.0037086856415436 -0.0040449612093281 0.0041205101032648 -0.004347200759061 0.0042058016169816 -0.0043234285745436 0.0023103037249772
