0.0022898801511588 -0.00044046312296437 0.00095644993602938 -0.0013126871347258 0.0013892240804601 -0.0016518329128585 0.0016023184218937 -0.0018735420339165 0.0017349144591214 -0.0020516710508619
-0.00044046312296437 0.0066212078687658 -0.001457700020365 0.0016501056014502 -0.0022278734153057 0.0021021506677135 -0.0026885573424073 0.0023762481290064 -0.0030512331441981 0.0025543419328245
0.00095644993602938 -0.001457700020365 0.0080060384601211 -0.0026994125569752 0.002571678223391 -0.0032132721984803 0.0029248385902253 -0.0036450266921109 0.0031773044243566 -0.0040278277224481
-0.0013126871347258 0.0016501056014502 -0.0026994125569752 0.0083718569993792 -0.003668836052674 0.0034062600473076 -0.0039404100254904 0.0036889440496694 -0.004300868792929 0.0039425193886931
0.0013892240804601 -0.0022278734153057 0.002571678223391 -0.003668836052674 0.0083023879046706 -0.0044571487175907 0.0040336300152333 -0.0045833273210941 0.0042362254751315 -0.004909308642721
-0.0016518329128585 0.0021021506677135 -0.0032132721984803 0.0034062600473076 -0.0044571487175907 0.0082555540915417 -0.0050841313094716 0.0047455338693543 -0.0051040852904884 0.0049281677321402
0.0016023184218937 -0.0026885573424073 0.0029248385902253 -0.0039404100254904 0.0040336300152333 -0.0050841313094716 0.0080758746135145 -0.0056123223161536 0.0052038600221055 -0.0056135624329578
-0.0018735420339165 0.0023762481290064 -0.0036450266921109 0.0036889440496694 -0.0045833273210941 0.0047455338693543 -0.0056123223161536 0.0081595375555279 -0.0060416089328986 0.0058536399651309
0.0017349144591214 -0.0030512331441981 0.0031773044243566 -0.004300868792929 0.0042362254751315 -0.0051040852904884 0.0052038600221055 -0.0060416089328986 0.0080804221758584 -0.0064297376202494
-0.0020516710508619 0.0025543419328245 -0.0040278277224481 0.0039425193886931 -0.004909308642721 0.0049281677321402 -0.0056135624329578 0.0058536399651309 -0.0064297376202494 0.0083605889581848
