-0.0022698334681117 -0.0028043732294348 0.0025956467668065 -0.0026065999726671 0.0026595768996725 -0.0027413505244216 0.0028084593866512 -0.002906219040099 0.002956039319773 -0.0030713279348081
-0.0028043732294348 -0.0039668680021062 -0.0023803860893417 0.0024475688963075 -0.0025718514097146 0.0026450682507733 -0.0027835822622507 0.0028095685137843 -0.0029935607190316 0.0029269729077363
0.0025956467668065 -0.0023803860893417 -0.0035016298152452 -0.0025346884612375 0.0027409873368878 -0.0029615489752679 0.0030387124749019 -0.0032637661741006 0.0032248809481607 -0.0035667977752652
-0.0026065999726671 0.0024475688963075 -0.0025346884612375 -0.0025725387498538 -0.0027509136301704 0.0030240432729615 -0.0033368583425569 0.0033756764034767 -0.0037278188758913 0.0035243001495235
0.0026595768996725 -0.0025718514097146 0.0027409873368878 -0.0027509136301704 -0.001545796443824 -0.0030430116748006 0.0033022484556488 -0.0037169624606593 0.0036474823443503 -0.0042586169739747
-0.0027413505244216 0.0026450682507733 -0.0029615489752679 0.0030240432729615 -0.0030430116748006 -0.00059365200407022 -0.0034134346643712 0.0035507702702734 -0.0041700225775013 0.0036918174101765
0.0028084593866512 -0.0027835822622507 0.0030387124749019 -0.0033368583425569 0.0033022484556488 -0.0034134346643712 0.00019440777363455 -0.0039083073217379 0.0036372929579721 -0.0048890283215953
-0.002906219040099 0.0028095685137843 -0.0032637661741006 0.0033756764034767 -0.0037169624606593 0.0035507702702734 -0.0039083073217379 0.00065088429314651 -0.0047067001854926 0.0039037869925323
0.002956039319773 -0.0029935607190316 0.0032248809481607 -0.0037278188758913 0.0036474823443503 -0.0041700225775013 0.0036372929579721 -0.0047067001854926 0.0010916407582745 -0.004003558819084
-0.0030713279348081 0.0029269729077363 -0.0035667977752652 0.0035243001495235 -0.0042586169739747 0.0036918174101765 -0.0048890283215953 0.0039037869925323 -0.004003558819084 0.0035287469333932
