0.002287384939075 -0.00045563680578021 0.00092255615164247 -0.0013539065968675 0.0013322057920459 -0.0017205497398409 0.0015134575080953 -0.0019808138589978 0.0015975475632462 -0.0022214292154998
-0.00045563680578021 0.0065742584301249 -0.0015448279393052 0.0015297788544095 -0.0023749695633625 0.001928780972584 -0.0029057684346558 0.002116411569396 -0.0033813365740805 0.0021440408101882
0.00092255615164247 -0.0015448279393052 0.0079107391912992 -0.0028232835450133 0.0023811560968768 -0.003408007550131 0.0026699892334782 -0.0039328363343936 0.0027973162499823 -0.0044904354456661
-0.0013539065968675 0.0015297788544095 -0.0028232835450133 0.0083113118816989 -0.0037881593400698 0.0032520868654869 -0.0041209365484535 0.0034943924481959 -0.0045650908686563 0.0036174458857509
0.0013322057920459 -0.0023749695633625 0.0023811560968768 -0.0037881593400698 0.0082332265689357 -0.00455404524539 0.0038170745955457 -0.0047778711413356 0.0039432030915133 -0.005265832165959
-0.0017205497398409 0.001928780972584 -0.003408007550131 0.0032520868654869 -0.00455404524539 0.0083321374322698 -0.0051222074238468 0.0046295429325102 -0.0052753921398123 0.0046812723098354
0.0015134575080953 -0.0029057684346558 0.0026699892334782 -0.0041209365484535 0.0038170745955457 -0.0051222074238468 0.008164204197764 -0.0056114762914578 0.0049082301561987 -0.0060284506998648
-0.0019808138589978 0.002116411569396 -0.0039328363343936 0.0034943924481959 -0.0047778711413356 0.0046295429325102 -0.0056114762914578 0.0084544660788863 -0.0061184158613781 0.0053781305435287
0.0015975475632462 -0.0033813365740805 0.0027973162499823 -0.0045650908686563 0.0039432030915133 -0.0052753921398123 0.0049082301561987 -0.0061184158613781 0.0081047293685714 -0.0064188050943966
-0.0022214292154998 0.0021440408101882 -0.0044904354456661 0.0036174458857509 -0.005265832165959 0.0046812723098354 -0.0060284506998648 0.0053781305435287 -0.0064188050943966 0.010206107480934
