0.0050795469824501 0.001645330588826 -0.0010361270468981 0.00078347675850393 -0.00064290557515075 0.00055239580106876 -0.00043789677932866 0.00036979772395336 -0.00033475668863867 0.00031736345622936
0.001645330588826 0.0062273999732763 0.0002629495977164 -0.00041039728821461 0.00044419432468425 -0.00034560545841548 0.00037266084459757 -0.0003167177565312 0.00028446884953868 -0.00024756864853167
-0.0010361270468981 0.0002629495977164 0.00508235226966 -0.00054528332485293 8.1951044797118e-05 0.00017444077303634 -0.00020252804343978 0.00026647651315345 -0.00026468894772304 0.00027070078325675
0.00078347675850393 -0.00041039728821461 -0.00054528332485293 0.0036381749135832 -0.00095380882611942 0.00042712113454287 -0.00012642821587276 -3.2810456446025e-05 9.3493164115949e-05 -0.00013705662529309
-0.00064290557515075 0.00044419432468425 8.1951044797118e-05 -0.00095380882611942 0.002692155240819 -0.00078724683383154 0.00058251859076241 -0.00036198602489156 0.00015408912983577 -5.5535224141948e-05
0.00055239580106876 -0.00034560545841548 0.00017444077303634 0.00042712113454287 -0.00078724683383154 0.0025282478632487 -0.00037585380630959 0.00047458184931812 -0.00042565119590252 0.00032521163097221
-0.00043789677932866 0.00037266084459757 -0.00020252804343978 -0.00012642821587276 0.00058251859076241 -0.00037585380630959 0.00257972729568 -0.00018893590585766 0.00027232262367251 -0.00033931045058401
0.00036979772395336 -0.0003167177565312 0.00026647651315345 -3.2810456446026e-05 -0.00036198602489156 0.00047458184931812 -0.00018893590585766 0.002389682697713 -0.00032394135355233 0.00016280021216197
-0.00033475668863867 0.00028446884953868 -0.00026468894772304 9.3493164115949e-05 0.00015408912983577 -0.00042565119590252 0.00027232262367251 -0.00032394135355233 0.0019098354807767 -0.00059575673316252
0.00031736345622936 -0.00024756864853167 0.00027070078325675 -0.00013705662529309 -5.5535224141948e-05 0.00032521163097221 -0.00033931045058401 0.00016280021216197 -0.00059575673316252 0.0013233845376933
