-0.0049557823240648 -0.0015928813604651 0.0011780997989238 -0.0010206437916954 0.00093843103656179 -0.00089185532956264 0.00086525047873682 -0.00085033166443787 0.00084239613858718 -0.00083926372167373
-0.0015928813604651 -0.0053779252092215 -0.0006110492151407 0.00060919218156743 -0.00061186087832317 0.00061327597537725 -0.00061707424031355 0.00062315200212682 -0.00063110051304984 0.00063956383752158
0.0011780997989238 -0.0006110492151407 -0.0048198096016067 -0.00031234660824486 0.00047569433141809 -0.00054888028406088 0.00058775063411697 -0.00061468914407787 0.00063653545894479 -0.00065597796309566
-0.0010206437916954 0.00060919218156743 -0.00031234660824486 -0.0040851094269235 -0.00015463920919361 0.00040764872843872 -0.00052388282333954 0.00058844675394229 -0.00063190397687698 0.00066548485200388
0.00093843103656179 -0.00061186087832317 0.00047569433141809 -0.00015463920919361 -0.003354568994322 -8.6160524789147e-05 0.00038001502452193 -0.00052083350209738 0.00060273393519288 -0.0006579699591578
-0.00089185532956264 0.00061327597537725 -0.00054888028406088 0.00040764872843872 -8.6160524789147e-05 -0.0026991563019179 -8.0090678311167e-05 0.00038315859323881 -0.00053508918945785 0.00062788540034038
0.00086525047873682 -0.00061707424031355 0.00058775063411697 -0.00052388282333954 0.00038001502452193 -8.0090678311167e-05 -0.0021372866249256 -0.00011638906045251 0.00041016767017813 -0.0005635809981143
-0.00085033166443787 0.00062315200212682 -0.00061468914407787 0.00058844675394229 -0.00052083350209738 0.00038315859323881 -0.00011638906045251 -0.0016645185170917 -0.00017969670639855 0.00045498404472377
0.00084239613858718 -0.00063110051304984 0.00063653545894479 -0.00063190397687698 0.00060273393519288 -0.00053508918945785 0.00041016767017813 -0.00017969670639855 -0.0012681023933643 -0.00025888663854571
-0.00083926372167373 0.00063956383752158 -0.00065597796309566 0.00066548485200388 -0.0006579699591578 0.00062788540034038 -0.0005635809981143 0.00045498404472377 -0.00025888663854571 -0.0009339296799414
