0.0059704123184563 0.0002362567051214 0.00035840712001902 -0.00067847085956722 0.00090382111280341 -0.0010784239316192 0.0012211801354262 -0.0013426887390753 0.0014495737237999 -0.001545469635036
0.0002362567051214 0.0066691192612086 -0.00067431179649347 0.00084515754022698 -0.00097784003644355 0.0010943615524072 -0.0011959093238924 0.0012855515031627 -0.0013659724275257 0.0014391418440899
0.00035840712001902 -0.00067431179649347 0.0066237343658008 -0.001300986370013 0.0013003437325552 -0.001359771832383 0.0014378934220548 -0.00151762588038 0.0015931641031418 -0.0016653518266493
-0.00067847085956722 0.00084515754022698 -0.001300986370013 0.0062667348649263 -0.0018007852705358 0.0016931262279939 -0.0017045400438426 0.0017551836332249 -0.0018191915341995 0.0018836892737458
0.00090382111280341 -0.00097784003644355 0.0013003437325552 -0.0018007852705358 0.0058348904553553 -0.002197928370402 0.002034522582254 -0.0020162109216428 0.0020469674785716 -0.0020996078597563
-0.0010784239316192 0.0010943615524072 -0.001359771832383 0.0016931262279939 -0.002197928370402 0.0054405529528566 -0.0025163807783428 0.0023326441631691 -0.0022989369493125 0.0023156797161856
0.0012211801354262 -0.0011959093238924 0.0014378934220548 -0.0017045400438426 0.002034522582254 -0.0025163807783428 0.0051228473739968 -0.0027768953854311 0.0025948994970422 -0.0025566330212425
-0.0013426887390753 0.0012855515031627 -0.00151762588038 0.0017551836332249 -0.0020162109216428 0.0023326441631691 -0.0027768953854311 0.0048875318740217 -0.0029966207887867 0.0028282572311895
0.0014495737237999 -0.0013659724275257 0.0015931641031418 -0.0018191915341995 0.0020469674785716 -0.0022989369493125 0.0025948994970422 -0.0029966207887867 0.0047262217992487 -0.0031890082491831
-0.001545469635036 0.0014391418440899 -0.0016653518266493 0.0018836892737458 -0.0020996078597563 0.0023156797161856 -0.0025566330212425 0.0028282572311895 -0.0031890082491831 0.004625975236451
