0.0050795825682617 0.0016453032534662 -0.0010360961333602 0.00078344140362816 -0.00064286550098001 0.00055235110439964 -0.00043784809300127 0.00036974621454375 -0.00033470389139237 0.00031731108235028
0.0016453032534662 0.0062274238829971 0.00026292505244529 -0.00041036965453007 0.0004441636391808 -0.00034557224350416 0.00037262555793045 -0.00031668088989672 0.00028443116276754 -0.00024753175783999
-0.0010360961333602 0.00026292505244529 0.0050823819358075 -0.00054531318792385 8.1983100489454e-05 0.00017440675158526 -0.00020249269400839 0.00026644035576175 -0.00026465334483774 0.00027065959328727
0.00078344140362816 -0.00041036965453007 -0.00054531318792385 0.0036382099488978 -0.00095384247108361 0.00042715563241565 -0.00012646338820257 -3.2776397887267e-05 9.345174753056e-05 -0.00013700791480233
-0.00064286550098001 0.0004441636391808 8.1983100489454e-05 -0.00095384247108361 0.0026921932569815 -0.00078728155930397 0.00058255137072305 -0.00036202719956235 0.00015413600263502 -5.5589148976003e-05
0.00055235110439964 -0.00034557224350416 0.00017440675158526 0.00042715563241565 -0.00078728155930397 0.0025282845562885 -0.00037589488976869 0.00047462703771388 -0.00042570488027186 0.00032526590788218
-0.00043784809300127 0.00037262555793045 -0.00020249269400839 -0.00012646338820257 0.00058255137072305 -0.00037589488976869 0.0025797768175298 -0.00018898956734657 0.00027237457366826 -0.00033936414455457
0.00036974621454375 -0.00031668088989672 0.00026644035576175 -3.2776397887267e-05 -0.00036202719956235 0.00047462703771388 -0.00018898956734657 0.0023897393474111 -0.00032399494181596 0.00016285162215409
-0.00033470389139237 0.00028443116276754 -0.00026465334483774 9.345174753056e-05 0.00015413600263502 -0.00042570488027186 0.00027237457366826 -0.00032399494181596 0.0019098920166465 -0.00059581418107693
0.00031731108235028 -0.00024753175783999 0.00027065959328727 -0.00013700791480233 -5.5589148976003e-05 0.00032526590788218 -0.00033936414455457 0.00016285162215409 -0.00059581418107693 0.0013234481342299
