-0.011670720844817 -0.0024092540301791 0.0026612178773616 -0.0021049355304755 0.0018131478905239 -0.001649377342022 0.0013342951194036 -0.00070479001977752 0.0028354370858442 -0.0047481682368103
-0.0024092540301791 -0.012267070421483 0.00028888551314621 0.0017137529211909 -0.0013423682162103 0.00085001237837476 -0.0005640571846044 0.004964739342122 -0.00086556233149308 -0.013533008803618
0.0026612178773616 0.00028888551314621 -0.012382013487859 0.001206693737794 0.0012529304066326 -0.00084773148692866 0.0052119002108406 0.001945900642494 -0.010344530860828 -0.0092714328114917
-0.0021049355304755 0.0017137529211909 0.001206693737794 -0.012890922565788 0.0018746238257099 0.0057587240406267 0.0029603817619954 -0.0075760052653024 -0.0088590658740741 0.0081050258288207
0.0018131478905239 -0.0013423682162103 0.0012529304066326 0.0018746238257099 -0.0090485477547889 0.0061143850166559 -0.0047251651071899 -0.0077653114902876 0.0069064453008612 -0.0033502269756314
-0.001649377342022 0.00085001237837476 -0.00084773148692866 0.0057587240406267 0.0061143850166559 -0.0204330277271 -0.0044660753712094 0.0089732237483587 -0.0028855424131904 -0.0010349617043972
0.0013342951194036 -0.0005640571846044 0.0052119002108406 0.0029603817619954 -0.0047251651071899 -0.0044660753712094 -0.010082683341466 -0.00020359429176355 0.0034595559040531 0.0042115570916099
-0.00070479001977752 0.004964739342122 0.001945900642494 -0.0075760052653024 -0.0077653114902876 0.0089732237483587 -0.00020359429176355 -0.019901137192196 0.0065080730272193 0.0031124222872427
0.0028354370858442 -0.00086556233149308 -0.010344530860828 -0.0088590658740741 0.0069064453008612 -0.0028855424131904 0.0034595559040531 0.0065080730272193 -0.026791811950786 0.002275189129102
-0.0047481682368103 -0.013533008803618 -0.0092714328114917 0.0081050258288207 -0.0033502269756314 -0.0010349617043972 0.0042115570916099 0.0031124222872427 0.002275189129102 -0.031052286192574
