-0.004533009413569 -0.0025680116041314 0.0033725694258269 -0.0032708360650897 0.0031520772313128 -0.0032299890879247 0.0030776944692643 -0.0035838502162794 0.0021058215383235 -0.0031428768722054
-0.0025680116041314 -0.0068440834369635 -0.0012689193987435 0.0032442448295007 -0.0033306858099891 0.0029992064899265 -0.0037313322799564 0.001284557535799 -0.0058516277013079 0.0093819697690803
0.0033725694258269 -0.0012689193987435 -0.0079266418288047 -0.0009562820064968 0.0035865345373613 -0.0040275864876151 0.0018041098462611 -0.006526757694013 0.0076169604805498 0.0091947647191994
-0.0032708360650897 0.0032442448295007 -0.0009562820064968 -0.0084470815228858 -0.0011235465718344 0.0025666815983361 -0.006697619949543 0.0067745106771547 0.006671692543745 0.0049737206863179
0.0031520772313128 -0.0033306858099891 0.0035865345373613 -0.0011235465718344 -0.010214153554083 -0.0036573323304246 0.0071346905517783 0.0052704035560578 0.0048359741366226 -0.0096045060762557
-0.0032299890879247 0.0029992064899265 -0.0040275864876151 0.0025666815983361 -0.0036573323304246 -0.0071491684670472 0.0072355544296308 0.0058588719472824 -0.0091914367859634 0.011205063279914
0.0030776944692643 -0.0037313322799564 0.0018041098462611 -0.006697619949543 0.0071346905517783 0.0072355544296308 -0.01051528707079 -0.006984363380407 0.013046696333383 -0.0042759358240553
-0.0035838502162794 0.001284557535799 -0.006526757694013 0.0067745106771547 0.0052704035560578 0.0058588719472824 -0.006984363380407 -0.0074313962604986 -0.0037240864728503 0.0073295918768101
0.0021058215383235 -0.0058516277013079 0.0076169604805498 0.006671692543745 0.0048359741366226 -0.0091914367859634 0.013046696333383 -0.0037240864728503 -0.019124481152436 -0.00065793739335435
-0.0031428768722054 0.0093819697690803 0.0091947647191994 0.0049737206863179 -0.0096045060762557 0.011205063279914 -0.0042759358240553 0.0073295918768101 -0.00065793739335435 -0.030463703260299
