0.0022878864574595 -0.00047648957207434 0.0008618747866041 -0.0014229495420895 0.0012274080830616 -0.0018506146933395 0.0013285052608695 -0.0022301500701744 0.001222824773355 -0.0028168646481042
-0.00047648957207434 0.0065326879340324 -0.001674345842059 0.0013213572168886 -0.0026248930472655 0.0016024368990868 -0.0033470640227986 0.0014952002111791 -0.0043471703976085 0.00042805240965718
0.0008618747866041 -0.001674345842059 0.0078271336205238 -0.0030009560561908 0.002043431440594 -0.0037649287373963 0.0021260687560948 -0.0046917548577036 0.0014167864453374 -0.0071261873647396
-0.0014229495420895 0.0013213572168886 -0.0030009560561908 0.0083397635744427 -0.0039447848417967 0.0029437799767497 -0.004553188995404 0.0027378546236423 -0.0061676712343985 0.0013016471400499
0.0012274080830616 -0.0026248930472655 0.002043431440594 -0.0039447848417967 0.0082919710110722 -0.0047139544193086 0.0031285383431417 -0.0059501256407375 0.0021328369773968 -0.0052634224947302
-0.0018506146933395 0.0016024368990868 -0.0037649287373963 0.0029437799767497 -0.0047139544193086 0.0085735326020009 -0.0056570204285609 0.003497263334438 -0.0048614358295188 0.0088248898775313
0.0013285052608695 -0.0033470640227986 0.0021260687560948 -0.004553188995404 0.0031285383431417 -0.0056570204285609 0.0080559070196515 -0.0045925208825911 0.0082223423728286 -0.0024674483456382
-0.0022301500701744 0.0014952002111791 -0.0046917548577036 0.0027378546236423 -0.0059501256407375 0.003497263334438 -0.0045925208825911 0.013783043892028 -0.0015261278239624 0.0064724018998961
0.001222824773355 -0.0043471703976085 0.0014167864453374 -0.0061676712343985 0.0021328369773968 -0.0048614358295188 0.0082223423728286 -0.0015261278239624 0.011792450770829 -0.0025329668156538
-0.0028168646481042 0.00042805240965718 -0.0071261873647396 0.0013016471400499 -0.0052634224947302 0.0088248898775313 -0.0024674483456382 0.0064724018998961 -0.0025329668156538 0.017837407940332
