-0.004977995315966 -0.0016315020748452 0.001194355176179 -0.0010217939881406 0.000937131464033 -0.00088826404324564 0.00085549310180631 -0.00086580569033586 0.00080947833547438 -0.00056723139891629
-0.0016315020748452 -0.0055100748822661 -0.00067001573041824 0.00064883748284161 -0.0006106263937967 0.00060984809885673 -0.00065188405497286 0.0005267814081142 -0.00037766567427569 0.0021633682995637
0.001194355176179 -0.00067001573041824 -0.0050633867267175 -0.00040210714763245 0.00055058406540318 -0.00057312086506441 0.00048799485587245 -0.00046763136483787 0.0020872690722032 0.0012484579500815
-0.0010217939881406 0.00064883748284161 -0.00040210714763245 -0.0044912857195353 -0.00032380977523532 0.0004516278605529 -0.00040258072150685 0.0018279629115647 0.0013504015566662 -0.00087354924326334
0.000937131464033 -0.0006106263937967 0.00055058406540318 -0.00032380977523532 -0.0040889138695229 -0.0002341331325218 0.0016905602882477 0.0014020557974489 -0.00016467353045394 -0.0045489060098265
-0.00088826404324563 0.00060984809885673 -0.00057312086506441 0.0004516278605529 -0.0002341331325218 -0.0026941018196652 0.0013212171043489 0.00035297904021199 -0.0034199731540717 5.6228215808166e-05
0.00085549310180631 -0.00065188405497286 0.00048799485587245 -0.00040258072150685 0.0016905602882477 0.0013212171043489 -0.0040486254342155 -0.0032928349199366 0.00068404918295496 0.00039310718394526
-0.00086580569033586 0.0005267814081142 -0.00046763136483787 0.0018279629115647 0.0014020557974489 0.00035297904021199 -0.0032928349199366 -0.0044511075304255 -0.00033948756377578 0.0005923085672127
0.00080947833547438 -0.00037766567427569 0.0020872690722032 0.0013504015566662 -0.00016467353045394 -0.0034199731540717 0.00068404918295496 -0.00033948756377578 -0.0059352252439227 -0.00077708876586217
-0.00056723139891629 0.0021633682995637 0.0012484579500815 -0.00087354924326334 -0.0045489060098265 5.6228215808166e-05 0.00039310718394526 0.0005923085672127 -0.00077708876586217 -0.0058639499836273
