-0.0050825938207651 -0.0015895890809461 0.0012069143480154 -0.0010477447890518 0.00095793284346558 -0.0009043862500642 0.00087334348638818 -0.00085622759137521 0.00084001900205398 -0.00085629558368324
-0.0015895890809461 -0.0055133825342179 -0.00058207651366226 0.0006301281176154 -0.00063429082466626 0.00063313882327693 -0.00062807560390157 0.00062135305902905 -0.00066840917208083 0.00055478751036277
0.0012069143480154 -0.00058207651366227 -0.0050355875342217 -0.00028027508711479 0.00050884384086296 -0.00056927072351036 0.00060627417312313 -0.00065805862363027 0.00054372752040001 -0.00066982546306554
-0.0010477447890518 0.0006301281176154 -0.00028027508711479 -0.0044065742672109 -0.0001280058407928 0.00045925404855031 -0.00056491906448194 0.00053347054889114 -0.00068645060904868 0.0013865773724013
0.00095793284346558 -0.00063429082466626 0.00050884384086296 -0.0001280058407928 -0.0038210348811047 -0.00010344670950677 0.00040168756939414 -0.00056988513782933 0.0012011583027085 0.0010317591694599
-0.0009043862500642 0.00063313882327693 -0.00056927072351036 0.00045925404855031 -0.00010344670950677 -0.0034217655197195 -0.00016460360443338 0.0010104113827888 0.00096092731451183 0.0015396260794484
0.00087334348638818 -0.00062807560390157 0.00060627417312313 -0.00056491906448194 0.00040168756939414 -0.00016460360443338 -0.0026192468480973 0.0011167834846597 0.0015291459710185 -0.0021514158312364
-0.00085622759137521 0.00062135305902905 -0.00065805862363027 0.00053347054889114 -0.00056988513782933 0.0010104113827888 0.0011167834846597 -0.0021207062555148 -0.0018695573049395 -0.00061703368319241
0.00084001900205398 -0.00066840917208083 0.00054372752040001 -0.00068645060904868 0.0012011583027085 0.00096092731451183 0.0015291459710185 -0.0018695573049395 -0.0045536045116725 -1.7798213920766e-05
-0.00085629558368324 0.00055478751036277 -0.00066982546306554 0.0013865773724013 0.0010317591694599 0.0015396260794484 -0.0021514158312364 -0.00061703368319241 -1.7798213920767e-05 -0.0039178279845812
