0.0055706722197947 0.0013231749424917 -0.00091394502177792 0.00071582690474086 -0.00059093046130476 0.00050460173640034 -0.00044287852104088 0.0003935721380776 -0.00035982459476592 0.00032072464032396
0.0013231749424917 0.0055934058254252 0.00026065999854449 -0.00031517128919199 0.00028973320641258 -0.00026310017145868 0.00022934645473031 -0.00022091035532165 0.00017675740879279 -9.5752468436077e-05
-0.00091394502177792 0.0002606599985445 0.0050594134057607 -0.0001050952661628 -0.00013037806452754 0.00014820136482342 -0.00017968085311042 0.0001258279912657 -9.1490589073611e-05 0.00063380770724287
0.00071582690474086 -0.00031517128919199 -0.0001050952661628 0.0044853670626618 -0.00032366059160817 -3.65680574705e-05 1.5409805599975e-05 -7.1675472146055e-05 0.00052128798309788 0.00063897333154231
-0.00059093046130476 0.00028973320641258 -0.00013037806452754 -0.00032366059160817 0.0039846311503011 -0.00046753718602869 3.2892184833213e-05 0.00031164877452783 0.00066774242127714 -0.00052141931572738
0.00050460173640034 -0.00026310017145868 0.00014820136482342 -3.6568057470501e-05 -0.00046753718602869 0.0036540989363637 -0.00016177320807918 0.00067100069777602 -0.00048757345875279 -0.002330075481076
-0.00044287852104088 0.00022934645473031 -0.00017968085311042 1.5409805599975e-05 3.2892184833214e-05 -0.00016177320807918 0.0041076686743054 -0.00072973175410119 -0.0021230290880721 -0.0011920296232395
0.0003935721380776 -0.00022091035532165 0.0001258279912657 -7.1675472146055e-05 0.00031164877452783 0.00067100069777602 -0.00072973175410119 0.0015191896172176 -0.0013348169170113 0.00097770800744319
-0.00035982459476592 0.00017675740879279 -9.149058907361e-05 0.00052128798309788 0.00066774242127714 -0.00048757345875279 -0.0021230290880721 -0.0013348169170113 0.0048610831000154 -0.00034827066697364
0.00032072464032396 -9.5752468436076e-05 0.00063380770724287 0.00063897333154231 -0.00052141931572738 -0.002330075481076 -0.0011920296232395 0.00097770800744319 -0.00034827066697364 0.0038930841593657
