0.0075248963451387 0.0021077103017253 -0.0013889140795811 0.0010668964390452 -0.00087195783519781 0.00073848718405575 -0.00064248433055285 0.00056976661586336 -0.00051380838103382 0.00046930620688659
0.0021077103017253 0.011403809313307 0.0020051877975674 -0.0012081491721682 0.00088470736495371 -0.00070635500539033 0.00058504144296489 -0.00050477793603644 0.0004427458016227 -0.00039597734702749
-0.0013889140795811 0.0020051877975674 0.015298330885116 0.002422954212515 -0.0014120280532273 0.0010020110203694 -0.00079384161195894 0.00064386576133956 -0.00055174654624733 0.00047904806980931
0.0010668964390452 -0.0012081491721682 0.002422954212515 0.01912324568107 0.002871411967082 -0.0016477672947469 0.0011369337735564 -0.0008975825880066 0.0007145172966091 -0.00060930470236048
-0.00087195783519781 0.00088470736495371 -0.0014120280532273 0.002871411967082 0.022908453158763 0.0033253704551106 -0.001892620749592 0.0012751489008673 -0.0010054720756992 0.00078861793665805
0.00073848718405575 -0.00070635500539033 0.0010020110203694 -0.0016477672947469 0.0033253704551106 0.026672781236135 0.0037800842924074 -0.0021410920519595 0.0014153731734186 -0.0011147572397063
-0.00064248433055285 0.00058504144296489 -0.00079384161195894 0.0011369337735564 -0.001892620749592 0.0037800842924074 0.030424779848185 0.0042361730158543 -0.0023910239721815 0.0015568397797611
0.00056976661586336 -0.00050477793603644 0.00064386576133956 -0.0008975825880066 0.0012751489008673 -0.0021410920519595 0.0042361730158543 0.034169181264508 0.0046934712987732 -0.0026415845901082
-0.00051380838103382 0.0004427458016227 -0.00055174654624733 0.0007145172966091 -0.0010054720756992 0.0014153731734186 -0.0023910239721815 0.0046934712987732 0.03790856064832 0.0051518382777342
0.00046930620688659 -0.00039597734702749 0.00047904806980931 -0.00060930470236048 0.00078861793665805 -0.0011147572397063 0.0015568397797611 -0.0026415845901082 0.0051518382777342 0.041644430408261
