0.0088890320828232 0.0023947309119919 -0.0015322548926093 0.0011883395782503 -0.00098946360794355 0.00085505574678904 -0.00075622894474271 0.00067964948844166 -0.00061814350676814 0.00056743474403611 -0.00052478258636098 0.00048833163047784 -0.00045677259215198 0.00042915088929618 -0.00040475138050049 0.00038302653075943 -0.00036354824785145 0.00034597757158813 -0.00033004120334243 0.00031551673687571
0.0023947309119919 0.013417613116697 0.0023859802089026 -0.0013455484959805 0.00098548362604581 -0.00079518980425744 0.0006742131733118 -0.00058902626135532 0.00052505867171945 -0.0004748670726293 0.00043420782701717 -0.00040046475020023 0.00037192766140266 -0.000347421171863 0.00032610911241032 -0.00030737859123156 0.00029076841933762 -0.00027592408080006 0.00026256753416033 -0.00025047746827258
-0.0015322548926093 0.0023859802089026 0.018036230457914 0.0029243202392279 -0.0015703841207508 0.00111691849222 -0.0008842597498331 0.00074006304473848 -0.00064066273028946 0.00056732082447909 -0.00051060003703042 0.00046519669715013 -0.00042788223507292 0.00039657887318158 -0.00036987578821538 0.00034678245203474 -0.00032657930336095 0.00030873205700604 -0.00029283217214432 0.00027856759611611
0.0011883395782503 -0.0013455484959805 0.0029243202392279 0.022576951738011 0.0034928307909525 -0.0018216322096674 0.0012701053829724 -0.00099139510389941 0.00082113861524714 -0.00070531907986104 0.00062086742529573 -0.00055622584263111 0.00050494953057416 -0.00046313538783183 0.00042829412886264 -0.00039874570959671 0.00037331988962316 -0.00035117154212218 0.00033168382850287 -0.0003143723010102
-0.00098946360794355 0.00098548362604581 -0.0015703841207508 0.0034928307909525 0.027077291483485 0.0040688672684739 -0.0020802238465183 0.0014293530206794 -0.0011034158703321 0.00090613800923515 -0.0007731242668425 0.00067694386799822 -0.00060388332833152 0.00054633257074818 -0.00049969198649246 0.00046104628009472 -0.00042843178252437 0.00040049809568923 -0.00037625044164754 0.00035500020906702
0.00085505574678904 -0.00079518980425744 0.00111691849222 -0.0018216322096674 0.0040688672684739 0.031554456117875 0.004647747987409 -0.0023418622845085 0.001591123730963 -0.0012174144991033 0.00099264605285669 -0.00084204534404187 0.00073381610217188 -0.00065207363009286 0.00058803394306651 -0.0005363901501438 0.0004938024947198 -0.00045799883064733 0.00042746563303852 -0.000401042359641
-0.00075622894474271 0.0006742131733118 -0.0008842597498331 0.0012701053829724 -0.0020802238465183 0.004647747987409 0.036017075336837 0.0052279991225579 -0.0026050852119838 0.0017542129537875 -0.0013324278841028 0.0010798967120895 -0.0009114734771521 0.00079099822283973 -0.00070040683925373 0.00062974833999767 -0.00057297974314339 0.00052636308882835 -0.00048729280770038 0.00045407380428418
0.00067964948844166 -0.00058902626135532 0.00074006304473848 -0.00099139510389941 0.0014293530206794 -0.0023418622845085 0.0052279991225579 0.040469937359712 0.0058090316475195 -0.0028692642277441 0.0019181049936177 -0.0014480544408073 0.001167585412076 -0.00098118216435491 0.00084833525838463 -0.00074877249656258 0.00067140764479208 -0.00060943223277916 0.00055869564798631 -0.00051634909195821
-0.00061814350676814 0.00052505867171945 -0.00064066273028946 0.00082113861524714 -0.0011034158703321 0.001591123730963 -0.0026050852119838 0.0058090316475195 0.044915917707265 0.0063905692095281 -0.0031340845841715 0.0020825403327572 -0.0015640952921377 0.0012555758542407 -0.0010510732681505 0.0009057699623239 -0.00079715001606715 0.00071298536361732 -0.00064579313897009 0.00059085554846653
0.00056743474403611 -0.0004748670726293 0.00056732082447909 -0.00070531907986104 0.00090613800923515 -0.0012174144991033 0.0017542129537875 -0.0028692642277441 0.0063905692095281 0.049356851504702 0.0069724641132087 -0.003399365911494 0.0022473784223783 -0.0016804382618779 0.0013437929226375 -0.0011211068933861 0.0009632536817633 -0.00084556798753359 0.00075451510523578 -0.00068206932781122
-0.00052478258636098 0.00043420782701717 -0.00051060003703042 0.00062086742529573 -0.0007731242668425 0.00099264605285669 -0.0013324278841028 0.0019181049936177 -0.0031340845841715 0.0069724641132087 0.053793969404411 0.0075546355530839 -0.0036649956121338 0.0024125295435425 -0.0017970228521071 0.0014321646387074 -0.0011912899017762 0.0010207952969597 -0.00089400983260165 0.00079598531274053
0.00048833163047784 -0.00040046475020023 0.00046519669715013 -0.00055622584263111 0.00067694386799822 -0.00084204534404187 0.0010798967120895 -0.0014480544408073 0.0020825403327572 -0.003399365911494 0.0075546355530839 0.058228129823108 0.0081370289524559 -0.0039309073257029 0.0025779053134637 -0.0019138387333448 0.0015206778030873 -0.0012615852622858 0.0010783614115671 -0.00094247251904579
-0.00045677259215198 0.00037192766140266 -0.00042788223507292 0.00050494953057416 -0.00060388332833152 0.00073381610217188 -0.0009114734771521 0.001167585412076 -0.0015640952921377 0.0022473784223783 -0.0036649956121338 0.0081370289524559 0.06265994051583 0.0087195782107072 -0.0041970851447583 0.0027434789931915 -0.0020308332033754 0.0016092821731965 -0.0013319733832704 0.0011359883218037
0.00042915088929618 -0.000347421171863 0.00039657887318158 -0.00046313538783183 0.00054633257074818 -0.00065207363009286 0.00079099822283973 -0.00098118216435491 0.0012555758542407 -0.0016804382618779 0.0024125295435425 -0.0039309073257029 0.0087195782107072 0.067089819464837 0.0093022710918859 -0.0044634708961069 0.0029091888429868 -0.0021479749020788 0.0016980012864282 -0.0014024672873888
-0.00040475138050049 0.00032610911241032 -0.00036987578821538 0.00042829412886265 -0.00049969198649246 0.00058803394306651 -0.00070040683925373 0.00084833525838463 -0.0010510732681505 0.0013437929226375 -0.0017970228521071 0.0025779053134637 -0.0041970851447583 0.0093022710918859 0.071518129810954 0.0098850565359818 -0.0047300282494274 0.0030750505068641 -0.0022652668371572 0.0017868198414705
0.00038302653075943 -0.00030737859123156 0.00034678245203474 -0.00039874570959671 0.00046104628009472 -0.0005363901501438 0.00062974833999767 -0.00074877249656258 0.0009057699623239 -0.0011211068933861 0.0014321646387074 -0.0019138387333448 0.0027434789931915 -0.0044634708961069 0.0098850565359818 0.075945142448043 0.010467958062583 -0.0049967564795183 0.0032410419423137 -0.0023826855699043
-0.00036354824785145 0.00029076841933762 -0.00032657930336095 0.00037331988962316 -0.00042843178252437 0.0004938024947198 -0.00057297974314339 0.00067140764479208 -0.00079715001606715 0.0009632536817633 -0.0011912899017762 0.0015206778030873 -0.0020308332033754 0.0029091888429868 -0.0047300282494274 0.010467958062583 0.080371042490299 0.011050959646382 -0.0052636285547379 0.0034071182390173
0.00034597757158813 -0.00027592408080006 0.00030873205700604 -0.00035117154212218 0.00040049809568923 -0.00045799883064733 0.00052636308882835 -0.00060943223277916 0.00071298536361731 -0.00084556798753359 0.0010207952969597 -0.0012615852622858 0.0016092821731965 -0.0021479749020788 0.0030750505068641 -0.0049967564795183 0.011050959646382 0.08479600270897 0.011634020946901 -0.0055306390195727
-0.00033004120334243 0.00026256753416033 -0.00029283217214432 0.00033168382850287 -0.00037625044164754 0.00042746563303852 -0.00048729280770038 0.00055869564798631 -0.00064579313897009 0.00075451510523578 -0.00089400983260165 0.0010783614115671 -0.0013319733832704 0.0016980012864282 -0.0022652668371572 0.0032410419423137 -0.0052636285547379 0.011634020946901 0.089220146128404 0.012217114954634
0.00031551673687571 -0.00025047746827258 0.00027856759611611 -0.0003143723010102 0.00035500020906702 -0.000401042359641 0.00045407380428418 -0.00051634909195821 0.00059085554846653 -0.00068206932781122 0.00079598531274053 -0.00094247251904579 0.0011359883218037 -0.0014024672873888 0.0017868198414705 -0.0023826855699043 0.0034071182390173 -0.0055306390195727 0.012217114954634 0.093643541468197
