-0.006945931446209 -0.0019511208338669 0.0012703217582505 -0.00099208142577714 0.00082837054411869 -0.00071648719824617 0.00063364921509392 -0.00056918901355109 0.00051729020461017 -0.00047444641185501 0.00043838932825951 -0.00040757290748499 0.00038089903142825 -0.00035756386512999 0.00033696323035381 -0.00031863331807973 0.00030221105117398 -0.00028740825534889 0.00027399261458112 -0.00026177506980247
-0.0019511208338669 -0.011475018480673 -0.0020851804669628 0.0011934302823497 -0.00088183154127185 0.00071537032094648 -0.0006085367791131 0.00053273048270021 -0.00047546558947425 0.00043032664093077 -0.00039363352795996 0.00036309973305263 -0.00033722525076139 0.00031497147195198 -0.00029559728808507 0.00027855518824961 -0.00026343398347258 0.00024991414898139 -0.00023774708323745 0.00022673159280428
0.0012703217582505 -0.0020851804669628 -0.016038889603758 -0.0026362777462799 0.0014312840540158 -0.0010257251088243 0.00081628795401521 -0.00068563558996061 0.00059504309298269 -0.00052786510432135 0.00047568846213058 -0.00043377888922282 0.00039923351503937 -0.00037018527439866 0.00034535556524073 -0.00032384933252599 0.00030500779108787 -0.00028834759335777 0.00027348991775886 -0.00026015007452635
-0.00099208142577714 0.0011934302823497 -0.0026362777462799 -0.020542565427023 -0.0032081282088708 0.0016869958401176 -0.0011835633937505 0.00092808716921808 -0.00077131901497687 0.00066420826176926 -0.00058580411118888 0.0005255755981905 -0.00047765917338012 0.00043847633033825 -0.00040575685148225 0.00037794831091057 -0.00035398453999378 0.00033307359234995 -0.00031465337861572 0.0002982779462578
0.00082837054411869 -0.00088183154127185 0.0014312840540158 -0.0032081282088708 -0.025016822982822 -0.0037850650697028 0.0019474946066627 -0.0013449815803179 0.0010423874066646 -0.00085865068756135 0.00073435603519115 -0.00064421518656378 0.00057553884731755 -0.00052131335344471 0.00047725736700605 -0.00044068845900174 0.00040976000658436 -0.00038323417295265 0.00036017845184356 -0.00033993026541223
-0.00071648719824617 0.00071537032094648 -0.0010257251088243 0.0016869958401176 -0.0037850650697028 -0.029474710576662 -0.004364007166862 0.002210011162742 -0.001507869622318 0.0011576188315484 -0.00094646571208807 0.00080462170076871 -0.00070245769748393 0.00062510349745316 -0.0005643924638564 0.00051531963295759 -0.00047479412833619 0.0004406660921765 -0.00041150427929564 0.0003862691462539
0.00063364921509392 -0.0006085367791131 0.00081628795401521 -0.0011835633937505 0.0019474946066627 -0.004364007166862 -0.033922519158433 -0.0049439987717093 0.0024736335411458 -0.0016715612414282 0.0012733357651352 -0.0010344938488958 0.00087486785028926 -0.00076049552956532 0.00067430605221254 -0.00060698848738669 0.00055280384225243 -0.00050823201227284 0.0004708573855668 -0.00043899627043526
-0.00056918901355109 0.00053273048270021 -0.00068563558996061 0.00092808716921808 -0.0013449815803179 0.002210011162742 -0.0049439987717093 -0.0383636495323 -0.0055246524976907 0.0027379698268589 -0.0018357811086575 0.0013893740437485 -0.0011226639090908 0.00094509348258319 -0.00081838372616504 0.00072325263534633 -0.00064922622700293 0.00058987204155923 -0.00054117584701415 0.00050049425054742
0.00051729020461017 -0.00047546558947425 0.00059504309298269 -0.00077131901497687 0.0010423874066646 -0.001507869622318 0.0024736335411458 -0.0055246524976908 -0.042800108924374 -0.006105777460104 0.0030028181816219 -0.0020003910215143 0.0015056565903713 -0.0012109530889278 0.0010153286208314 -0.0008761728086975 0.00077203594560381 -0.00069121231286036 0.00062662075764067 -0.00057380644321454
-0.00047444641185501 0.00043032664093077 -0.00052786510432135 0.00066420826176926 -0.00085865068756135 0.0011576188315484 -0.0016715612414282 0.0027379698268589 -0.006105777460104 -0.047233161756009 -0.0066872651516644 0.0032680580305897 -0.0021653076237394 0.0016221482124461 -0.0012993453408034 0.0010856018325676 -0.00093390629042014 0.00082069178560919 -0.00073307291798457 0.00066313268453756
0.00043838932825951 -0.00039363352795995 0.00047568846213058 -0.00058580411118888 0.00073435603519115 -0.00094646571208807 0.0012733357651352 -0.0018357811086575 0.0030028181816219 -0.0066872651516644 -0.051663648093893 -0.0072690439456841 0.0035336192656699 -0.0023304686621459 0.0017388289249694 -0.001387834334711 0.0011558998210823 -0.00099166516248435 0.00086925554421107 -0.00077486391936094
-0.00040757290748499 0.00036309973305263 -0.00043377888922282 0.0005255755981905 -0.00064421518656378 0.00080462170076871 -0.0010344938488958 0.0013893740437485 -0.0020003910215143 0.0032680580305897 -0.0072690439456841 -0.056092139836053 -0.0078510566095001 0.0037994559464804 -0.0024958340319477 0.0018556494501625 -0.0014764664808375 0.0012262210502685 -0.0010494717550789 0.00091770245831058
0.00038089903142825 -0.00033722525076139 0.00039923351503937 -0.00047765917338012 0.00057553884731755 -0.00070245769748393 0.00087486785028926 -0.0011226639090908 0.0015056565903713 -0.0021653076237393 0.0035336192656699 -0.0078510566095001 -0.060519042505571 -0.0084332654657631 0.0040654992782644 -0.0026614266805635 0.0019725813410546 -0.0015652386670572 0.0012965128894303 -0.001107369264157
-0.00035756386512999 0.00031497147195198 -0.00037018527439866 0.00043847633033825 -0.00052131335344471 0.00062510349745316 -0.00076049552956532 0.00094509348258319 -0.0012109530889278 0.0016221482124461 -0.0023304686621459 0.0037994559464804 -0.0084332654657631 -0.064944689042015 -0.0090156953685071 0.0043317059506545 -0.002827226116461 0.0020895515603118 -0.001654176293734 0.0013667815134649
0.00033696323035381 -0.00029559728808507 0.00034535556524073 -0.00040575685148225 0.00047725736700605 -0.0005643924638564 0.00067430605221254 -0.00081838372616504 0.0010153286208314 -0.0012993453408034 0.0017388289249694 -0.0024958340319477 0.0040654992782644 -0.0090156953685071 -0.069369321009177 -0.0095983270325673 0.0045979914480908 -0.0029932454327548 0.0022065513017726 -0.0017433314555526
-0.00031863331807973 0.00027855518824961 -0.00032384933252599 0.00037794831091057 -0.00044068845900174 0.00051531963295759 -0.00060698848738668 0.00072325263534633 -0.0008761728086975 0.0010856018325676 -0.001387834334711 0.0018556494501625 -0.0026614266805635 0.0043317059506545 -0.0095983270325673 -0.073793174548328 -0.010181174747617 0.004864338416597 -0.0031595276428746 0.0023235189679844
0.00030221105117398 -0.00026343398347258 0.00030500779108787 -0.00035398453999378 0.00040976000658436 -0.00047479412833619 0.00055280384225243 -0.00064922622700293 0.0007720359456038 -0.00093390629042014 0.0011558998210823 -0.0014764664808375 0.0019725813410546 -0.002827226116461 0.0045979914480908 -0.010181174747617 -0.078216384769662 -0.010764282562807 0.005130678254125 -0.0033261057772039
-0.00028740825534889 0.00024991414898139 -0.00028834759335777 0.00033307359234995 -0.00038323417295265 0.0004406660921765 -0.00050823201227284 0.00058987204155923 -0.00069121231286036 0.00082069178560919 -0.00099166516248435 0.0012262210502685 -0.0015652386670572 0.0020895515603118 -0.0029932454327548 0.004864338416597 -0.010764282562807 -0.08263911326982 -0.011347684472479 0.0053968997009118
0.00027399261458112 -0.00023774708323745 0.00027348991775886 -0.00031465337861572 0.00036017845184356 -0.00041150427929565 0.0004708573855668 -0.00054117584701415 0.00062662075764067 -0.00073307291798457 0.00086925554421107 -0.0010494717550789 0.0012965128894303 -0.001654176293734 0.0022065513017726 -0.0031595276428746 0.005130678254125 -0.011347684472479 -0.087061545741875 -0.011931464163369
-0.00026177506980247 0.00022673159280428 -0.00026015007452635 0.0002982779462578 -0.00033993026541223 0.0003862691462539 -0.00043899627043526 0.00050049425054742 -0.00057380644321454 0.00066313268453756 -0.00077486391936094 0.00091770245831058 -0.001107369264157 0.0013667815134649 -0.0017433314555526 0.0023235189679844 -0.0033261057772039 0.0053968997009118 -0.011931464163369 -0.091483875164486
