-0.0030205322618938 -0.0010312683591693 0.00070138674494745 -0.00055403311875763 0.00046344377551594 -0.00040021839497687 0.00035289746026734 -0.00031597970869638 0.00028616613546616 -0.0002616718745327 0.00024098865116409 -0.00022349708238176 0.00020823369854268 -0.00019512136309198 0.00018334281006254 -0.00017317137132951 0.00016376069267305 -0.00015567447348024 0.00014793614981174 -0.00014139535571189
-0.0010312683591693 -0.0074816075865859 -0.0014770779424077 0.00088338857254907 -0.00066796547361618 0.00054862693617166 -0.00047012876401571 0.00041299828788844 -0.00036962405360424 0.00033455139857393 -0.00030650026227924 0.0002822153228295 -0.00026255848389582 0.00024441581474788 -0.00023001043534497 0.00021566543689081 -0.000204862028218 0.0001929687101615 -0.00018482770246818 0.00017453416115231
0.00070138674494745 -0.0014770779424077 -0.011930086132775 -0.0020552229140791 0.0011511331344208 -0.00084168648214813 0.00067809904448538 -0.00057485108960281 0.00050111940400609 -0.00044703614870732 0.00040294066131867 -0.00036926990616777 0.00033884490003248 -0.00031611076976266 0.00029305557262513 -0.00027717909469614 0.00025838888910313 -0.0002473383993869 0.00023103573988726 -0.00022372574487761
-0.00055403311875763 0.00088338857254907 -0.0020552229140791 -0.016366794764309 -0.0026340210533788 0.0014163030763815 -0.001010192983585 0.00080025102846442 -0.00067159177717394 0.00058030095902605 -0.00051582026025228 0.00046208626622666 -0.00042362035747019 0.00038642702220422 -0.00036178730682375 0.00033300475841675 -0.00031713914942412 0.00029279824969987 -0.00028331152597782 0.00026112167444724
0.00046344377551594 -0.00066796547361618 0.0011511331344208 -0.0026340210533788 -0.020798125602391 -0.0032130621328667 0.0016803291025825 -0.0011766475349283 0.00091892752258438 -0.0007647467397236 0.00065482873668415 -0.00058044623056314 0.00051606806271458 -0.00047374792480758 0.00042865211808254 -0.00040343898882234 0.00036754109671517 -0.00035341392170638 0.00032178122898713 -0.00031601932550081
-0.00040021839497687 0.00054862693617166 -0.00084168648214813 0.0014163030763815 -0.0032130621328667 -0.02522641355556 -0.0037926871931964 0.0019439329458788 -0.0013425361634221 0.0010357850960376 -0.00085642564676886 0.00072665590104708 -0.00064318831168542 0.00056682464617514 -0.00052190333700485 0.00046732130104566 -0.00044322763211188 0.00039828138716598 -0.00038806093099806 0.00034677096829015
0.00035289746026734 -0.00047012876401571 0.00067809904448538 -0.001010192983585 0.0016803291025825 -0.0037926871931964 -0.029652825670605 -0.0043730813262696 0.0022073117346229 -0.0015085705631153 0.0011514801200902 -0.00094771367475443 0.00079662870909679 -0.00070529633868351 0.00061523167132021 -0.00056939606791731 0.00050325550556588 -0.00048247401231045 0.00042596458423419 -0.00042238243609508
-0.00031597970869638 0.00041299828788844 -0.00057485108960281 0.00080025102846442 -0.0011766475349283 0.0019439329458788 -0.0043730813262696 -0.034078088216687 -0.004954365446425 0.0024704359217749 -0.0016751630712826 0.0012662212600669 -0.0010392674339987 0.00086506911263496 -0.00076756833068317 0.0006616307771858 -0.00061710428005542 0.00053677582404978 -0.00052209310036275 0.0004508634388819
0.00028616613546616 -0.00036962405360424 0.00050111940400609 -0.00067159177717394 0.00091892752258438 -0.0013425361634221 0.0022073117346229 -0.004954365446425 -0.038502723467371 -0.0055366573155332 0.0027331612048693 -0.001842617983464 0.001379990379954 -0.0011315653770068 0.00093201559414656 -0.000830601364641 0.00070607599411842 -0.0006656958177041 0.00056791897783476 -0.00056281359969571
-0.0002616718745327 0.00033455139857393 -0.00044703614870732 0.00058030095902605 -0.00076474673972361 0.0010357850960376 -0.0015085705631153 0.0024704359217749 -0.0055366573155332 -0.042927160177961 -0.0061201015622094 0.0029952726857087 -0.0020112150746887 0.0014926307551448 -0.001225020290954 0.00099734459743642 -0.00089489813408056 0.00074844497048111 -0.00071575268656279 0.00059649097055823
0.00024098865116409 -0.00030650026227924 0.00040294066131867 -0.00051582026025228 0.00065482873668415 -0.00085642564676886 0.0011514801200902 -0.0016751630712826 0.0027331612048693 -0.0061201015622094 -0.047351788276404 -0.006704885348931 0.0032564964544438 -0.0021812481342118 0.0016039000168278 -0.0013200223041885 0.0010608236882536 -0.00096093860759182 0.00078844231481921 -0.00076792057043532
-0.00022349708238176 0.0002822153228295 -0.00036926990616777 0.00046208626622666 -0.00058044623056314 0.00072665590104708 -0.00094771367475443 0.0012662212600669 -0.001842617983464 0.0029952726857087 -0.006704885348931 -0.05177699508899 -0.0072912457125961 0.0035165165878233 -0.0023530322829814 0.0017134897548372 -0.0014169796373958 0.0011220849791387 -0.0010293045948684 0.00082562606885137
0.00020823369854268 -0.00026255848389582 0.00033884490003248 -0.00042362035747019 0.00051606806271458 -0.00064318831168542 0.00079662870909679 -0.0010392674339987 0.001379990379954 -0.0020112150746887 0.0032564964544438 -0.0072912457125961 -0.056203173160161 -0.0078794613179044 0.0037749763982266 -0.0025269266334101 0.0018209807483394 -0.0015164280438592 0.0011806365889589 -0.0011006142467696
-0.00019512136309198 0.00024441581474788 -0.00031611076976266 0.00038642702220422 -0.00047374792480758 0.00056682464617514 -0.00070529633868351 0.00086506911263496 -0.0011315653770068 0.0014926307551448 -0.0021812481342118 0.0035165165878233 -0.0078794613179044 -0.060630732783213 -0.0084698670245833 0.0040314233458637 -0.0027034346068327 0.0019258450180635 -0.0016189543950487 0.0012358074127108
0.00018334281006254 -0.00023001043534497 0.00029305557262513 -0.00036178730682375 0.00042865211808254 -0.00052190333700486 0.00061523167132021 -0.00076756833068317 0.00093201559414656 -0.001225020290954 0.0016039000168278 -0.0023530322829814 0.0037749763982266 -0.0084698670245833 -0.065060165259464 -0.0090629500599463 0.0042853056095279 -0.0028831206294957 0.0020273846220436 -0.0017253164880434
-0.00017317137132951 0.00021566543689081 -0.00027717909469614 0.00033300475841675 -0.00040343898882234 0.00046732130104566 -0.00056939606791731 0.0006616307771858 -0.000830601364641 0.00099734459743642 -0.0013200223041885 0.0017134897548372 -0.0025269266334101 0.0040314233458637 -0.0090629500599463 -0.069492051172637 -0.0096592634658272 0.0045359073119194 -0.0030667274212282 0.0021248051789558
0.00016376069267305 -0.000204862028218 0.00025838888910313 -0.00031713914942413 0.00036754109671517 -0.00044322763211188 0.00050325550556588 -0.00061710428005542 0.00070607599411842 -0.00089489813408056 0.0010608236882536 -0.0014169796373958 0.0018209807483394 -0.0027034346068327 0.0042853056095279 -0.0096592634658272 -0.073927128333716 -0.010259542212923 0.004782420554698 -0.0032551832367362
-0.00015567447348024 0.0001929687101615 -0.0002473383993869 0.00029279824969987 -0.00035341392170638 0.00039828138716598 -0.00048247401231045 0.00053677582404978 -0.0006656958177041 0.00074844497048111 -0.00096093860759182 0.0011220849791387 -0.0015164280438592 0.0019258450180635 -0.0028831206294957 0.0045359073119194 -0.010259542212923 -0.078366221576366 -0.010864709263419 0.0050237950368938
0.00014793614981174 -0.00018482770246818 0.00023103573988726 -0.00028331152597782 0.00032178122898713 -0.00038806093099806 0.00042596458423419 -0.00052209310036275 0.00056791897783476 -0.00071575268656279 0.00078844231481921 -0.0010293045948684 0.0011806365889589 -0.0016189543950487 0.0020273846220436 -0.0030667274212282 0.004782420554698 -0.010864709263419 -0.082810394731189 -0.011475894088052
-0.00014139535571189 0.00017453416115231 -0.00022372574487761 0.00026112167444724 -0.00031601932550081 0.00034677096829015 -0.00042238243609508 0.0004508634388819 -0.00056281359969571 0.00059649097055823 -0.00076792057043532 0.00082562606885137 -0.0011006142467696 0.0012358074127108 -0.0017253164880434 0.0021248051789558 -0.0032551832367362 0.0050237950368938 -0.011475894088052 -0.087260993967603
