-0.0059803819654155 -0.0017351386074966 0.0011726081628055 -0.00090966037355997 0.00074675633203703 -0.00063221863851971 0.00054978395430223 -0.00048640935043083 0.00043768918805925 -0.00039902712493562
-0.0017351386074966 -0.0098877023483849 -0.0017724679102106 0.0010900880667144 -0.00080336541932352 0.00064869980680514 -0.00053634740199624 0.00046484983928825 -0.0004078575104575 0.00036511462108108
0.0011726081628055 -0.0017724679102106 -0.013801075635768 -0.0022077499264755 0.0013115956832468 -0.00092960545881194 0.0007480738185939 -0.0006049943219265 0.0005217400030414 -0.00045346947132997
-0.00090966037355997 0.0010900880667144 -0.0022077499264755 -0.017655315609432 -0.0026631344980227 0.0015577476203923 -0.0010690235953349 0.0008581292070095 -0.00068079556517869 0.00058372523232519
0.00074675633203703 -0.00080336541932352 0.0013115956832468 -0.0026631344980227 -0.021477595012402 -0.0031240579877982 0.0018102741776252 -0.0012110890839434 0.00096945763004192 -0.00075826969968641
-0.00063221863851971 0.00064869980680514 -0.00092960545881194 0.0015577476203923 -0.0031240579877982 -0.025284808019081 -0.0035867383234675 0.0020639048274346 -0.0013548548556791 0.0010811906928209
0.00054978395430223 -0.00053634740199624 0.0007480738185939 -0.0010690235953349 0.0018102741776252 -0.0035867383234675 -0.029084864512324 -0.0040513227184464 0.0023180391853823 -0.0014996611888845
-0.00048640935043083 0.00046484983928825 -0.0006049943219265 0.0008581292070095 -0.0012110890839434 0.0020639048274346 -0.0040513227184464 -0.03288028578777 -0.0045173314625938 0.0025723366006409
0.00043768918805925 -0.0004078575104575 0.0005217400030414 -0.00068079556517869 0.00096945763004192 -0.0013548548556791 0.0023180391853823 -0.0045173314625938 -0.036672639516629 -0.0049844563945062
-0.00039902712493562 0.00036511462108108 -0.00045346947132997 0.00058372523232519 -0.00075826969968641 0.0010811906928209 -0.0014996611888845 0.0025723366006409 -0.0049844563945062 -0.040462812181038
