0.0075905307771512 0.0021426691461651 -0.0013972051688274 0.0010771829756374 -0.00089337051794581 0.00076448698092899 -0.00066715146696112 0.00059332609116743 -0.0005345472998158 0.00048630046974678
0.0021426691461651 0.011550830613578 0.0020733385860354 -0.0012344946250185 0.00088360224981274 -0.00071268144178316 0.00060638294876752 -0.00051980107950705 0.00045770855155254 -0.00041039488210119
-0.0013972051688274 0.0020733385860354 0.015498831694972 0.0024940914027861 -0.0014475071575561 0.0010058361075495 -0.00078582113768089 0.00066778269767441 -0.00056630508372053 0.00049431221618873
0.0010771829756374 -0.0012344946250185 0.0024940914027861 0.01937473096045 0.0029575839797274 -0.0016765272009567 0.0011511003191896 -0.00087656328228522 0.00074265868676892 -0.00062458089374441
-0.00089337051794581 0.00088360224981274 -0.0014475071575561 0.0029575839797274 0.023226294679765 0.0034367179810338 -0.0019104833124053 0.0013024915238597 -0.0009725458877057 0.0008212459327433
0.00076448698092899 -0.00071268144178316 0.0010058361075495 -0.0016765272009567 0.0034367179810338 0.027062089797794 0.0039221757450548 -0.0021468488892209 0.0014564216393187 -0.0010708472827003
-0.00066715146696112 0.00060638294876752 -0.00078582113768089 0.0011511003191896 -0.0019104833124053 0.0039221757450548 0.030887289514731 0.0044108795940312 -0.0023846867087902 0.0016115736903293
0.00059332609116743 -0.00051980107950705 0.00066778269767441 -0.00087656328228522 0.0013024915238597 -0.0021468488892209 0.0044108795940312 0.034705062559232 0.0049013686202026 -0.0026234745021331
-0.0005345472998158 0.00045770855155254 -0.00056630508372053 0.00074265868676892 -0.0009725458877057 0.0014564216393187 -0.0023846867087902 0.0049013686202026 0.038517499286418 0.0053929040103353
0.00048630046974678 -0.00041039488210119 0.00049431221618873 -0.00062458089374441 0.0008212459327433 -0.0010708472827003 0.0016115736903293 -0.0026234745021331 0.0053929040103353 0.042325922275953
