0.00068408719741773 0.00037254856392049 -0.00028866915399798 0.00021766893317337 -0.00019275727810504 0.0001493426327889 -0.00014140422550343 0.0001101718838744 -0.00011317456590698 8.4638748503438e-05
0.00037254856392049 0.0045565198909225 0.00095336705929065 -0.00070998986437285 0.00046937014377543 -0.00046541643967122 0.00031053185170572 -0.00035415570672496 0.00021710586351237 -0.00030150671906583
-0.00028866915399798 0.00095336705929065 0.0083180648901101 0.0013993751151608 -0.0010025744455663 0.00060280638047798 -0.00063888380209921 0.0003718827331222 -0.00049488453556874 0.00024123320131708
0.00021766893317337 -0.00070998986437285 0.0013993751151608 0.01208367022343 0.0018331117973851 -0.0012925060421057 0.00071183382092908 -0.00080944916831398 0.00040696111055417 -0.00063211601936871
-0.00019275727810504 0.00046937014377543 -0.0010025744455663 0.0018331117973851 0.015837521016706 0.0022564584745125 -0.0015943539980872 0.0008067007227649 -0.00098739258723726 0.0004243672300557
0.0001493426327889 -0.00046541643967122 0.00060280638047797 -0.0012925060421057 0.0022564584745125 0.019575067092108 0.0026702514629393 -0.0019086682787962 0.00088824551656992 -0.0011744383594711
-0.00014140422550343 0.00031053185170572 -0.00063888380209921 0.00071183382092908 -0.0015943539980872 0.0026702514629393 0.023298405385229 0.0030726613200626 -0.00223430683765 0.0009565473984583
0.0001101718838744 -0.00035415570672496 0.0003718827331222 -0.00080944916831398 0.0008067007227649 -0.0019086682787962 0.0030726613200626 0.027009591993392 0.0034628039520478 -0.0025728145758958
-0.00011317456590698 0.00021710586351237 -0.00049488453556874 0.00040696111055417 -0.00098739258723726 0.00088824551656992 -0.00223430683765 0.0034628039520478 0.030707441256213 0.0038400069411611
8.4638748503438e-05 -0.00030150671906583 0.00024123320131708 -0.00063211601936871 0.00042436723005569 -0.0011744383594711 0.0009565473984583 -0.0025728145758958 0.0038400069411611 0.034391093424098
