-0.0059422197518042 -0.0017387153398586 0.0011604281750128 -0.00089974937793442 0.00074958965947728 -0.00064366169985662 0.00056101995884888 -0.00049848778868187 0.00044878025074725 -0.00040782961909714
-0.0017387153398586 -0.0098669942117812 -0.0017992065833839 0.0011000508289716 -0.00079328227099524 0.00063838201114557 -0.00054922257305023 0.00047142608472657 -0.00041508269353345 0.00037251787683537
0.0011604281750128 -0.0017992065833839 -0.013762906753052 -0.0022365842487749 0.0013177471085508 -0.00092970825153696 0.00072175641885199 -0.00061969776251514 0.00052701153613351 -0.00046034350866826
-0.00089974937793442 0.0011000508289716 -0.0022365842487749 -0.017616195528485 -0.0027110703655449 0.0015471798189124 -0.0010793153640633 0.00081679717985431 -0.00069823104937393 0.00058887874438622
0.00074958965947728 -0.00079328227099524 0.0013177471085508 -0.0027110703655449 -0.021451935900199 -0.0031949326706956 0.0017814501204746 -0.0012323539721966 0.00091489555255565 -0.00077865052108401
-0.00064366169985662 0.00063838201114557 -0.00092970825153696 0.0015471798189124 -0.0031949326706956 -0.025274902651796 -0.0036826584405432 0.0020179976385757 -0.0013868616745645 0.0010143903175848
0.00056101995884888 -0.00054922257305023 0.00072175641885199 -0.0010793153640633 0.0017814501204746 -0.0036826584405432 -0.029089731880334 -0.0041724333782788 0.0022560203207095 -0.0015421466768549
-0.00049848778868187 0.00047142608472657 -0.00061969776251514 0.00081679717985431 -0.0012323539721966 0.0020179976385757 -0.0041724333782788 -0.032898926458445 -0.0046634078137015 0.0024950244973023
0.00044878025074725 -0.00041508269353345 0.00052701153613351 -0.00069823104937393 0.00091489555255565 -0.0013868616745645 0.0022560203207095 -0.0046634078137015 -0.036704139536769 -0.005155089172221
-0.00040782961909714 0.00037251787683536 -0.00046034350866826 0.00058887874438622 -0.00077865052108401 0.0010143903175848 -0.0015421466768549 0.0024950244973023 -0.005155089172221 -0.04050643099474
