-0.0025652318843557 -0.00088134304435531 0.00063877582528405 -0.00050267526633422 0.00041905307709297 -0.00035136028922509 0.00030566684879242 -0.00026842001308685 0.00023976650885648 -0.00021750929673724
-0.00088134304435531 -0.0063068757997051 -0.0012177332579514 0.00080596347300576 -0.00059071171383637 0.00049847271510384 -0.0004070532536475 0.00035613715826768 -0.00031337540538667 0.00027932860537985
0.00063877582528405 -0.0012177332579514 -0.010059485085334 -0.0016625216366983 0.0010562560415251 -0.00073620964156891 0.00061831254716967 -0.00049746093541538 0.00043209419177271 -0.00038036513099359
-0.00050267526633422 0.00080596347300576 -0.0016625216366983 -0.013797339801118 -0.0021136097616851 0.0013043801931514 -0.0008827160864171 0.00073279713322257 -0.00058333158421132 0.00050022198741277
0.00041905307709297 -0.00059071171383637 0.0010562560415251 -0.0021136097616851 -0.017530735751901 -0.0025718043261858 0.0015524029733883 -0.0010302133217226 0.00084379820687264 -0.00066635585281711
-0.00035136028922509 0.00049847271510384 -0.00073620964156891 0.0013043801931514 -0.0025718043261858 -0.021260764237219 -0.0030337937826551 0.0017994277008711 -0.0011775338695181 0.0009521325474675
0.00030566684879242 -0.0004070532536475 0.00061831254716967 -0.0008827160864171 0.0015524029733883 -0.0030337937826551 -0.024989920859611 -0.0034969858955251 0.0020450527988101 -0.0013260416336418
-0.00026842001308685 0.00035613715826768 -0.00049746093541538 0.00073279713322257 -0.0010302133217226 0.0017994277008711 -0.0034969858955251 -0.028719364449388 -0.0039621625805537 0.0022891398824672
0.00023976650885648 -0.00031337540538667 0.00043209419177271 -0.00058333158421132 0.00084379820687264 -0.0011775338695181 0.0020450527988101 -0.0039621625805537 -0.032449632897984 -0.0044297198963827
-0.00021750929673724 0.00027932860537985 -0.00038036513099359 0.00050022198741277 -0.00066635585281711 0.0009521325474675 -0.0013260416336418 0.0022891398824672 -0.0044297198963827 -0.036181523959484
