-0.0049425407190539 -0.0016051461394353 0.0011776227910579 -0.0010122775239904 0.00092909312926873 -0.00088086620215824 0.00085347148684237 -0.00083957377423745 0.00082630246419653 -0.00084487866402729
-0.0016051461394353 -0.0054204569995529 -0.00063953661854108 0.00062369303701781 -0.00060388731018151 0.00060844578676166 -0.00060989118898536 0.00060636147597636 -0.00065530445161837 0.000539500413008
0.0011776227910579 -0.00063953661854108 -0.0049194911659247 -0.00035794790567224 0.00051075174874378 -0.00053645789499184 0.0005792825083293 -0.00063862963742305 0.00052210221021705 -0.00065551027973057
-0.0010122775239904 0.00062369303701781 -0.00035794790567224 -0.0042635760441197 -0.0002250474793716 0.00046742186334133 -0.00052846224512365 0.0004967023990663 -0.00066693618529835 0.0013872460702246
0.00092909312926873 -0.00060388731018151 0.00051075174874378 -0.0002250474793716 -0.0036511711014539 -0.00021779154813218 0.00040679819810891 -0.00053180596328181 0.0011858122865473 0.0010489659647077
-0.00088086620215824 0.00060844578676166 -0.00053645789499184 0.00046742186334133 -0.00021779154813218 -0.0032341007884061 -0.00029795728234135 0.0010436393974524 0.0010007096400031 0.0014447864679715
0.00085347148684237 -0.00060989118898536 0.0005792825083293 -0.00052846224512365 0.00040679819810891 -0.00029795728234135 -0.0023821399653644 0.00096599733435112 0.0014858867182605 -0.0020556472725288
-0.00083957377423745 0.00060636147597636 -0.00063862963742305 0.0004967023990663 -0.00053180596328181 0.0010436393974524 0.00096599733435112 -0.0019394316248698 -0.0019841966059055 -0.00053496172659982
0.00082630246419653 -0.00065530445161837 0.00052210221021705 -0.00066693618529835 0.0011858122865473 0.0010007096400031 0.0014858867182605 -0.0019841966059055 -0.0042244481166763 -0.00031851170339565
-0.00084487866402729 0.000539500413008 -0.00065551027973057 0.0013872460702246 0.0010489659647077 0.0014447864679715 -0.0020556472725288 -0.00053496172659982 -0.00031851170339565 -0.0035945980815922
