0.0022973290042515 -0.00048943204844167 0.00086139391072234 -0.0014132964213049 0.0012178054610012 -0.0018437190148836 0.0013226405556676 -0.0022246258079775 0.0012185392161889 -0.0028139488863212
-0.00048943204844167 0.0065621120332889 -0.0016960524051092 0.001318771864583 -0.0026046599647762 0.0015805105935571 -0.0033307359948243 0.0014831523202618 -0.0043365647093463 0.00041565265898748
0.00086139391072234 -0.0016960524051092 0.0078837914713597 -0.0030481680336577 0.0020448901955243 -0.0037363142768761 0.0020982525945613 -0.0046738376223817 0.0013984111686884 -0.0071032254873532
-0.0014132964213049 0.001318771864583 -0.0030481680336577 0.0084293342533643 -0.0040118687431803 0.0029495340082088 -0.0045213854239985 0.0027007041289685 -0.0061357636514899 0.0012860321411815
0.0012178054610012 -0.0026046599647762 0.0020448901955243 -0.0040118687431803 0.00841348645384 -0.004804762159111 0.0031335469658942 -0.0059006815379504 0.0020955471691256 -0.0052709271981985
-0.0018437190148836 0.0015805105935571 -0.0037363142768761 0.0029495340082088 -0.004804762159111 0.0087212339314442 -0.0057555479387731 0.0035102902563805 -0.0048505035027746 0.008798610403102
0.0013226405556676 -0.0033307359948243 0.0020982525945613 -0.0045213854239985 0.0031335469658942 -0.0057555479387731 0.0082382404049729 -0.0047558245674008 0.0082546403947359 -0.0023512175435404
-0.0022246258079775 0.0014831523202618 -0.0046738376223817 0.0027007041289685 -0.0059006815379504 0.0035102902563805 -0.0047558245674008 0.014011230715596 -0.0016072992468111 0.0063876175542036
0.0012185392161889 -0.0043365647093463 0.0013984111686884 -0.0061357636514899 0.0020955471691256 -0.0048505035027746 0.0082546403947359 -0.0016072992468111 0.011928880611526 -0.0026894658416382
-0.0028139488863212 0.00041565265898748 -0.0071032254873532 0.0012860321411815 -0.0052709271981985 0.008798610403102 -0.0023512175435404 0.0063876175542036 -0.0026894658416382 0.018222065141092
