0.0056208497956094 0.0013615712009876 -0.00094474216056845 0.0007362761250035 -0.00060762558777165 0.00051751462555854 -0.00045951135036419 0.00040579928727705 -0.00025761542418737 0.00047923329670033
0.0013615712009876 0.0057048886112728 0.00029011633176768 -0.00035306274320222 0.00030379531184662 -0.00028674683172754 0.00022768724816155 -6.7101905089082e-05 0.00074681637113407 -0.00065198000965119
-0.00094474216056845 0.00029011633176768 0.0052258046881728 -7.2002591634604e-05 -0.00020326864471826 0.0001390729492197 -5.9328364934763e-05 0.00081271039948574 -3.6665554426289e-05 -0.0028567334817716
0.0007362761250035 -0.00035306274320222 -7.2002591634603e-05 0.0047212758667363 -0.00030112886305345 -3.4680909118363e-05 0.00065895048429179 0.00028024948482976 -0.0022018749139688 -0.0029872606576714
-0.00060762558777165 0.00030379531184662 -0.00020326864471826 -0.00030112886305345 0.0044492576969385 0.00019887176855412 0.00032340485680971 -0.0018739749831991 -0.0027896359957325 0.0016770856154685
0.00051751462555854 -0.00028674683172754 0.0001390729492197 -3.4680909118364e-05 0.00019887176855412 0.0047004959302944 -0.0019505262655417 -0.0028254266785399 0.00084030559413104 0.0017842147434832
-0.00045951135036419 0.00022768724816155 -5.9328364934763e-05 0.00065895048429179 0.00032340485680971 -0.0019505262655417 0.0018620308619415 0.00048845243195522 0.00080538979139505 -0.001045996967608
0.00040579928727705 -6.7101905089083e-05 0.00081271039948574 0.00028024948482976 -0.0018739749831991 -0.0028254266785399 0.00048845243195522 0.0060290315941492 -0.00094308485703011 3.6584265358949e-05
-0.00025761542418737 0.00074681637113407 -3.6665554426289e-05 -0.0022018749139688 -0.0027896359957325 0.00084030559413104 0.00080538979139505 -0.00094308485703011 0.0066611252231162 0.00042379497555453
0.00047923329670033 -0.00065198000965119 -0.0028567334817716 -0.0029872606576714 0.0016770856154685 0.0017842147434832 -0.001045996967608 3.6584265358949e-05 0.00042379497555453 0.0064320980414013
