-0.0023475974194375 -0.002807369079802 0.0026156395737724 -0.0026413527816817 0.0026749532868779 -0.0027752349076268 0.0027941648182003 -0.0029745961616854 0.0028438703743978 -0.0034108342431638
-0.002807369079802 -0.0041103144816135 -0.0023956421400154 0.0024471599430112 -0.0026380947443301 0.0026153185427388 -0.0029158147663761 0.0025979855553458 -0.0035534754965693 0.0016376798229096
0.0026156395737724 -0.0023956421400154 -0.0037762605258196 -0.0025818341793166 0.0027074148848473 -0.0031073961408837 0.0028645679551086 -0.0037722100847033 0.002114630652777 -0.0050298016275846
-0.0026413527816817 0.0024471599430112 -0.0025818341793166 -0.0030310450776236 -0.0028924687397713 0.0028754371161349 -0.0037804231274622 0.0025095704942066 -0.0049816445583435 0.0045632888685272
0.0026749532868779 -0.0026380947443301 0.0027074148848473 -0.0028924687397713 -0.0023255386682021 -0.0035049042716414 0.0026124275703545 -0.0047485985602487 0.0044235832008827 0.00027447125060249
-0.0027752349076268 0.0026153185427388 -0.0031073961408837 0.0028754371161349 -0.0035049042716414 -0.0022137477954011 -0.0045455323774252 0.0042022714505878 -0.00053177113152431 0.0072345653334085
0.0027941648182003 -0.0029158147663761 0.0028645679551086 -0.0037804231274622 0.0026124275703545 -0.0045455323774252 -0.00070986446048078 -0.0011798014924729 0.0067876876100351 -0.0048499410283294
-0.0029745961616854 0.0025979855553458 -0.0037722100847033 0.0025095704942066 -0.0047485985602487 0.0042022714505878 -0.0011798014924729 0.0012271401117319 -0.0057023636563933 0.0053537786519046
0.0028438703743978 -0.0035534754965693 0.002114630652777 -0.0049816445583435 0.0044235832008827 -0.00053177113152431 0.0067876876100351 -0.0057023636563933 -0.0013233255684502 -0.0042976119136442
-0.0034108342431638 0.0016376798229096 -0.0050298016275846 0.0045632888685272 0.00027447125060249 0.0072345653334085 -0.0048499410283294 0.0053537786519046 -0.0042976119136442 -0.0040047358113831
