-0.0052109919503199 -0.0017865659320843 0.0012910998695223 -0.0010893742179106 0.001006648399632 -0.00021645024900201 0.00085663475563925 -0.004484480763134 0.0024191009099818 0.0058503089755237
-0.0017865659320843 -0.0061242143408728 -0.00090782657263528 0.00083430530845004 0.0003820850209718 0.0024439182831063 -0.0046062279612068 -0.006316103675927 0.0071661770988048 0.0092817230321103
0.0012910998695223 -0.00090782657263528 -0.0061659229054225 0.0002913092788375 0.0033312475766544 -0.0026190315834202 -0.0064936189192602 0.00035238774651203 0.0054484454641946 0.001467244552941
-0.0010893742179106 0.00083430530845004 0.0002913092788375 -0.0038655348156946 -0.0020138523779266 -0.0045116543178168 -0.00058986240822188 0.0023492068679087 -0.0015383368816769 0.0052331028836798
0.001006648399632 0.0003820850209718 0.0033312475766544 -0.0020138523779266 -0.012420412927123 -0.0011883683705524 0.0034641890235798 -0.0018882016462396 0.0024885380599964 -0.00038144823254841
-0.00021645024900201 0.0024439182831063 -0.0026190315834202 -0.0045116543178168 -0.0011883683705524 -0.0071974014645241 -0.0027636967023235 0.0049252583008048 -0.0012524862860457 0.0043508755892382
0.00085663475563925 -0.0046062279612068 -0.0064936189192602 -0.00058986240822188 0.0034641890235798 -0.0027636967023235 -0.0094483435630142 -0.0024945465211632 0.0092648346902895 0.0080099340620206
-0.004484480763134 -0.006316103675927 0.00035238774651203 0.0023492068679087 -0.0018882016462396 0.0049252583008048 -0.0024945465211632 -0.0098005460221658 0.0088491987484147 0.0088381488189069
0.0024191009099818 0.0071661770988048 0.0054484454641946 -0.0015383368816769 0.0024885380599964 -0.0012524862860457 0.0092648346902895 0.0088491987484147 -0.014643625038579 -0.011765634226977
0.0058503089755237 0.0092817230321104 0.001467244552941 0.0052331028836798 -0.00038144823254841 0.0043508755892382 0.0080099340620206 0.0088381488189069 -0.011765634226977 -0.022840854623341
