-0.0024272404555053 -0.0029348989231848 0.0026344211886456 -0.0026871218128449 0.0025312474317935 -0.0032491986045949 0.002006899463378 -0.00061915799527355 0.0097903637616655 -0.0059228994756846
-0.0029348989231848 -0.0045598027619697 -0.0027071407641221 0.0023072519250736 -0.0033579056742133 0.00093000315510849 -0.0024630872382952 0.012244159174347 0.0076405854312529 -0.0044974524698797
0.0026344211886456 -0.0027071407641221 -0.004841689067039 -0.0037146443684439 0.0013316915069826 -0.0031149658846275 0.009874971179374 0.0046845170482359 0.0015831026827891 -0.0028669120279043
-0.0026871218128449 0.0023072519250736 -0.0037146443684439 -0.0061076933379691 -0.00391130093388 0.0088894534141979 0.0031235506889487 0.0027146940819618 -0.0016788385681936 0.0066030716092161
0.0025312474317935 -0.0033579056742133 0.0013316915069826 -0.00391130093388 6.4599519687534e-05 0.0010493124320864 0.0036199575510754 -0.0017187658698023 0.0063043841655071 -0.0064799234889017
-0.0032491986045949 0.00093000315510849 -0.0031149658846275 0.0088894534141979 0.0010493124320864 -0.0072540762240549 -0.0045803173951327 0.0084568290687324 -0.0041671161049911 0.0030997588489509
0.002006899463378 -0.0024630872382952 0.009874971179374 0.0031235506889487 0.0036199575510754 -0.0045803173951327 -0.0070094576345812 -0.0099416853175249 0.0059312737341839 -0.0080331659339944
-0.00061915799527355 0.012244159174347 0.0046845170482359 0.0027146940819618 -0.0017187658698023 0.0084568290687324 -0.0099416853175249 -0.017634890964838 -0.017139025767082 0.014481967438201
0.0097903637616655 0.0076405854312529 0.0015831026827891 -0.0016788385681936 0.0063043841655071 -0.0041671161049911 0.0059312737341839 -0.017139025767082 -0.022762900913323 0.01225294438199
-0.0059228994756846 -0.0044974524698797 -0.0028669120279043 0.0066030716092161 -0.0064799234889017 0.0030997588489509 -0.0080331659339944 0.014481967438201 0.01225294438199 -0.0084110077875072
