0.0066563051875725 0.00014434784098623 0.00018204136284052 -0.00047538672272446 0.00072369806452746 -0.00091768275198181 0.0010779802866617 -0.0012125417183973 0.0013300537960459 -0.0014342314011946
0.00014434784098623 0.0072139879610493 -0.00098051954288725 0.00073948538238278 -0.00080349851881838 0.00094265858149598 -0.0010540742058522 0.0011596892798897 -0.0012497749266108 0.0013325297187543
0.00018204136284051 -0.00098051954288725 0.0073451463586535 -0.001740960067738 0.0012196681538521 -0.001180963451338 0.0012856844469693 -0.0013671309693455 0.0014602214488448 -0.0015416695377363
-0.00047538672272446 0.00073948538238278 -0.001740960067738 0.0071460045478025 -0.0023375009125311 0.0016384594159526 -0.0015309067645598 0.0016096810451254 -0.0016675641810497 0.0017478028728116
0.00072369806452746 -0.00080349851881838 0.0012196681538521 -0.0023375009125311 0.0068346325541468 -0.0028021839380952 0.0020079265343987 -0.0018583961514032 0.0019129850555348 -0.0019522987665444
-0.00091768275198181 0.00094265858149598 -0.001180963451338 0.0016384594159526 -0.0028021839380952 0.0065217124034459 -0.0031665544781339 0.002334248737499 -0.0021630246727639 0.0021961886600176
0.0010779802866617 -0.0010540742058522 0.0012856844469693 -0.0015309067645598 0.0020079265343987 -0.0031665544781339 0.0062491566942496 -0.0034540911033215 0.0026240120658239 -0.002445297490177
-0.0012125417183973 0.0011596892798897 -0.0013671309693455 0.0016096810451254 -0.0018583961514032 0.002334248737499 -0.0034540911033215 0.0060290153300483 -0.0036851665305442 0.0028830700168878
0.0013300537960459 -0.0012497749266108 0.0014602214488448 -0.0016675641810497 0.0019129850555348 -0.0021630246727639 0.0026240120658239 -0.0036851665305442 0.0058591191752681 -0.0038759918740063
-0.0014342314011946 0.0013325297187543 -0.0015416695377363 0.0017478028728116 -0.0019522987665444 0.0021961886600176 -0.002445297490177 0.0028830700168878 -0.0038759918740063 0.0057333037520819
