-0.0060955706200046 -0.0015481481053724 0.0014179940831653 -0.0012588356626905 0.0011401900550007 -0.0010644736465327 0.001013522116762 -0.0009796050692564 0.00095642381392193 -0.0009408010049746
-0.0015481481053724 -0.0062622496436013 -0.00024302505695483 0.0007296980062733 -0.00078072837937398 0.00075714311959408 -0.00074552883366931 0.00073427902436761 -0.00072895187640602 0.00072527999831944
0.0014179940831653 -0.00024302505695483 -0.0058166968411675 0.00020969425795288 0.00055312311407963 -0.00070213354143856 0.00071946097391075 -0.0007384421709126 0.00074292487850415 -0.00075175320924256
-0.0012588356626905 0.0007296980062733 0.00020969425795288 -0.0051969870941947 0.00046903896306832 0.00044576240631306 -0.00065519159116598 0.00070201843626652 -0.00074735091808063 0.00076487636462708
0.0011401900550007 -0.00078072837937398 0.00055312311407963 0.00046903896306832 -0.004549771715335 0.00060455132549262 0.00037737071045935 -0.00062466946541234 0.00069471973532218 -0.00076131035824742
-0.0010644736465327 0.00075714311959408 -0.00070213354143856 0.00044576240631306 0.00060455132549262 -0.0039450886668569 0.00065163215813493 0.00034099765230063 -0.00060857679491405 0.0006970207327451
0.001013522116762 -0.00074552883366931 0.00071946097391075 -0.00065519159116598 0.00037737071045935 0.00065163215813493 -0.0034032734550292 0.00063670810960386 0.00033117639336141 -0.0006063747747119
-0.0009796050692564 0.00073427902436761 -0.0007384421709126 0.00070201843626652 -0.00062466946541234 0.00034099765230063 0.00063670810960386 -0.0029254169066315 0.00057980086225585 0.00034313686391925
0.00095642381392193 -0.00072895187640602 0.00074292487850415 -0.00074735091808063 0.00069471973532218 -0.00060857679491405 0.00033117639336141 0.00057980086225585 -0.0025042966112382 0.00049634236257449
-0.0009408010049746 0.00072527999831944 -0.00075175320924256 0.00076487636462708 -0.00076131035824742 0.0006970207327451 -0.0006063747747119 0.00034313686391925 0.00049634236257449 -0.00213333191967
