-0.002277132303423 -0.0028341158588477 0.0026342614278409 -0.0026463363663092 0.0027062875588743 -0.0027831207898491 0.0028629744083955 -0.002945499436518 0.0030222961387274 -0.003100118805925
-0.0028341158588477 -0.0039684565530454 -0.0023975843167084 0.0024912002628084 -0.00260482828976 0.0027062492127974 -0.0028077661131021 0.0028954363040641 -0.0029898623197399 0.003064980340559
0.0026342614278409 -0.0023975843167084 -0.0034708469106458 -0.002537491035016 0.002799200359845 -0.0029878550851478 0.0031298158153456 -0.0032645264542033 0.0033704897582076 -0.0034893681550478
-0.0026463363663092 0.0024912002628084 -0.002537491035016 -0.0024889106092887 -0.0027271269827739 0.0031028048570159 -0.0033451817629882 0.0035133818062015 -0.0036734972222938 0.0037897490896382
0.0027062875588743 -0.00260482828976 0.002799200359845 -0.0027271269827739 -0.0013844684371165 -0.0029754070083558 0.0034105757240861 -0.003686719389304 0.0038708703263876 -0.0040497293272099
-0.0027831207898491 0.0027062492127974 -0.0029878550851478 0.0031028048570159 -0.0029754070083558 -0.00031640592023226 -0.0032690359113974 0.0037238438586215 -0.0040191223415977 0.0042106725619374
0.0028629744083955 -0.0028077661131021 0.0031298158153456 -0.0033451817629882 0.0034105757240861 -0.0032690359113974 0.00065432398080826 -0.0035950800626891 0.0040433071389674 -0.0043462899992731
-0.002945499436518 0.0028954363040641 -0.0032645264542033 0.0035133818062015 -0.003686719389304 0.0037238438586215 -0.0035950800626891 0.0015134168172128 -0.0039416546613586 0.0043667532281051
0.0030222961387274 -0.0029898623197399 0.0033704897582076 -0.0036734972222938 0.0038708703263876 -0.0040191223415977 0.0040433071389674 -0.0039416546613586 0.0022688540426061 -0.0042988111850328
-0.003100118805925 0.003064980340559 -0.0034893681550478 0.0037897490896382 -0.0040497293272099 0.0042106725619374 -0.0043462899992731 0.0043667532281051 -0.0042988111850328 0.0029340478142072
