-0.0049743463996467 -0.0015985508296535 0.0011834132620637 -0.0010248084142246 0.00094203759109004 -0.00089506668063491 0.00086821318137609 -0.00085312315358884 0.00084506577289494 -0.00084185205396711
-0.0015985508296535 -0.0054023000374818 -0.00061285180360357 0.00061373500511573 -0.00061504977950366 0.00061615141570829 -0.0006196079343569 0.00062549945855579 -0.00063334154477889 0.00064172514193573
0.0011834132620637 -0.00061285180360357 -0.0048478065805979 -0.00031246824108159 0.00048100140444399 -0.00055226191568413 0.00059088881803573 -0.00061745126698419 0.00063908803213173 -0.00065837236569056
-0.0010248084142246 0.00061373500511573 -0.00031246824108159 -0.0041161721081052 -0.00015340058171383 0.00041382437271726 -0.00052756686632489 0.00059191161629575 -0.00063488142967797 0.00066831847589421
0.00094203759109004 -0.00061504977950366 0.00048100140444399 -0.00015340058171383 -0.0033885097266167 -8.3796836740521e-05 0.00038710276984893 -0.00052478993357867 0.00060659662670486 -0.00066114809346191
-0.00089506668063491 0.00061615141570829 -0.00055226191568413 0.00041382437271726 -8.3796836740521e-05 -0.0027359512161379 -7.6693559388597e-05 0.00039125198287236 -0.00053930522798114 0.00063211917676986
0.00086821318137609 -0.0006196079343569 0.00059088881803573 -0.00052756686632489 0.00038710276984893 -7.6693559388597e-05 -0.0021769360594864 -0.0001120412313078 0.00041926099566639 -0.00056813875970218
-0.00085312315358884 0.00062549945855579 -0.00061745126698419 0.00059191161629575 -0.00052478993357867 0.00039125198287236 -0.0001120412313078 -0.0017071650924937 -0.0001745585549555 0.00046509655533053
0.00084506577289494 -0.00063334154477889 0.00063908803213173 -0.00063488142967797 0.00060659662670486 -0.00053930522798114 0.00041926099566639 -0.0001745585549555 -0.0013138776969202 -0.00025296919784724
-0.00084185205396711 0.00064172514193573 -0.00065837236569056 0.00066831847589421 -0.00066114809346191 0.00063211917676986 -0.00056813875970218 0.00046509655533053 -0.00025296919784724 -0.00098288525372394
