0.0054129141316419 0.0013169796632477 -0.00087321385723422 0.00068043645967771 -0.00056392082622892 0.00048465311799067 -0.00042695233817925 0.00038243998970839 -0.00034651970466442 0.00031681476416171
0.0013169796632477 0.0054379116914603 0.00029351491588864 -0.00028277790581402 0.00026098992436767 -0.00023762277858087 0.00021682234910744 -0.00019936060604208 0.00018459113557292 -0.00017138608751011
-0.00087321385723422 0.00029351491588864 0.0048354929606331 -6.5532473138043e-05 -8.1965469627446e-05 0.00012537563344882 -0.00013670610476092 0.00013696568977302 -0.00013351029940996 0.00012874167397044
0.00068043645967771 -0.00028277790581402 -6.5532473138043e-05 0.0041623547297668 -0.000282192278772 5.5057503703097e-05 2.6431297655422e-05 -6.0916475293924e-05 7.5798059199395e-05 -8.2532912635738e-05
-0.00056392082622892 0.00026098992436767 -8.1965469627446e-05 -0.000282192278772 0.0035400623516812 -0.00041238807689641 0.00015165796757575 -4.9918899389987e-05 9.0931172644805e-08 2.4837915554684e-05
0.00048465311799067 -0.00023762277858087 0.00012537563344882 5.5057503703097e-05 -0.00041238807689641 0.0030079207436724 -0.00048435748282996 0.00021773013300318 -0.00010842901301939 4.9041645233656e-05
-0.00042695233817925 0.00021682234910744 -0.00013670610476092 2.6431297655422e-05 0.00015165796757575 -0.00048435748282996 0.0025696695088052 -0.00051802838121373 0.00026049435187224 -0.00015240962697051
0.00038243998970839 -0.00019936060604208 0.00013696568977302 -6.0916475293924e-05 -4.9918899389987e-05 0.00021773013300318 -0.00051802838121373 0.0022147583152818 -0.00052781380442245 0.00028606103849371
-0.00034651970466442 0.00018459113557292 -0.00013351029940996 7.5798059199395e-05 9.0931172644805e-08 -0.00010842901301939 0.00026049435187224 -0.00052781380442245 0.00192862755523 -0.00052380052369326
0.00031681476416171 -0.00017138608751011 0.00012874167397044 -8.2532912635738e-05 2.4837915554684e-05 4.9041645233656e-05 -0.00015240962697051 0.00028606103849371 -0.00052380052369326 0.0016971004254945
