-0.005051507198267 -0.0016765483209444 0.001220551632805 -0.0010311793443355 0.00094046616227866 -0.00091889889506313 0.0008589141647881 -0.00040296203630609 0.0014267377964532 -0.0030437279550231
-0.0016765483209444 -0.0056929597769867 -0.00072712603435314 0.00069679950238476 -0.00065455333640431 0.00054793568474391 -8.1418710065343e-05 0.0024962472715131 -0.001468583177731 -0.0067647563697966
0.001220551632805 -0.00072712603435314 -0.0053752609002354 -0.00053164025513563 0.00057027958361058 -8.9777084336183e-05 0.0026097506798168 6.0755039438518e-05 -0.0051128160729651 -0.0048896220038757
-0.0010311793443355 0.00069679950238476 -0.00053164025513563 -0.0050879491307296 -5.8134135094316e-05 0.0026428671186768 0.00075253699615527 -0.0034053266732195 -0.0045533333629652 0.0026587202375817
0.00094046616227866 -0.00065455333640431 0.00057027958361058 -5.8134135094316e-05 -0.0030062083164095 0.00080704231395427 -0.002030806026395 -0.0035429215211305 0.0019150568753603 -0.0013735019992956
-0.00091889889506313 0.00054793568474391 -8.9777084336182e-05 0.0026428671186768 0.00080704231395427 -0.0078020593427413 -0.0035487333726924 0.0027209824014445 -0.00086613532540371 0.00015840932942535
0.0008589141647881 -8.1418710065344e-05 0.0026097506798168 0.00075253699615527 -0.002030806026395 -0.0035487333726924 -0.0046450915472963 -0.0017145634790297 0.0021461181486572 0.0014230189835461
-0.00040296203630609 0.0024962472715131 6.0755039438519e-05 -0.0034053266732194 -0.0035429215211305 0.0027209824014445 -0.0017145634790297 -0.0075014791314139 -0.00014587242854338 0.0027476385020109
0.0014267377964532 -0.001468583177731 -0.0051128160729651 -0.0045533333629652 0.0019150568753603 -0.00086613532540371 0.0021461181486572 -0.00014587242854338 -0.010610264480557 -0.0023658229414484
-0.0030437279550231 -0.0067647563697966 -0.0048896220038757 0.0026587202375817 -0.0013735019992956 0.00015840932942535 0.0014230189835461 0.0027476385020109 -0.0023658229414484 -0.013353132787603
