0.0011933534571817 0.0007659645704167 -0.00053686556044673 0.00035840450469814 -0.00030818963020197 0.00022498398619302 -0.0002332077651508 0.00015126603676866 -0.00018675819950077 0.00010394422060679
0.0007659645704167 0.0081456451355211 0.0019062083394783 -0.0013070831101749 0.00074487684973158 -0.00078244368965417 0.00040074024749697 -0.00064025891540266 0.00021449393637649 -0.00057471044314001
-0.00053686556044673 0.0019062083394783 0.01486331707502 0.0028413743086363 -0.0019070932027073 0.00089856827453564 -0.0011186067051803 0.00040445480305087 -0.00095949206282475 0.00013317885767582
0.00035840450469814 -0.0013070831101749 0.0028413743086363 0.02151854972682 0.0037112575868938 -0.0025131922905574 0.0010003697314644 -0.0014803600288399 0.00034603514437695 -0.0013017799903442
-0.00030818963020197 0.00074487684973157 -0.0019070932027073 0.0037112575868938 0.028146793497657 0.0045515460174745 -0.0031670840905656 0.0010590691934406 -0.0018823299393372 0.00023392493801787
0.00022498398619302 -0.00078244368965417 0.00089856827453564 -0.0025131922905574 0.0045515460174745 0.034720660179076 0.0053554300627019 -0.0038682600330241 0.0010706077193015 -0.0023315596803433
-0.0002332077651508 0.00040074024749696 -0.0011186067051803 0.0010003697314644 -0.0031670840905656 0.0053554300627019 0.041244823738463 0.0061147458524145 -0.0046196846697634 0.0010297872529108
0.00015126603676866 -0.00064025891540266 0.00040445480305087 -0.0014803600288399 0.0010590691934406 -0.0038682600330241 0.0061147458524145 0.047717624956445 0.0068229201323929 -0.0054275548127213
-0.00018675819950077 0.0002144939363765 -0.00095949206282475 0.00034603514437695 -0.0018823299393372 0.0010706077193015 -0.0046196846697634 0.0068229201323929 0.054133374720739 0.0074713249252833
0.00010394422060679 -0.00057471044314001 0.00013317885767582 -0.0013017799903442 0.00023392493801787 -0.0023315596803433 0.0010297872529108 -0.0054275548127213 0.0074713249252833 0.060483487823765
