0.0012139623146716 0.00077992950826225 -0.00054655322601865 0.00036481897684976 -0.00031366681413671 0.00022897077170067 -0.00023732105059507 0.00015392302968914 -0.000190027647281 0.00010575332604204
0.00077992950826225 0.008287239606169 0.0019409350867347 -0.0013306012236145 0.00075819633985852 -0.00079630563572622 0.00040782815327275 -0.0006515207666536 0.00021824635583359 -0.00058476474813992
-0.00054655322601865 0.0019409350867347 0.015121816654012 0.0028932211266721 -0.0019413869458155 0.00091464819815602 -0.0011383895397202 0.00041161219496342 -0.00097635445175215 0.00013549163864421
0.00036481897684976 -0.0013306012236145 0.0028932211266721 0.021892817654748 0.0037790703912265 -0.0025583593096873 0.0010183108087214 -0.0015065215878373 0.00035217639459889 -0.0013246508808214
-0.00031366681413671 0.00075819633985852 -0.0019413869458155 0.0037790703912265 0.028636361072918 0.0046348204250907 -0.0032239758463535 0.0010781218824877 -0.0019155806230897 0.0002381103975195
0.00022897077170067 -0.00079630563572622 0.00091464819815602 -0.0025583593096873 0.0046348204250907 0.035324559477061 0.005453533927522 -0.0039377111501134 0.0010899469585268 -0.0023727309962487
-0.00023732105059507 0.00040782815327275 -0.0011383895397202 0.0010183108087214 -0.0032239758463535 0.005453533927522 0.041962177766069 0.0062268990545014 -0.0047025788079696 0.001048495609974
0.00015392302968914 -0.0006515207666536 0.00041161219496342 -0.0015065215878373 0.0010781218824877 -0.0039377111501134 0.0062268990545014 0.048547530697984 0.0069482261532421 -0.0055248835551586
-0.000190027647281 0.00021824635583359 -0.00097635445175215 0.00035217639459888 -0.0019155806230896 0.0010899469585268 -0.0047025788079696 0.0069482261532421 0.05507483011626 0.0076087352580819
0.00010575332604204 -0.00058476474813992 0.00013549163864421 -0.0013246508808214 0.0002381103975195 -0.0023727309962487 0.001048495609974 -0.0055248835551586 0.0076087352580819 0.061535340575535
