-0.0096660626648125 -0.0036982352085981 0.0022231923755621 -0.0016025369130494 0.0012593078932741 -0.0010364691520253 0.00087888173165149 -0.00076245984237703 0.00067374792362867 -0.00060382635206945
-0.0036982352085981 -0.017597208374082 -0.0040168516170005 0.0021581227397969 -0.0014457487816238 0.0010942998207302 -0.00088380776600904 0.00074078333429673 -0.00063661436907605 0.00055912234056545
0.0022231923755621 -0.0040168516170005 -0.024780837053814 -0.0051020174787038 0.0026286208317122 -0.0017007158956138 0.0012579991735417 -0.0010000387789989 0.00082985252671036 -0.00070737828848215
-0.0016025369130494 0.0021581227397969 -0.0051020174787038 -0.031811059084613 -0.0062327707937703 0.003132102133494 -0.0019795467756288 0.0014401449996294 -0.0011302011558317 0.00092939503948436
0.0012593078932741 -0.0014457487816238 0.0026286208317122 -0.0062327707937703 -0.038773531233648 -0.0073749265379963 0.0036440448526688 -0.0022648119923499 0.0016268571515642 -0.001263760961789
-0.0010364691520253 0.0010942998207302 -0.0017007158956138 0.003132102133494 -0.0073749265379963 -0.045701109076511 -0.0085216913326645 0.0041590531398205 -0.002552874036129 0.0018153211426259
0.00087888173165149 -0.00088380776600904 0.0012579991735417 -0.0019795467756288 0.0036440448526688 -0.0085216913326645 -0.052608290453171 -0.0096709819008023 0.0046754718424161 -0.002842697038875
-0.00076245984237703 0.00074078333429673 -0.0010000387789989 0.0014401449996294 -0.0022648119923499 0.0041590531398205 -0.0096709819008023 -0.05950239543514 -0.010822082641437 0.0051923945147966
0.00067374792362867 -0.00063661436907605 0.00082985252671036 -0.0011302011558317 0.0016268571515642 -0.002552874036129 0.0046754718424161 -0.010822082641437 -0.066387838044726 -0.011974995823453
-0.00060382635206945 0.00055912234056545 -0.00070737828848215 0.00092939503948436 -0.001263760961789 0.0018153211426259 -0.002842697038875 0.0051923945147966 -0.011974995823453 -0.073267841065925
