0.013000082988079 0.0040834917358299 -0.0024126154590571 0.0017510516405349 -0.0014050106240026 0.0011720604879637 -0.00099974281210997 0.00087366178485269 -0.00078116967868389 0.00071049395609393
0.0040834917358299 0.020769680186107 0.0042025044677969 -0.0022356410574555 0.0014564158558143 -0.0011255331817991 0.00093800014298131 -0.00079439869936545 0.00068383463196382 -0.00060557203687278
-0.0024126154590571 0.0042025044677969 0.028034338074326 0.0051292742489359 -0.0026739103923838 0.0016792205763641 -0.0012597736180343 0.0010379380787911 -0.0008753839138735 0.00074525708956351
0.0017510516405349 -0.0022356410574555 0.0051292742489359 0.035112121924185 0.0061306201998878 -0.0031494187695266 0.001932363208536 -0.0014233973129616 0.0011581377801788 -0.00097370705996198
-0.0014050106240026 0.0014564158558143 -0.0026739103923838 0.0061306201998878 0.042110781230134 0.0071471743904971 -0.0036352127618287 0.0021917638819926 -0.0015956754010297 0.0012833487749106
0.0011720604879637 -0.0011255331817991 0.0016792205763641 -0.0031494187695266 0.0071471743904971 0.049066186967696 0.0081679445102332 -0.0041252231268214 0.0024529076677053 -0.0017710143346907
-0.00099974281210997 0.00093800014298131 -0.0012597736180343 0.001932363208536 -0.0036352127618287 0.0081679445102332 0.055995094453311 0.0091903111336473 -0.0046166267021339 0.0027143844850573
0.00087366178485269 -0.00079439869936545 0.0010379380787911 -0.0014233973129616 0.0021917638819926 -0.0041252231268214 0.0091903111336473 0.062907292463973 0.010213285838306 -0.0051084498833091
-0.00078116967868389 0.00068383463196382 -0.0008753839138735 0.0011581377801788 -0.0015956754010297 0.0024529076677053 -0.0046166267021339 0.010213285838306 0.069808191611648 0.011236533186991
0.00071049395609393 -0.00060557203687278 0.00074525708956351 -0.00097370705996198 0.0012833487749106 -0.0017710143346907 0.0027143844850573 -0.0051084498833091 0.011236533186991 0.076701111444225
