0.015495346425544 0.0037132811971198 -0.0020681059860473 0.0015334967244144 -0.0012510115228012 0.0010877388206943 -0.0009801691819006 0.00089261247887456 -0.00081576000316681 0.00074903809510892
0.0037132811971198 0.023253707557264 0.0041321277477843 -0.0018813946755991 0.0013314510155056 -0.0010296090779442 0.00084666566474574 -0.0007495674273393 0.00068312528388501 -0.00062319869544152
-0.0020681059860473 0.0041321277477843 0.031396633680126 0.0052937570418329 -0.0022133037178979 0.0015086439091251 -0.0011522808778986 0.0009255464416809 -0.00080626032399285 0.00073373879457674
0.0015334967244144 -0.0018813946755991 0.0052937570418329 0.039407311747935 0.0064358225441344 -0.0025796742027215 0.0017132368408249 -0.0012937449559941 0.0010249009843248 -0.00087932591566665
-0.0012510115228012 0.0013314510155056 -0.0022133037178979 0.0064358225441344 0.047330610883943 0.0075714774357956 -0.0029535641868622 0.0019268687167167 -0.0014382992733206 0.0011300162970872
0.0010877388206943 -0.0010296090779442 0.0015086439091251 -0.0025796742027215 0.0075714774357956 0.055204715248031 0.0087037229927138 -0.0033284036211917 0.00214521796819 -0.0015843533392271
-0.0009801691819006 0.00084666566474574 -0.0011522808778986 0.0017132368408249 -0.0029535641868622 0.0087037229927138 0.063049645508208 0.0098342977125269 -0.0037039718081426 0.0023666090473173
0.00089261247887457 -0.00074956742733929 0.0009255464416809 -0.0012937449559941 0.0019268687167167 -0.0033284036211917 0.0098342977125269 0.070874359123284 0.010964005315478 -0.004080443135435
-0.00081576000316681 0.00068312528388501 -0.00080626032399285 0.0010249009843248 -0.0014382992733206 0.00214521796819 -0.0037039718081426 0.010964005315478 0.078684234736845 0.012093160153403
0.00074903809510892 -0.00062319869544152 0.00073373879457674 -0.00087932591566664 0.0011300162970872 -0.0015843533392271 0.0023666090473173 -0.004080443135435 0.012093160153403 0.086482755322596
