0.0070803440262505 0.0028827906394946 -0.001782813394573 0.0012903783999072 -0.0010140387995003 0.00083342888934302 -0.00070489813588799 0.00060940684646754 -0.00053686306630279 0.00047985044642664
0.0028827906394946 0.014647668663445 0.0034290525153831 -0.001894748918467 0.0012824256235211 -0.00097546941309762 0.00078979920853828 -0.00066379451882673 0.00057060854077969 -0.00050132773206823
-0.001782813394573 0.0034290525153831 0.021699846271866 0.0045309314118209 -0.002379621480581 0.0015527167042319 -0.0011559199403374 0.00092165669581229 -0.00076800408092615 0.00065513734446008
0.0012903783999072 -0.001894748918467 0.0045309314118209 0.028659035665778 0.0056631989298832 -0.0028862889065465 0.0018359135185109 -0.0013440465578894 0.001057166330398 -0.00087413168076714
-0.0010140387995003 0.0012824256235211 -0.002379621480581 0.0056631989298832 0.035574804614234 0.0068050421473385 -0.0033988816669693 0.0021221635897044 -0.001534114296837 0.0011918732607619
0.00083342888934302 -0.00097546941309762 0.0015527167042319 -0.0028862889065465 0.0068050421473385 0.042469140382235 0.0079506533464487 -0.0039144555020182 0.0024089777399992 -0.0017260892635232
-0.00070489813588799 0.00078979920853828 -0.0011559199403374 0.0018359135185109 -0.0033988816669693 0.0079506533464487 0.049350711525784 0.0090974955325073 -0.0044327769158863 0.0026948423777417
0.00060940684646754 -0.00066379451882673 0.00092165669581228 -0.0013440465578894 0.0021221635897044 -0.0039144555020182 0.0090974955325073 0.056223115000665 0.010243804846629 -0.0049548067608177
-0.00053686306630279 0.00057060854077969 -0.00076800408092615 0.001057166330398 -0.001534114296837 0.0024089777399992 -0.0044327769158862 0.010243804846629 0.063087388896315 0.011387289947734
0.00047985044642664 -0.00050132773206823 0.00065513734446008 -0.00087413168076714 0.0011918732607619 -0.0017260892635232 0.0026948423777417 -0.0049548067608177 0.011387289947734 0.069942406721374
