-0.0071228695557931 -0.0022266536330852 0.001384936419095 -0.0010530927408055 0.00087502390005801 -0.00076223499373846 0.00068242629144158 -0.00062159049166126 0.00057286408104438 -0.00053251136069899 0.00049829841058474 -0.0004687848698413 0.00044297886331908 -0.00042017145432526 0.00039983703378174 -0.00038157101963658 0.00036506543994932 -0.00035005716677091 0.00033633734475542 -0.00032375367574213
-0.0022266536330852 -0.012176664503328 -0.0024350462066217 0.0013383207311913 -0.00095171996335618 0.00076244726876292 -0.00065102313445453 0.00057631803582848 -0.00052147357762102 0.00047865333292291 -0.0004438168247591 0.00041463919259995 -0.00038970375658722 0.00036805184593613 -0.00034900815816379 0.00033211516081413 -0.0003169494730515 0.0003032805614092 -0.00029091373698659 0.00027956562050443
0.001384936419095 -0.0024350462066217 -0.01705934165659 -0.0031012665745772 0.0016231285395713 -0.0011150635784219 0.00087353083308153 -0.00073545095600177 0.00064522073776041 -0.00058036162659572 0.00053053018034412 -0.00049052408325709 0.00045734804114952 -0.00042921515264127 0.0004049796087137 -0.00038370211613608 0.00036495585085694 -0.00034821841522924 0.00033305982094391 -0.00031951555725395
-0.0010530927408055 0.0013383207311913 -0.0031012665745772 -0.021865999811969 -0.0037868275227088 0.0019239852082435 -0.0012913415216779 0.00099495757495398 -0.00082820018847355 0.0007208593499151 -0.00064478239847436 0.00058699673860114 -0.00054106505453497 0.00050333337510294 -0.00047145765951981 0.00044426082068882 -0.00042049578872056 0.0003995222945676 -0.00038108395585396 0.00036416270464999
0.00087502390005801 -0.00095171996335618 0.0016231285395713 -0.0037868275227088 -0.026638663367816 -0.0044758346041419 0.0022280708878869 -0.0014702169292554 0.0011182035579726 -0.00092208844992453 0.00079705481267778 -0.00070928314124848 0.00064321991952086 -0.00059098842709679 0.00054850969358538 -0.00051277893975363 0.00048235013592208 -0.00045613302431411 0.00043270942746672 -0.00041267722804872
-0.00076223499373846 0.00076244726876293 -0.0011150635784219 0.0019239852082435 -0.0044758346041419 -0.031393025620171 -0.0051656990258379 0.002533073622159 -0.0016498331998677 0.00124185367371 -0.0010160232221501 0.00087303229820961 -0.00077320175240242 0.00069869828003475 -0.00064004866549569 0.00059253750665272 -0.00055301947985981 0.00051907955505516 -0.00049057662955112 0.00046431738166298
0.00068242629144158 -0.00065102313445453 0.00087353083308153 -0.0012913415216779 0.0022280708878869 -0.0051656990258379 -0.036136319667797 -0.0058558246999271 0.0028384237677413 -0.0018297145281666 0.0013656394077647 -0.001109774088735 0.00094869342677071 -0.00083667500026902 0.00075343018051882 -0.00068844090487689 0.00063556210579985 -0.0005924662668199 0.00055453580462075 -0.00052417875400077
-0.00062159049166126 0.00057631803582848 -0.00073545095600177 0.00099495757495398 -0.0014702169292554 0.002533073622159 -0.0058558246999271 -0.040872343226058 -0.0065460489516571 0.0031439940312878 -0.0020096650062825 0.001489458274024 -0.001203457010632 0.0010239921148994 -0.00089987686374556 0.00080751613134899 -0.00073643296944872 0.00067762548823533 -0.00063146363380327 0.00058889456103308
0.00057286408104438 -0.00052147357762102 0.00064522073776041 -0.00082820018847355 0.0011182035579726 -0.0016498331998677 0.0028384237677413 -0.0065460489516572 -0.045603264954342 -0.0072362715226339 0.0034496919546729 -0.002189757155379 0.0016131851838387 -0.0012971748619521 0.0010989366610556 -0.00096300495791142 0.00086090491043222 -0.0007843111011199 0.00071881893505355 -0.00067055101987291
-0.00053251136069899 0.00047865333292291 -0.00058036162659572 0.0007208593499151 -0.00092208844992453 0.00124185367371 -0.0018297145281666 0.0031439940312878 -0.0072362715226339 -0.050330503126846 -0.0079266018018594 0.0037553723360855 -0.002370050659325 0.0017367561590099 -0.0013910629294155 0.0011733912844684 -0.001026289214802 0.00091360689845491 -0.00083257124970261 0.00075890632870963
0.00049829841058474 -0.0004438168247591 0.00053053018034412 -0.00064478239847436 0.00079705481267778 -0.0010160232221501 0.0013656394077647 -0.0020096650062825 0.0034496919546729 -0.0079266018018594 -0.055055095764323 -0.0086171169521445 0.0040609497487376 -0.0025506475790317 0.0018599760995919 -0.0014853084644 0.0012473009343773 -0.0010901903926314 0.00096530776277784 -0.00088175691343556
-0.0004687848698413 0.00041463919259995 -0.00049052408325709 0.00058699673860114 -0.00070928314124848 0.00087303229820961 -0.001109774088735 0.001489458274024 -0.002189757155379 0.0037553723360855 -0.0086171169521445 -0.059777748469328 -0.0093079285648954 0.0043662093135567 -0.002731713847348 0.0019827451323602 -0.0015803471110047 0.0013202901728529 -0.0011552379487661 0.0010151306964055
0.00044297886331908 -0.00038970375658722 0.00045734804114952 -0.00054106505453497 0.00064321991952086 -0.00077320175240242 0.00094869342677071 -0.001203457010632 0.0016131851838387 -0.002370050659325 0.0040609497487376 -0.0093079285648954 -0.064499120023603 -0.0099992098030981 0.0046710355055492 -0.0029136738116697 0.0021046458135163 -0.0016766990704187 0.0013914176527083 -0.0012226004346479
-0.00042017145432526 0.00036805184593613 -0.00042921515264127 0.00050333337510294 -0.00059098842709679 0.00069869828003475 -0.00083667500026902 0.0010239921148994 -0.0012971748619521 0.0017367561590099 -0.0025506475790317 0.0043662093135567 -0.0099992098030981 -0.069219651349132 -0.010691391953175 0.0049749938075241 -0.0030970455397389 0.0022246918629449 -0.0017755485536247 0.0014589466845785
0.00039983703378174 -0.00034900815816379 0.0004049796087137 -0.00047145765951981 0.00054850969358538 -0.00064004866549569 0.00075343018051882 -0.00089987686374556 0.0010989366610556 -0.0013910629294155 0.0018599760995919 -0.002731713847348 0.0046710355055492 -0.010691391953175 -0.073940022360716 -0.011385001103535 0.0052770769541123 -0.0032830266604427 0.0023410897577399 -0.0018794433595224
-0.00038157101963658 0.00033211516081413 -0.00038370211613608 0.00044426082068882 -0.00051277893975363 0.00059253750665272 -0.00068844090487689 0.00080751613134899 -0.00096300495791142 0.0011733912844684 -0.0014853084644 0.0019827451323602 -0.0029136738116697 0.0049749938075241 -0.011385001103535 -0.078661430291064 -0.012081248303368 0.0055754617934024 -0.0034742012917045 0.0024504027958743
0.00036506543994932 -0.0003169494730515 0.00036495585085694 -0.00042049578872056 0.00048235013592208 -0.00055301947985981 0.00063556210579985 -0.00073643296944872 0.00086090491043222 -0.001026289214802 0.0012473009343773 -0.0015803471110047 0.0021046458135163 -0.0030970455397389 0.0052770769541123 -0.012081248303368 -0.083385850225317 -0.012782740896888 0.0058666645538051 -0.0036757923802913
-0.00035005716677091 0.0003032805614092 -0.00034821841522924 0.0003995222945676 -0.00045613302431412 0.00051907955505516 -0.0005924662668199 0.00067762548823533 -0.00078431110111991 0.00091360689845491 -0.0010901903926314 0.0013202901728529 -0.0016766990704187 0.0022246918629449 -0.0032830266604427 0.0055754617934024 -0.012782740896888 -0.088116893582007 -0.01349474204342 0.0061432701607883
0.00033633734475542 -0.00029091373698659 0.00033305982094391 -0.00038108395585396 0.00043270942746672 -0.00049057662955112 0.00055453580462075 -0.00063146363380327 0.00071881893505355 -0.00083257124970261 0.00096530776277784 -0.0011552379487661 0.0013914176527083 -0.0017755485536247 0.0023410897577399 -0.0034742012917045 0.0058666645538051 -0.01349474204342 -0.092862092317119 -0.014227706329559
-0.00032375367574213 0.00027956562050443 -0.00031951555725395 0.00036416270464999 -0.00041267722804872 0.00046431738166298 -0.00052417875400077 0.00058889456103308 -0.00067055101987291 0.00075890632870964 -0.00088175691343556 0.0010151306964055 -0.0012226004346479 0.0014589466845785 -0.0018794433595224 0.0024504027958743 -0.0036757923802913 0.0061432701607883 -0.014227706329559 -0.097637051848314
