-0.0052204986526341 -0.0017538849987589 0.00098155145699933 -0.00073758434008597 0.00059222378006357 -0.00049939365705775 0.00044493932511322 -0.00041100538780863 0.00037556268100798 -0.00034657694440948
-0.0017538849987589 -0.013183656165351 -0.0026806632657577 0.0012259714868352 -0.00088918728032607 0.00071674849378661 -0.00060260603736276 0.00051611775850578 -0.0004840757861578 0.00043403194093205
0.00098155145699933 -0.0026806632657577 -0.021005500497703 -0.0038051798069776 0.0016245469001326 -0.0011443013834589 0.00088283634112752 -0.00074170188508203 0.00061551693920318 -0.00059069424096656
-0.00073758434008597 0.0012259714868352 -0.0038051798069776 -0.028767053867622 -0.0049489868138988 0.0020018069364002 -0.0013834495364834 0.0010312574257194 -0.00087290112676168 0.00069715856784532
0.00059222378006357 -0.00088918728032607 0.0016245469001326 -0.0049489868138988 -0.036537428362777 -0.0060798982969884 0.0023684375275593 -0.0016220512522027 0.0011685576928576 -0.0010063638175672
-0.00049939365705775 0.00071674849378661 -0.0011443013834589 0.0020018069364002 -0.0060798982969884 -0.044311640579441 -0.0072121454676868 0.0027276073853262 -0.0018669322087768 0.0012927116427825
0.00044493932511322 -0.00060260603736276 0.00088283634112752 -0.0013834495364834 0.0023684375275593 -0.0072121454676868 -0.052089491868182 -0.0083516519144651 0.0030754000997822 -0.0021241042418501
-0.00041100538780863 0.00051611775850578 -0.00074170188508203 0.0010312574257194 -0.0016220512522027 0.0027276073853262 -0.0083516519144651 -0.059876454011162 -0.0095040337517151 0.003407229783922
0.00037556268100798 -0.0004840757861578 0.00061551693920318 -0.00087290112676168 0.0011685576928576 -0.0018669322087768 0.0030754000997822 -0.0095040337517151 -0.067677951176333 -0.01067693360784
-0.00034657694440948 0.00043403194093205 -0.00059069424096656 0.00069715856784532 -0.0010063638175672 0.0012927116427825 -0.0021241042418501 0.003407229783922 -0.01067693360784 -0.075502234803693
