-0.0087943476338072 -0.0035456590481155 0.0020234520451765 -0.0014351633744348 0.0011198236705335 -0.00092470081224816 0.00079272962790512 -0.00069451669048584 0.00061624462897692 -0.00055262858096858
-0.0035456590481155 -0.016440511747005 -0.0039995242182389 0.0019847111912413 -0.0013125046093958 0.00098421423705711 -0.00078730212627446 0.00066213368793397 -0.00057681255329904 0.00051010385930049
0.0020234520451765 -0.0039995242182389 -0.023249384811605 -0.0051527944324196 0.0024304978251669 -0.0015436575078044 0.0011296476032706 -0.00088962090828849 0.00073814918838685 -0.00063912972988414
-0.0014351633744348 0.0019847111912413 -0.0051527944324196 -0.029891178461007 -0.0063263548907643 0.0028974291231522 -0.0017964253831861 0.0012907982475593 -0.0010046153789738 0.00082448289242538
0.0011198236705335 -0.0013125046093958 0.0024304978251669 -0.0063263548907643 -0.036467968344749 -0.0075064911851712 0.003370677046516 -0.0020555853078843 0.001456499577328 -0.0011228709607906
-0.00092470081224816 0.0009842142370571 -0.0015436575078044 0.0028974291231522 -0.0075064911851712 -0.043008292402418 -0.0086893810605917 0.0038468755685254 -0.0023175978403934 0.0016239049461656
0.00079272962790512 -0.00078730212627446 0.0011296476032706 -0.0017964253831861 0.003370677046516 -0.0086893810605917 -0.049526277520571 -0.0098736149415656 0.0043243286734022 -0.0025812389970925
-0.00069451669048584 0.00066213368793397 -0.00088962090828849 0.0012907982475593 -0.0020555853078843 0.0038468755685254 -0.0098736149415656 -0.05603005343609 -0.011058661358973 0.0048021055582939
0.00061624462897692 -0.00057681255329904 0.00073814918838685 -0.0010046153789738 0.001456499577328 -0.0023175978403934 0.0043243286734022 -0.011058661358973 -0.062524478576883 -0.01224456919795
-0.00055262858096858 0.00051010385930049 -0.00063912972988414 0.00082448289242538 -0.0011228709607906 0.0016239049461656 -0.0025812389970925 0.0048021055582939 -0.01224456919795 -0.069012858164039
