0.036067467648967 -0.014454168042052 0.010484015612539 -0.007728243067325 0.0058129951920846 -0.004463899403588 0.0034916002947585 -0.002772195202569 0.0022258489517791 -0.0018008469238472 0.0014631021444201 -0.0011896978110861 0.00096478015009983 -0.00077722488381343 0.00061888643777748 -0.00048387308803722 0.00036761205588824 -0.00026675495594568 0.0001785748657155 -0.00010107700382907
-0.014454168042052 0.018581610351734 -0.0039827397982066 0.003314559512186 -0.0025669228486211 0.0019771447049902 -0.0015319410469241 0.0011954041101767 -0.00093736284264813 0.00073585129602058 -0.00057570176233924 0.00044614214691502 -0.00033994315331788 0.00025147240372262 -0.00017725767841613 0.00011395016082334 -5.9931948889818e-05 1.2976414529057e-05 2.7583256302108e-05 -6.3514278192875e-05
0.010484015612539 -0.0039827397982066 0.019259816707378 -0.00045054245489654 0.00097083686445251 -0.00088184487209354 0.00070974535281919 -0.00054631217979937 0.00040854538002853 -0.00029620318660404 0.00020470022245169 -0.00013021394960444 6.8421142993905e-05 -1.7518132908783e-05 -2.5879636110168e-05 6.1896300211833e-05 -9.3452848942704e-05 0.00011969107403731 -0.00014345208643789 0.00016275969909724
-0.007728243067325 0.003314559512186 -0.00045054245489654 0.022055702738206 0.0016444048549387 -0.00036832447432829 8.1214581921979e-05 -2.3419803092151e-05 3.2538404180412e-05 -6.0720368646369e-05 9.1354151941711e-05 -0.00012058431962223 0.00014539828153462 -0.00016794088178916 0.00018578983549392 -0.00020264013235013 0.00021518585816322 -0.00022804746767256 0.00023648045745904 -0.0002469575785384
0.0058129951920846 -0.0025669228486211 0.00097083686445251 0.0016444048549387 0.025795684529455 0.003070501508945 -0.0012295799802153 0.00069232932984811 -0.00048983571049753 0.00040353498766602 -0.0003646374933651 0.00034445901688283 -0.00033537691859951 0.00032852688710867 -0.00032673442034417 0.00032289831705286 -0.00032348121755059 0.00031982032068634 -0.00032182490999528 0.00031699653432571
-0.004463899403588 0.0019771447049902 -0.00088184487209354 -0.00036832447432829 0.003070501508945 0.029990225027711 0.004166224097273 -0.0018490002873873 0.0011207792293586 -0.00081481889905575 0.00066193856304151 -0.00057772571463328 0.00052245456811222 -0.00048794096819388 0.00045880184801331 -0.00044131417643394 0.00042136891175144 -0.00041230572785884 0.00039549919532261 -0.00039239975043933
0.0034916002947585 -0.0015319410469241 0.00070974535281919 8.121458192198e-05 -0.0012295799802153 0.004166224097273 0.0344129382106 0.0050911996607915 -0.0023405429745835 0.0014502420779981 -0.0010619012959544 0.00085704312237904 -0.00073926707790795 0.00065703048041406 -0.00060469677308101 0.00055769866659641 -0.00053035150607934 0.0004963145830114 -0.00048284228068781 0.00045283451377288
-0.002772195202569 0.0011954041101767 -0.00054631217979937 -2.3419803092151e-05 0.00069232932984811 -0.0018490002873873 0.0050911996607915 0.038955489062996 0.0059235325455333 -0.002761384718612 0.0017236288744611 -0.0012643442893734 0.0010150440772219 -0.00087077040545344 0.00076529362288399 -0.00070050886565685 0.00063695812192179 -0.00060469840602675 0.00055577030801827 -0.00054343375785913
0.0022258489517791 -0.00093736284264813 0.00040854538002853 3.2538404180412e-05 -0.00048983571049753 0.0011207792293586 -0.0023405429745835 0.0059235325455333 0.043563923697786 0.0067030970516712 -0.0031413790516219 0.0019637298243072 -0.0014404566144634 0.0011501007202046 -0.00098448636725966 0.00085662385750552 -0.00078420013165918 0.0007027722343864 -0.0006711721298985 0.00060386922088961
-0.0018008469238472 0.00073585129602058 -0.00029620318660404 -6.0720368646369e-05 0.00040353498766602 -0.00081481889905575 0.0014502420779981 -0.002761384718612 0.0067030970516712 0.048210198583947 0.0074511039530761 -0.0034970672043287 0.0021829234061924 -0.0016008186507079 0.0012700357247818 -0.0010878671591617 0.00093594299669919 -0.00086153251483608 0.00075826535103811 -0.00073477971804316
0.0014631021444201 -0.00057570176233924 0.00020470022245169 9.1354151941711e-05 -0.0003646374933651 0.00066193856304151 -0.0010619012959544 0.0017236288744611 -0.0031413790516219 0.0074511039530761 0.052878803437686 0.008179115747735 -0.0038381203714488 0.0023880946015407 -0.0017520165837377 0.0013789301478633 -0.0011859663608642 0.0010056776444781 -0.0009369773903508 0.00080417138550369
-0.0011896978110861 0.00044614214691502 -0.00013021394960444 -0.00012058431962223 0.00034445901688283 -0.00057772571463328 0.00085704312237904 -0.0012643442893734 0.0019637298243072 -0.0034970672043287 0.008179115747735 0.057560676032757 0.0088935924574185 -0.004170651915956 0.0025828196824166 -0.0018986526044544 0.0014787448907136 -0.0012828961027964 0.0010661460971594 -0.0010146114635706
0.00096478015009983 -0.00033994315331788 6.8421142993906e-05 0.00014539828153462 -0.00033537691859951 0.00052245456811222 -0.00073926707790795 0.0010150440772219 -0.0014404566144634 0.0021829234061924 -0.0038381203714488 0.0088935924574185 0.06225007701562 0.0095978801136017 -0.0044990207442643 0.0027687749864789 -0.0020446102733581 0.0015695158745422 -0.0013825630631106 0.0011155680249907
-0.00077722488381343 0.00025147240372262 -1.7518132908783e-05 -0.00016794088178916 0.00032852688710867 -0.00048794096819388 0.00065703048041406 -0.00087077040545344 0.0011501007202046 -0.0016008186507079 0.0023880946015407 -0.004170651915956 0.0095978801136017 0.066942889722979 0.010293526893668 -0.0048269853431005 0.0029458215809972 -0.0021936887494118 0.001649265260043 -0.001490026142778
0.00061888643777748 -0.00017725767841613 -2.5879636110168e-05 0.00018578983549392 -0.00032673442034417 0.00045880184801331 -0.00060469677308101 0.00076529362288399 -0.00098448636725966 0.0012700357247818 -0.0017520165837377 0.0025828196824166 -0.0044990207442643 0.010293526893668 0.07163551484451 0.010980314095636 -0.005158288448361 0.0031118580531167 -0.0023509198335209 0.0017134322381184
-0.00048387308803722 0.00011395016082334 6.1896300211832e-05 -0.00020264013235013 0.00032289831705286 -0.00044131417643394 0.00055769866659642 -0.00070050886565685 0.00085662385750552 -0.0010878671591617 0.0013789301478633 -0.0018986526044544 0.0027687749864789 -0.0048269853431005 0.010980314095636 0.076324320457393 0.011656082999378 -0.0054979497397344 0.0032622144067875 -0.0025242105944137
0.00036761205588824 -5.9931948889817e-05 -9.3452848942704e-05 0.00021518585816322 -0.00032348121755059 0.00042136891175144 -0.00053035150607934 0.00063695812192179 -0.00078420013165918 0.00093594299669919 -0.0011859663608642 0.0014787448907136 -0.0020446102733581 0.0029458215809972 -0.005158288448361 0.011656082999378 0.08100436041228 0.012316113157607 -0.0058539022654227 0.003387921143683
-0.00026675495594568 1.2976414529057e-05 0.00011969107403731 -0.00022804746767256 0.00031982032068634 -0.00041230572785884 0.0004963145830114 -0.00060469840602675 0.0007027722343864 -0.00086153251483608 0.0010056776444781 -0.0012828961027964 0.0015695158745422 -0.0021936887494118 0.0031118580531167 -0.0054979497397344 0.012316113157607 0.085667748071969 0.012951376273995 -0.0062397310195083
0.0001785748657155 2.7583256302108e-05 -0.00014345208643789 0.00023648045745904 -0.00032182490999528 0.00039549919532261 -0.00048284228068781 0.00055577030801827 -0.0006711721298985 0.00075826535103811 -0.0009369773903508 0.0010661460971594 -0.0013825630631106 0.001649265260043 -0.0023509198335209 0.0032622144067875 -0.0058539022654227 0.012951376273995 0.090300919652415 0.01354440757999
-0.00010107700382907 -6.3514278192876e-05 0.00016275969909724 -0.0002469575785384 0.00031699653432571 -0.00039239975043933 0.00045283451377288 -0.00054343375785913 0.00060386922088961 -0.00073477971804316 0.00080417138550369 -0.0010146114635706 0.0011155680249907 -0.001490026142778 0.0017134322381184 -0.0025242105944137 0.003387921143683 -0.0062397310195083 0.01354440757999 0.094879352947686
