0.0011900494186493 0.00086638797409752 -0.00059009541280359 0.00040555394665668 -0.00034116001385409 0.00024320977932315 -0.00024558558169241 0.00015997372509995 -0.00019772583368153 0.00010820479432711
0.00086638797409752 0.0082568591474905 0.0021885779257222 -0.0014194285120735 0.0008355742251453 -0.0008513983239247 0.00043724405063583 -0.0006747819636901 0.00022298365992086 -0.00060766028583575
-0.00059009541280359 0.0021885779257222 0.015083235152323 0.0032445403529165 -0.0020539609528765 0.0010222677977728 -0.0012213931592473 0.00044124131528199 -0.0010093860640529 0.00012896527564085
0.00040555394665668 -0.0014194285120735 0.0032445403529165 0.021853828764292 0.0042538698298885 -0.0027130846533146 0.0011469713622857 -0.001613334103757 0.00037556019486127 -0.0013680029720315
-0.00034116001385409 0.0008355742251453 -0.0020539609528765 0.0042538698298885 0.028576508269763 0.0052259793057173 -0.003417247064066 0.0012220279556764 -0.0020468941951472 0.00025172106568389
0.00024320977932315 -0.0008513983239247 0.0010222677977728 -0.0027130846533146 0.0052259793057173 0.0352477625668 0.0061559776538414 -0.0041706189984128 0.0012459066198763 -0.0025314820935037
-0.00024558558169241 0.00043724405063583 -0.0012213931592473 0.0011469713622857 -0.003417247064066 0.0061559776538414 0.041867437235716 0.0070378299837017 -0.0049783004619428 0.0012130916935931
0.00015997372509995 -0.0006747819636901 0.00044124131528199 -0.001613334103757 0.0012220279556764 -0.0041706189984128 0.0070378299837017 0.048431713670568 0.0078644292094081 -0.0058476702663708
-0.00019772583368153 0.00022298365992086 -0.0010093860640529 0.00037556019486127 -0.0020468941951472 0.0012459066198763 -0.0049783004619428 0.0078644292094081 0.054933717837892 0.0086265780988123
0.00010820479432711 -0.00060766028583575 0.00012896527564085 -0.0013680029720315 0.00025172106568389 -0.0025314820935037 0.0012130916935931 -0.0058476702663708 0.0086265780988123 0.061363256777404
