-0.0050433723261937 -0.0015628868291256 0.0011911345295227 -0.0010420918682669 0.00095622338429621 -0.00090586938160734 0.00087658090465252 -0.00085911492956974 0.00084894581377532 -0.00084379511887247
-0.0015628868291256 -0.0054150984488236 -0.00055525102233907 0.00060594183424598 -0.00062964841056297 0.00062926555633935 -0.00062810084179536 0.00063230613665195 -0.0006379232135624 0.00064451766781503
0.0011911345295227 -0.00055525102233906 -0.0048806186327729 -0.00024305528674669 0.00046579297817579 -0.00056585088927903 0.00060562907666858 -0.00062547991074366 0.00064597427615727 -0.00066344316571354
-0.0010420918682669 0.00060594183424598 -0.00024305528674669 -0.0041748026846085 -7.2900937021175e-05 0.00039357612906525 -0.00053856206411728 0.00060775456328983 -0.00064271248238682 0.00067515859586758
0.00095622338429622 -0.00062964841056297 0.00046579297817579 -7.2900937021175e-05 -0.0034741543779253 6.0233706974087e-06 0.0003633967984171 -0.00053249988512956 0.00062301963852468 -0.00066849157820197
-0.00090586938160734 0.00062926555633935 -0.00056585088927903 0.00039357612906525 6.0233706974087e-06 -0.0028496217126812 1.8708012376578e-05 0.00036569626935019 -0.00054242844773142 0.00064861628556414
0.00087658090465252 -0.00062810084179536 0.00060562907666858 -0.00053856206411728 0.0003633967984171 1.8708012376578e-05 -0.0023205047490116 -1.5099961556432e-05 0.00039385850190138 -0.00056556097671649
-0.00085911492956974 0.00063230613665195 -0.00062547991074366 0.00060775456328983 -0.00053249988512956 0.00036569626935019 -1.5099961556432e-05 -0.001884079309375 -8.1176344153317e-05 0.00044033291967774
0.00084894581377532 -0.0006379232135624 0.00064597427615727 -0.00064271248238682 0.00062301963852468 -0.00054242844773142 0.00039385850190138 -8.1176344153317e-05 -0.0015319917100408 -0.00017637401993699
-0.00084379511887247 0.00064451766781503 -0.00066344316571354 0.00067515859586758 -0.00066849157820197 0.00064861628556414 -0.00056556097671649 0.00044033291967774 -0.00017637401993699 -0.0012679040234277
