0.0022977974844323 -0.00045203298755015 0.00095784489747137 -0.0013064011999238 0.0013820135580085 -0.0016460418231584 0.0015971883942639 -0.0018688129643763 0.0017307427439796 -0.0020479425980742
-0.00045203298755015 0.0066470346340724 -0.0014775772232831 0.0016509517825823 -0.0022141818152699 0.0020856232468334 -0.0026751226612221 0.0023647474666238 -0.0030405631086958 0.0025448552274023
0.00095784489747137 -0.0014775772232831 0.0080518931265274 -0.0027384839521503 0.0025770945114733 -0.0031954223680742 0.0029038816715106 -0.0036283925347897 0.0031629016233817 -0.0040146107159377
-0.0013064011999238 0.0016509517825823 -0.0027384839521503 0.0084424921867996 -0.0037239693486679 0.0034161560583949 -0.0039205917860981 0.0036649876403168 -0.0042822293859227 0.0039263487277367
0.0013820135580085 -0.0022141818152699 0.0025770945114733 -0.0037239693486679 0.0083952412684015 -0.0045276793647726 0.004047992708069 -0.0045626382797907 0.0042105041171534 -0.0048890032299642
-0.0016460418231584 0.0020856232468334 -0.0031954223680742 0.0034161560583949 -0.0045276793647726 0.0083681828044651 -0.0051684426446121 0.0047645275286595 -0.0050830453728064 0.0049012686047199
0.0015971883942639 -0.0026751226612221 0.0029038816715106 -0.0039205917860981 0.004047992708069 -0.0051684426446121 0.0082059264694874 -0.0057082419627171 0.0052270266157294 -0.0055929230675796
-0.0018688129643763 0.0023647474666238 -0.0036283925347897 0.0036649876403168 -0.0045626382797907 0.0047645275286595 -0.0057082419627171 0.0083040343652375 -0.006147267409143 0.0058804020372952
0.0017307427439796 -0.0030405631086958 0.0031629016233817 -0.0042822293859227 0.0042105041171534 -0.0050830453728064 0.0052270266157294 -0.006147267409143 0.0082364129110519 -0.0065432896568201
-0.0020479425980742 0.0025448552274023 -0.0040146107159377 0.0039263487277367 -0.0048890032299642 0.0049012686047199 -0.0055929230675796 0.0058804020372952 -0.0065432896568201 0.0085259245524946
