-0.002243306800215 -0.0010855555513947 0.0006761189197383 -0.0004808973696446 0.00038272704581698 -0.00031994934402655 0.00025270248173718 -0.00019461897283335 0.0001699431213445 -0.00016706632659361
-0.0010855555513947 -0.0052080305444901 -0.00087918097507428 0.00061170597984679 -0.00045264199389026 0.00037261064843352 -0.00033545224429518 0.00029710537642426 -0.00024816103911241 0.00019950707562054
0.00067611891973829 -0.00087918097507428 -0.0061727800966028 -0.00026553945257108 0.00039813066927916 -0.00037519295266683 0.00039453221834469 -0.00037039821481383 0.00028985684292562 -0.00023212924230535
-0.0004808973696446 0.00061170597984679 -0.00026553945257108 -0.0055274511118095 0.00048356306254986 6.2119557784712e-05 -0.00017702140454909 0.00025530092427245 -0.00027379621833794 0.00023115106467675
0.00038272704581698 -0.00045264199389026 0.00039813066927916 0.00048356306254986 -0.0041529921071976 0.00096231055307316 -0.0004033360904923 0.00011253886819731 6.5074101013772e-05 -0.00016949396005752
-0.00031994934402654 0.00037261064843352 -0.00037519295266683 6.2119557784712e-05 0.00096231055307316 -0.0031406387998329 0.00095710160297983 -0.00067676782071974 0.00030687213357493 -0.00012354725192221
0.00025270248173718 -0.00033545224429518 0.00039453221834469 -0.00017702140454909 -0.0004033360904923 0.00095710160297983 -0.0027033505820477 0.00059974050554845 -0.00066113678865026 0.00037102375451522
-0.00019461897283335 0.00029710537642426 -0.00037039821481383 0.00025530092427245 0.00011253886819731 -0.00067676782071974 0.00059974050554845 -0.0026055290182706 0.00030257453870593 -0.00044384821673355
0.00016994312134449 -0.00024816103911241 0.00028985684292562 -0.00027379621833794 6.5074101013772e-05 0.00030687213357493 -0.00066113678865026 0.00030257453870593 -0.0024493579292886 0.00026837067394847
-0.00016706632659361 0.00019950707562054 -0.00023212924230535 0.00023115106467675 -0.00016949396005752 -0.00012354725192221 0.00037102375451522 -0.00044384821673355 0.00026837067394847 -0.0020522077209772
