0.0053752008761355 0.0013075539568619 -0.00086590003722812 0.00067498517555482 -0.00055950903587149 0.00048096857815791 -0.00042378017081823 0.00037965699033365 -0.00034404266370395 0.00031458114643021
0.0013075539568619 0.0053939639785227 0.00029080012265311 -0.00027798561891869 0.00025771370114514 -0.00023489097993486 0.0002145784089229 -0.00019742636652817 0.00018288265937999 -0.00016988121480562
-0.00086590003722812 0.00029080012265311 0.0047888971412479 -6.5390189652106e-05 -7.7181758089236e-05 0.00012246667832251 -0.00013417528018463 0.00013491528838677 -0.00013178579559978 0.00012721082019449
0.00067498517555482 -0.00027798561891869 -6.5390189652106e-05 0.004114138884338 -0.00027977442779278 6.0097877824897e-05 2.3720338215346e-05 -5.851428487379e-05 7.3862518693547e-05 -8.090534241702e-05
-0.00055950903587149 0.00025771370114514 -7.7181758089236e-05 -0.00027977442779278 0.0034905672155349 -0.00040810275981523 0.0001570379667294 -5.2508348550918e-05 2.4534349760696e-06 2.3050263947104e-05
0.00048096857815791 -0.00023489097993486 0.00012246667832251 6.0097877824897e-05 -0.00040810275981523 0.0029570729130241 -0.00047852700990719 0.00022359352805604 -0.00011088037129327 5.1452413187721e-05
-0.00042378017081823 0.0002145784089229 -0.00013417528018463 2.3720338215346e-05 0.0001570379667294 -0.00047852700990719 0.002517306303103 -0.00051082645590322 0.0002669956791781 -0.00015479824460109
0.00037965699033365 -0.00019742636652817 0.00013491528838677 -5.851428487379e-05 -5.2508348550918e-05 0.00022359352805604 -0.00051082645590322 0.0021606660166623 -0.00051945775754267 0.00029321917061971
-0.00034404266370395 0.00018288265937999 -0.00013178579559978 7.3862518693547e-05 2.4534349760696e-06 -0.00011088037129327 0.0002669956791781 -0.00051945775754267 0.0018724462787942 -0.00051447929605944
0.00031458114643021 -0.00016988121480562 0.00012721082019449 -8.090534241702e-05 2.3050263947104e-05 5.1452413187721e-05 -0.00015479824460109 0.00029321917061971 -0.00051447929605944 0.0016385867188181
