0.0034213873529722 0.0014014586591079 -0.00086579008425777 0.00063364510935808 -0.00050345976225487 0.00042538188652522 -0.00033294556532005 0.00027191472068409 -0.0002403812025233 0.00023545577975747
0.0014014586591079 0.0058841012326602 0.00073463540406088 -0.00055593522809216 0.00047117598028646 -0.0003810220239878 0.00038255244059774 -0.00030838054887177 0.00027522067280295 -0.00019442943913006
-0.00086579008425777 0.00073463540406088 0.0060557136211276 -4.1130867274037e-05 -0.00024651445103009 0.00035465921497507 -0.00032592466123415 0.00035747451692786 -0.00024351524799198 0.0002610297155066
0.00063364510935808 -0.00055593522809216 -4.1130867274037e-05 0.0049034581735814 -0.00071299212680477 0.00017520468845461 7.8521008503057e-05 -0.00015341489943488 0.00024353216336356 -0.00020963782345619
-0.00050345976225487 0.00047117598028646 -0.00024651445103009 -0.00071299212680477 0.0035849787091663 -0.0010031765491833 0.00054494254641384 -0.0002139796411148 6.2321489357579e-06 8.2147598135234e-05
0.00042538188652522 -0.0003810220239878 0.00035465921497507 0.00017520468845461 -0.0010031765491833 0.0028129133126804 -0.00081534340830016 0.00064889184958268 -0.00039006221497171 0.00015917872091543
-0.00033294556532005 0.00038255244059774 -0.00032592466123415 7.8521008503057e-05 0.00054494254641385 -0.00081534340830016 0.0025897937186665 -0.00043770671604757 0.00051996906961712 -0.00040172745752851
0.00027191472068409 -0.00030838054887177 0.00035747451692786 -0.00015341489943488 -0.0002139796411148 0.00064889184958268 -0.00043770671604757 0.0025464895581416 -0.00026911228051814 0.00026395394032676
-0.0002403812025233 0.00027522067280295 -0.00024351524799198 0.00024353216336356 6.2321489357581e-06 -0.00039006221497171 0.00051996906961712 -0.00026911228051814 0.0022387275849245 -0.000451669744748
0.00023545577975747 -0.00019442943913006 0.0002610297155066 -0.00020963782345619 8.2147598135234e-05 0.00015917872091543 -0.00040172745752851 0.00026395394032676 -0.000451669744748 0.0018344015955515
