-0.0028089518863619 -0.0027445123713767 0.002766184467016 -0.0028021876652712 0.0027715150474703 -0.0029195733237512 0.0027772942155208 -0.0033795711633134 0.0021831237569729 -0.0024436204144872
-0.0027445123713767 -0.004719044574765 -0.0021832873876155 0.0025729324366807 -0.002902870394684 0.0025604458042552 -0.0035099040203018 0.0013760578155848 -0.0043284667983738 0.0089110975875102
0.002766184467016 -0.0021832873876155 -0.0048276761440397 -0.0023347807197701 0.0027521983729444 -0.0037319655515498 0.0018547205770927 -0.0048484124275867 0.0071211901689654 0.0062642936874111
-0.0028021876652712 0.0025729324366807 -0.0023347807197701 -0.0046655226592266 -0.0028794982156055 0.0021697523363435 -0.0049934524555969 0.006195336947801 0.0037668658930784 0.005687831955696
0.0027715150474703 -0.002902870394684 0.0027521983729444 -0.0028794982156055 -0.0052963669731697 -0.0041424322420467 0.0058697116959493 0.0024248854791927 0.0055034542157825 -0.0061941963231239
-0.0029195733237512 0.0025604458042552 -0.0037319655515498 0.0021697523363435 -0.0041424322420467 -0.0024359061424614 0.0021848321591532 0.0054986439553747 -0.0059065325192709 0.0084668350615455
0.0027772942155208 -0.0035099040203018 0.0018547205770927 -0.0049934524555969 0.0058697116959493 0.0021848321591532 -0.0040802195685241 -0.0061739527278556 0.0090182283460608 -0.0033171098672555
-0.0033795711633134 0.0013760578155848 -0.0048484124275867 0.006195336947801 0.0024248854791927 0.0054986439553747 -0.0061739527278556 -0.0034766355998888 -0.0053966277777258 0.0064378466202057
0.0021831237569729 -0.0043284667983738 0.0071211901689654 0.0037668658930784 0.0055034542157825 -0.0059065325192709 0.0090182283460608 -0.0053966277777258 -0.010630751024796 -0.0054216163099181
-0.0024436204144872 0.0089110975875102 0.0062642936874111 0.005687831955696 -0.0061941963231239 0.0084668350615455 -0.0033171098672555 0.0064378466202056 -0.0054216163099181 -0.020209143035791
