0.014111225788804 0.0027588220725714 -0.0024251913108131 0.0019752209297687 -0.0016474455336835 0.0014164315668063 -0.0012428474024413 0.0011087531239844 -0.0010010521813762 0.00091168608362243
0.0027588220725714 0.013442645666539 -0.00018061953518663 -0.00089874331063222 0.0009074507195302 -0.00081092952173147 0.00073515795036905 -0.00066465931090575 0.00060527975187005 -0.0005545121448231
-0.0024251913108131 -0.00018061953518663 0.012262308363853 -0.001250055325518 -0.00037728750749827 0.00057545827617613 -0.00056768353828258 0.00054851010476912 -0.00051302445539331 0.00048073835338649
0.0019752209297687 -0.00089874331063222 -0.001250055325518 0.0110016334505 -0.0018856520581859 -2.2508301791393e-07 0.00030916727503886 -0.00037113589981198 0.00039879708106734 -0.00039006637295746
-0.0016474455336835 0.0009074507195302 -0.00037728750749827 -0.0018856520581859 0.009804485548763 -0.0022682926006743 0.00028952715271324 8.5142687952356e-05 -0.00020008210811773 0.00026632069952798
0.0014164315668063 -0.00081092952173147 0.00057545827617613 -2.2508301791229e-07 -0.0022682926006743 0.0087370627291955 -0.0024770380305482 0.00051109428374622 -0.00010105048264894 -5.2526225036783e-05
-0.0012428474024413 0.00073515795036904 -0.00056768353828258 0.00030916727503886 0.00028952715271324 -0.0024770380305482 0.007812704046784 -0.0025678524201635 0.00067738905114696 -0.00025233158896969
0.0011087531239844 -0.00066465931090575 0.00054851010476912 -0.00037113589981198 8.5142687952355e-05 0.00051109428374622 -0.0025678524201635 0.0070204309787615 -0.0025807105776211 0.00079987997183977
-0.0010010521813762 0.00060527975187006 -0.00051302445539331 0.00039879708106733 -0.00020008210811773 -0.00010105048264894 0.00067738905114696 -0.0025807105776211 0.0063412756301165 -0.0025482950962388
0.00091168608362243 -0.0005545121448231 0.00048073835338649 -0.00039006637295746 0.00026632069952798 -5.2526225036781e-05 -0.00025233158896969 0.00079987997183977 -0.0025482950962388 0.0057583578448485
