-0.010974950405005 -0.0020543119991165 0.0023402988604631 -0.0019391222504356 0.0017046275871112 -0.0015232896998422 0.0013985935942777 -0.0013038454636717 0.0012332098352087 -0.0011774802256142
-0.0020543119991165 -0.010913573199601 0.00045312420012233 0.0012436435940397 -0.0011047370981396 0.0010820717541427 -0.0010033926092867 0.00096260895693969 -0.00091920445689367 0.00088909854502673
0.0023402988604631 0.00045312420012233 -0.010433479899018 0.0013948511520664 0.00087577860991077 -0.00086650139543363 0.00095334211404742 -0.00091441460571316 0.0009113325672239 -0.00088961913713615
-0.0019391222504356 0.0012436435940397 0.0013948511520664 -0.0096608947675894 0.0019095668489647 0.00058298179426751 -0.00068152845197756 0.00084573164918453 -0.00084638921984898 0.00087461714497677
0.0017046275871112 -0.0011047370981396 0.00087577860991077 0.0019095668489647 -0.0087747588075782 0.0021709022167386 0.00034323165147415 -0.00053224136937366 0.00075050112008011 -0.00078793253175181
-0.0015232896998422 0.0010820717541427 -0.00086650139543363 0.00058298179426752 0.0021709022167386 -0.0078942590838777 0.0022664288003475 0.00016022487154085 -0.0004161711157694 0.00067119658344202
0.0013985935942777 -0.0010033926092867 0.00095334211404742 -0.00068152845197756 0.00034323165147415 0.0022664288003475 -0.0070689833632075 0.0022538260561091 3.1518983846211e-05 -0.00033144122434301
-0.0013038454636717 0.00096260895693969 -0.00091441460571316 0.00084573164918453 -0.00053224136937366 0.00016022487154085 0.0022538260561091 -0.0063166720494763 0.0021722626129837 -4.8988325111225e-05
0.0012332098352087 -0.00091920445689367 0.0009113325672239 -0.00084638921984898 0.00075050112008011 -0.0004161711157694 3.151898384621e-05 0.0021722626129837 -0.005637786432254 0.0020494191830787
-0.0011774802256142 0.00088909854502674 -0.00088961913713615 0.00087461714497677 -0.00078793253175181 0.00067119658344202 -0.00033144122434301 -4.8988325111225e-05 0.0020494191830787 -0.0050312002574307
