-0.0050437748150918 -0.0015600355210501 0.0011885911265107 -0.0010398393940491 0.00095389776991191 -0.00090349565885547 0.00087395475652175 -0.00085643162582833 0.00084646284380424 -0.0008416153125686
-0.0015600355210501 -0.0054122292725616 -0.00055218717099284 0.00060297566783665 -0.00062774832072392 0.00062681267272255 -0.00062636465897315 0.00063051500883581 -0.00063602432693282 0.00064222758965559
0.0011885911265107 -0.00055218717099284 -0.0048749887430626 -0.00023861955830968 0.00046099033235888 -0.00056451951475689 0.00060292454408627 -0.00062405068316876 0.00064355098764759 -0.00066070380684923
-0.0010398393940491 0.00060297566783665 -0.00023861955830968 -0.0041650888744806 -6.6977823943211e-05 0.00038670296602674 -0.00053825473377469 0.00060372037511498 -0.00064102591111632 0.00067211063671886
0.00095389776991192 -0.00062774832072393 0.00046099033235888 -6.697782394321e-05 -0.0034572964615975 1.442155180078e-05 0.00035252934309419 -0.00053308688421584 0.00061735351218852 -0.00066658375573153
-0.00090349565885547 0.00062681267272255 -0.00056451951475689 0.00038670296602674 1.442155180078e-05 -0.0028228357328344 3.1751825661389e-05 0.00034940797503904 -0.00054449279246922 0.00064123277096391
0.00087395475652175 -0.00062636465897315 0.00060292454408627 -0.00053825473377469 0.00035252934309419 3.1751825661389e-05 -0.0022786705798868 4.8215509264987e-06 0.00037050617297755 -0.00056963864384624
-0.00085643162582833 0.00063051500883581 -0.00062405068316877 0.00060372037511498 -0.00053308688421584 0.00034940797503904 4.8215509264987e-06 -0.0018199987311543 -5.1213528405016e-05 0.00041005947762848
0.00084646284380424 -0.00063602432693283 0.00064355098764759 -0.00064102591111631 0.00061735351218852 -0.00054449279246922 0.00037050617297755 -5.1213528405015e-05 -0.0014338597875148 -0.00012489017905205
-0.0008416153125686 0.0006422275896556 -0.00066070380684923 0.00067211063671886 -0.00066658375573153 0.00064123277096391 -0.00056963864384624 0.00041005947762848 -0.00012489017905205 -0.0011073920201821
