0.0055224705238171 0.0012899474708508 -0.00089461993965261 0.00070921426869918 -0.00058889769700195 0.00050611182967519 -0.00044557026433709 0.00039873382050528 -0.00036105011637285 0.00032975769532177
0.0012899474708508 0.005475698827231 0.00022936015998342 -0.00028360491279704 0.00028382906048228 -0.00025752898299124 0.00023373780094233 -0.00021440123766324 0.00019719597272154 -0.00018224767910812
-0.00089461993965261 0.00022936015998342 0.0048810836398207 -0.0001442419609486 -7.2725202089515e-05 0.0001490216026698 -0.00015828008558258 0.00015413132117397 -0.00014911739656703 0.00014211918550781
0.00070921426869918 -0.00028360491279704 -0.0001442419609486 0.004225683305509 -0.0003715595873782 7.1905660706942e-05 4.9057606499098e-05 -8.3341412497169e-05 9.3445419341604e-05 -9.8768743630846e-05
-0.00058889769700195 0.00028382906048228 -7.2725202089515e-05 -0.0003715595873782 0.0036205081913767 -0.00051178211247329 0.00017540313782763 -2.9060841033001e-05 -2.2412661097137e-05 4.2917067453318e-05
0.00050611182967519 -0.00025752898299124 0.0001490216026698 7.1905660706942e-05 -0.00051178211247329 0.0031029587112228 -0.00059194104272684 0.00024789908759853 -8.9935142647496e-05 2.7061089339025e-05
-0.00044557026433709 0.00023373780094233 -0.00015828008558258 4.9057606499097e-05 0.00017540313782763 -0.00059194104272684 0.0026758490963377 -0.00063174185888468 0.00029658438806557 -0.00013666000111341
0.00039873382050528 -0.00021440123766324 0.00015413132117397 -8.3341412497169e-05 -2.9060841033e-05 0.00024789908759853 -0.00063174185888469 0.0023282922771832 -0.00064546575896087 0.00032756628938728
-0.00036105011637285 0.00019719597272154 -0.00014911739656703 9.3445419341604e-05 -2.2412661097137e-05 -8.9935142647496e-05 0.00029658438806557 -0.00064546575896087 0.002045860860508 -0.00064422412927792
0.00032975769532177 -0.00018224767910812 0.00014211918550781 -9.8768743630846e-05 4.2917067453318e-05 2.7061089339025e-05 -0.00013666000111341 0.00032756628938728 -0.00064422412927792 0.0018155251646733
