-0.0023033954022719 -0.0027746417829746 0.0025980063976415 -0.0026206904762477 0.0026782680440688 -0.002750727291229 0.0028275468601008 -0.0029072315916422 0.0029813295840454 -0.0030569740691441
-0.0027746417829746 -0.003967584487126 -0.0023321015120189 0.0024456956818755 -0.0025778624278077 0.0026793337567748 -0.0027750370165645 0.0028592928831384 -0.0029513187194891 0.0030233557617342
0.0025980063976415 -0.0023321015120189 -0.0034970916142706 -0.0024488864841133 0.002741050560643 -0.0029547040325182 0.0030973028367039 -0.0032257105860974 0.0033273222964075 -0.0034432331094597
-0.0026206904762477 0.0024456956818755 -0.0024488864841133 -0.0025429875034724 -0.0026177851335464 0.0030318906367749 -0.003306151395638 0.0034753056496877 -0.0036282732158485 0.0037398057234599
0.0026782680440688 -0.0025778624278077 0.002741050560643 -0.0026177851335464 -0.0014670122304964 -0.0028476609592035 0.0033275491850442 -0.0036407238657725 0.0038266503902061 -0.0039982282183808
-0.002750727291229 0.0026793337567748 -0.0029547040325182 0.0030318906367749 -0.0028476609592035 -0.00042528232443015 -0.003123982331934 0.0036287454479716 -0.0039656128073546 0.0041599711056373
0.0028275468601008 -0.0027750370165645 0.0030973028367039 -0.003306151395638 0.0033275491850442 -0.003123982331934 0.00052176333704842 -0.0034345312305435 0.0039364656103587 -0.0042848756916657
-0.0029072315916422 0.0028592928831384 -0.0032257105860974 0.0034753056496877 -0.0036407238657725 0.0036287454479716 -0.0034345312305435 0.0013607177012147 -0.0037676434602989 0.0042486401535834
0.0029813295840454 -0.002951318719489 0.0033273222964075 -0.0036282732158485 0.0038266503902061 -0.0039656128073546 0.0039364656103587 -0.0037676434602989 0.0020998628940545 -0.0041134687897962
-0.0030569740691441 0.0030233557617342 -0.0034432331094597 0.0037398057234599 -0.0039982282183808 0.0041599711056373 -0.0042848756916657 0.0042486401535834 -0.0041134687897962 0.002752840048741
